1
Left

0.862621
-0.3028
0.080045
0.0
0.418613
1.0
1.0
0.166667
0.218828
0.0
0.0
0.968425
1.0
1.0
1.0
1.0
1.0
0.874505
0.998901
0.998901

0.851586
-0.171972
0.016593
0.010459
0.301203
1.0
1.0
0.128864
0.238809
0.0
0.0
0.992381
1.0
1.0
0.988718
1.0
1.0
0.91304
0.998901
0.998901

0.803356
0.100566
0.0
0.065798
0.413351
1.0
0.808718
0.224982
0.229134
0.0
0.0
1.0
1.0
1.0
0.862637
1.0
1.0
0.895751
0.998901
0.998901

0.741768
0.482891
0.0
0.0
0.163802
1.0
1.0
0.224982
0.225568
0.0
0.0
1.0
1.0
1.0
1.0
1.0
1.0
0.969377
1.0
1.0

0.913691
0.208246
0.0
0.131914
0.14053
1.0
0.672454
0.327399
0.032682
0.0
0.0
1.0
0.998022
1.0
0.961392
0.999487
1.0
0.68652
0.999487
1.0

0.641583
-0.049228
-0.045394
0.167036
0.072883
1.0
1.0
0.318169
0.492821
0.0
0.0
1.0
0.998022
0.907619
1.0
1.0
1.0
0.890476
1.0
0.998315

0.967931
0.030611
-0.173856
0.0
0.181709
1.0
0.622344
0.501758
0.190989
0.0
0.0
0.968425
0.998315
1.0
1.0
1.0
0.999194
0.584542
1.0
1.0

0.93628
-0.086996
0.0
0.0
0.0
1.0
1.0
1.0
0.392308
0.0
0.0
1.0
0.907619
1.0
1.0
0.999487
1.0
0.299707
1.0
1.0

0.878665
-0.171972
0.080045
0.0
0.09723
1.0
1.0
0.002564
0.452967
0.03011
0.038901
0.889597
0.998022
1.0
1.0
1.0
1.0
0.874505
1.0
0.998901

0.859478
-0.200429
0.0
0.0
0.192878
1.0
0.951722
1.0
0.185601
0.0
0.0
1.0
1.0
1.0
0.777949
1.0
1.0
0.955385
1.0
0.997729

0.647847
0.482891
0.0
0.0
0.321058
1.0
1.0
1.0
0.312601
0.03011
0.0
1.0
1.0
1.0
0.825568
1.0
0.999487
0.636996
0.997729
1.0

0.878665
0.758485
0.0
0.0
0.160007
1.0
0.616337
0.758608
0.278022
0.0
0.0
1.0
1.0
0.648425
1.0
0.999194
0.999194
0.678169
1.0
1.0

0.448027
0.040076
0.080045
0.0
0.244343
1.0
0.891062
0.732527
0.208431
0.0
0.0
1.0
1.0
1.0
1.0
1.0
1.0
0.456337
1.0
1.0

0.429384
0.278826
0.0
0.0
-0.019214
1.0
0.764908
0.621172
0.492821
0.0
0.0
1.0
1.0
1.0
1.0
1.0
1.0
0.895751
0.998901
1.0

0.818498
0.121225
0.0
0.0
0.062691
1.0
0.354066
0.327399
0.0159
0.0
0.0
1.0
1.0
0.998608
0.825568
1.0
1.0
0.316703
1.0
0.999194

0.756402
0.114575
0.0
0.0
0.160007
1.0
1.0
1.0
0.173032
0.0
0.0
1.0
1.0
1.0
1.0
1.0
1.0
0.291795
1.0
0.99978

1.0
0.382395
0.0
0.0
0.321058
1.0
1.0
0.441245
0.078169
0.0
0.004908
1.0
1.0
1.0
1.0
1.0
1.0
0.811062
1.0
1.0

0.678751
0.281611
0.0
0.0
0.072883
1.0
0.609451
0.166667
0.146836
0.0
0.0
1.0
1.0
0.998608
0.862637
1.0
0.998315
0.584542
1.0
1.0

