3
Left

0.31186
0.24174
-0.236671
0.0
0.180355
0.0
-0.071505
-0.080538
0.25663
0.0
0.0
0.473773
0.0
0.0
1.0
1.0
1.0
0.62967
0.998901
0.998901

0.682894
0.211113
-0.186033
0.119806
0.180929
0.0
0.033631
-0.073532
0.130623
0.0
0.0
0.185714
0.0
0.0
0.824249
1.0
1.0
0.530037
0.998901
0.998901

0.605109
0.215558
-0.241029
0.05798
0.120687
0.0
-0.139168
-0.117386
0.060293
0.0
0.0
0.119634
0.0
0.0
0.840073
1.0
1.0
0.511868
0.898388
0.898388

0.260679
-0.12124
-0.701772
0.0
0.124646
0.0
-0.049258
-0.128896
0.297363
0.0
0.0
0.0
0.0
0.0
1.0
0.708791
1.0
1.0
1.0
1.0

0.255626
0.246534
-0.656744
0.0
0.436129
0.0
-0.058418
-0.117386
0.016923
0.0
0.0
0.068205
0.0
0.0
1.0
0.950549
1.0
0.844762
1.0
1.0

0.996864
0.27883
-0.220462
-0.061078
0.0
0.0
0.0
-0.11353
0.124176
0.0
0.0
0.12359
0.0
0.0
0.904835
1.0
1.0
0.737216
0.703663
0.999194

0.371092
0.344082
-0.216244
0.0
0.0
0.0
0.094872
-0.128896
0.032454
0.0
0.0
0.341612
0.0
0.0
0.849744
1.0
1.0
0.965495
0.654286
0.898388

0.996864
-0.145756
-0.08879
0.0
0.0
0.0
0.0
-0.12005
0.018974
0.0
0.0
0.182784
0.0
0.0
1.0
1.0
1.0
0.988645
0.872601
0.634066

0.646176
-0.177617
-0.302441
0.0
0.145568
0.253339
-0.046364
-0.02596
0.055591
0.0
0.0
0.10718
0.0
0.0
1.0
1.0
0.708791
0.891355
0.999487
0.697656

-0.342663
0.030487
0.173277
0.115548
0.0
0.041782
-0.223706
0.086362
0.118168
0.0
0.0
0.185714
0.0
0.0
0.616777
1.0
1.0
0.899854
1.0
1.0

-0.207961
0.214891
0.130571
0.066403
0.0
0.015811
-0.0926
-0.005802
0.01956
0.0
0.0
0.103956
0.0
0.0
0.716703
1.0
1.0
0.575458
0.703663
1.0

0.390946
0.439392
-0.054673
0.0
0.018152
0.249264
-0.291082
-0.146245
0.018974
0.0
0.0
0.173407
0.0
0.0
0.958461
0.803883
1.0
0.648718
1.0
0.619707

0.313232
0.439392
-0.434987
-0.069159
0.461001
0.320473
-0.046364
-0.073532
0.089011
0.0
0.0
0.185714
0.0
0.0
1.0
0.738095
1.0
1.0
1.0
1.0

0.260679
-0.261444
-0.395784
0.040474
0.103867
0.0
0.181758
-0.018305
0.062051
0.008425
0.0
0.068205
0.0
0.0
0.850916
1.0
1.0
0.662784
0.694725
0.827179

0.123434
0.593315
-0.517496
0.023517
0.124343
0.0
0.0
0.0
0.013407
0.0
0.0
0.119634
0.0
0.0
1.0
1.0
1.0
0.697656
1.0
1.0

0.46594
0.030487
-0.656744
0.184115
0.173941
0.0
-0.118773
0.212409
0.186265
0.0
0.0
0.284469
0.0
0.0
1.0
1.0
1.0
0.93033
0.997729
1.0

0.260679
0.593315
-0.217508
0.0
0.120391
0.015811
-0.018461
-0.1875
0.022856
0.0
0.0
0.010769
0.0
0.0
0.994506
0.974579
0.827179
0.751868
0.999194
0.685348

-0.159807
0.231449
-0.701772
-0.031702
0.112189
0.0
-0.286602
-0.047705
0.022784
0.0
0.0
0.141026
0.0
0.0
1.0
1.0
1.0
1.0
0.999487
1.0

