7
Left

0.720989
0.421872
0.091773
-0.013076
0.013918
1.0
1.0
0.006667
-0.06449
0.0
0.0
0.057949
0.0
0.0
0.280952
1.0
1.0
0.006081
0.0
0.0

0.69382
0.470105
0.084145
0.0
-0.042696
1.0
1.0
0.0
-0.041588
0.003736
0.003736
0.033626
0.0
0.0
0.256777
1.0
1.0
0.013993
0.0
0.0

0.684021
0.643406
0.129076
0.023117
-0.115315
1.0
0.726081
0.002857
-0.086293
0.0
0.0
0.020733
0.0
0.0
0.183663
1.0
1.0
0.0
0.0
0.0

0.741942
0.513236
-0.063667
0.269565
-0.117084
1.0
1.0
0.006667
0.008425
0.0
0.0
0.00989
0.0
0.0
0.065275
1.0
1.0
0.001392
0.04652
0.0

0.740871
0.348727
0.879041
0.019875
-0.13153
1.0
1.0
0.158169
-0.125336
0.0
0.0
0.014872
0.0
0.0
0.908059
0.688571
1.0
0.0
0.0
0.0

0.817429
0.470105
0.089703
0.090481
0.103329
1.0
1.0
0.018681
-0.154168
0.0
0.0
0.133407
0.0
0.0
1.0
1.0
1.0
0.005495
0.013114
0.0

0.767765
0.37128
0.084145
-0.013076
-0.036408
1.0
0.799341
1.0
-0.104445
0.0
0.0
-0.11232
0.0
0.0
0.337216
1.0
1.0
0.0
0.013114
0.035092

0.303657
0.534979
0.089703
-0.045622
0.375138
1.0
1.0
0.0
-0.059598
0.0
0.0
0.05326
0.0
0.0
0.676264
0.765934
1.0
0.0
0.0
0.0

0.610058
0.369642
-0.028151
0.003763
-0.137328
1.0
1.0
0.021905
-0.01817
0.0
0.0
0.0
0.0
0.0
0.183663
1.0
1.0
0.002271
0.0
0.0

0.701075
0.715806
0.056195
0.0
-0.338549
1.0
0.298974
0.278608
-0.125336
0.0
0.0
0.025421
0.0
0.0
0.568864
1.0
1.0
0.0
0.0
0.0

0.632898
0.37128
0.211927
-0.045622
0.15646
1.0
0.764762
0.010769
0.0
0.0
0.0
0.166667
0.0
0.0
0.178388
1.0
1.0
0.011062
0.0
0.002857

1.0
0.481097
0.879041
0.116601
-0.023532
1.0
0.351575
0.082271
-0.049388
0.0
0.0
0.00696
0.0
0.0
0.139414
0.999487
1.0
0.013993
0.0
0.0

0.744789
0.275326
0.20629
0.227292
-0.178668
1.0
1.0
0.021026
0.0
0.0
0.0
0.014872
0.0
0.0
1.0
1.0
1.0
0.030403
0.0
0.04652

0.933967
0.267878
0.009436
-0.227344
-0.338549
1.0
1.0
1.0
-0.143848
0.0
0.0
-0.0199
0.0
0.0
1.0
1.0
0.187766
0.0
0.0
0.010183

0.767765
0.463215
0.091773
-0.241672
-0.11611
1.0
0.222637
0.0
-0.124521
0.0
0.0
0.052674
0.0
0.002271
0.568864
1.0
1.0
0.0
0.0
0.0

0.777425
0.265212
0.193555
0.039038
-0.132221
1.0
1.0
0.319634
-0.02612
0.0
0.0
0.430696
0.001978
0.0
0.311722
1.0
1.0
0.0
0.0
0.006374

0.958658
0.665567
-0.140615
-0.241672
0.104908
1.0
0.390696
0.0
-0.109704
0.0
0.0
0.043297
0.0
0.0
0.700586
0.676557
1.0
0.081392
0.0
0.0

0.725351
0.681143
0.091773
0.074649
-0.11611
1.0
0.899267
0.0
-0.075839
0.0
0.0
-0.042562
0.0
0.0
0.523883
0.899853
1.0
0.006081
0.0
0.108938

