a
Left

0.417735
-0.001151
0.0
0.0
-0.001167
0.0
-0.093202
-0.064076
0.999487
1.0
1.0
1.0
1.0
1.0
1.0
1.0
1.0
0.997143
0.998901
0.998901

0.471538
-0.001091
0.0
0.0
-0.00077
0.010124
0.0
0.0
0.999487
1.0
1.0
1.0
1.0
1.0
1.0
1.0
1.0
0.997143
0.998901
0.998901

0.663291
-0.000936
0.0
0.0
0.00146
0.060642
0.047106
0.0
0.999487
1.0
1.0
1.0
1.0
1.0
1.0
1.0
1.0
0.997143
0.998901
0.998901

-1.031081
-0.00012
0.0
0.0
0.0
0.0
-0.099836
-0.153716
1.0
1.0
1.0
1.0
1.0
1.0
1.0
1.0
1.0
1.0
0.998901
0.999487

0.491351
0.0
0.0
0.0
0.00388
0.0
-0.112491
0.461866
1.0
1.0
1.0
1.0
1.0
1.0
1.0
1.0
1.0
0.991355
0.999194
1.0

-0.054913
0.0
0.0
0.0
0.0
0.039844
0.0
-0.05095
1.0
1.0
1.0
0.65663
0.99978
1.0
1.0
1.0
1.0
0.872601
0.997729
0.998901

0.616379
0.0
0.0
0.0
0.000244
0.304096
0.0
-0.144086
1.0
1.0
1.0
1.0
0.998315
1.0
1.0
1.0
1.0
0.872601
0.629084
0.629084

0.592547
0.0
0.0
0.0
0.0
0.060642
0.009304
0.143122
1.0
1.0
1.0
1.0
1.0
0.998608
1.0
1.0
1.0
0.991355
0.999487
1.0

0.055807
0.0
0.0
0.0
0.0
0.0
-0.038486
0.279623
1.0
1.0
1.0
1.0
1.0
1.0
1.0
1.0
1.0
1.0
0.998901
0.821612

0.167877
0.0
0.0
0.0
0.0
0.0
-0.142246
-0.051273
1.0
1.0
1.0
0.99978
0.998022
1.0
1.0
1.0
1.0
1.0
1.0
1.0

-0.117054
0.0
0.0
0.0
0.0
0.0
-0.06161
-0.031781
1.0
1.0
1.0
1.0
1.0
1.0
1.0
1.0
1.0
0.998022
1.0
1.0

0.51564
0.0
0.0
0.0
0.0
0.0
-0.156116
-0.068637
1.0
1.0
1.0
1.0
1.0
1.0
1.0
0.754799
1.0
0.99978
1.0
1.0

0.71356
0.0
0.0
0.0
0.020156
0.0
-0.06161
0.426194
1.0
1.0
1.0
1.0
1.0
1.0
1.0
1.0
1.0
1.0
0.821612
0.99978

0.005782
0.0
0.0
0.0
0.0
0.0
0.0
0.0
1.0
1.0
1.0
1.0
1.0
0.998608
1.0
1.0
1.0
0.997143
0.997729
1.0

0.663291
0.0
0.0
0.0
0.0
0.0
-0.112491
0.461866
1.0
0.99978
1.0
1.0
0.998022
1.0
1.0
1.0
1.0
1.0
1.0
1.0

0.417735
0.0
0.0
0.0
-0.001167
0.0
-0.35536
0.056777
1.0
1.0
1.0
1.0
1.0
0.998022
1.0
0.80315
1.0
1.0
1.0
1.0

-0.972909
0.0
0.0
0.0
0.075349
0.0
-0.260211
0.174513
1.0
1.0
1.0
1.0
0.998608
1.0
1.0
1.0
1.0
0.99978
1.0
0.999194

-0.124112
0.0
-0.000307
0.0
0.0
0.0
-0.118291
0.164322
1.0
1.0
1.0
1.0
1.0
1.0
1.0
1.0
1.0
0.872601
0.999487
1.0

