baby_o
Left

0.672642
-0.282028
0.0
0.026291
0.004695
1.0
0.530916
0.006374
0.683297
1.0
1.0
1.0
1.0
1.0
0.971062
1.0
1.0
0.997143
0.998901
0.998901

0.650151
-0.377333
0.0
0.0
0.004898
1.0
0.61707
0.0
0.520366
1.0
1.0
1.0
1.0
1.0
1.0
1.0
1.0
0.997143
0.998901
0.998901

0.656556
-0.356066
0.0
0.0
0.004481
1.0
0.435385
0.0
0.648425
1.0
1.0
1.0
1.0
1.0
1.0
1.0
1.0
0.997143
0.998901
0.998901

0.618026
-0.066436
0.0
0.0
0.013272
0.997985
0.087839
0.0
0.888425
1.0
0.350696
1.0
1.0
1.0
1.0
0.736337
1.0
1.0
0.999487
1.0

0.260812
0.0
0.0
0.0
0.152426
0.909104
0.272308
0.1863
0.626154
1.0
1.0
1.0
1.0
1.0
1.0
0.731795
1.0
0.675238
1.0
0.734872

0.679015
-0.052024
0.0
0.0
0.0
1.0
0.130769
0.006374
0.876264
1.0
0.429963
1.0
1.0
1.0
1.0
1.0
0.999487
1.0
1.0
1.0

0.824303
-0.174971
0.0
0.0
0.048603
1.0
0.453553
0.0
0.490769
0.712601
1.0
1.0
0.99978
1.0
0.98022
0.736337
1.0
0.998022
1.0
0.999194

0.984561
-0.201256
0.0
0.0
0.162157
1.0
0.14967
0.0
0.495165
0.843443
1.0
1.0
0.998022
1.0
1.0
1.0
0.964689
1.0
1.0
1.0

0.634433
-0.030924
0.0
0.0
0.0
1.0
0.215458
0.462637
1.0
0.667473
0.906154
1.0
1.0
1.0
1.0
1.0
1.0
0.961099
1.0
1.0

0.672642
-0.174971
0.0
0.0
0.004695
1.0
0.453553
0.114652
0.7463
0.913773
1.0
1.0
1.0
1.0
1.0
0.999487
1.0
1.0
1.0
0.998901

0.586508
0.0
0.0
0.0
0.048603
1.0
0.124176
0.030989
1.0
1.0
0.541612
1.0
1.0
1.0
1.0
1.0
1.0
1.0
0.997729
0.386007

0.678816
0.0
0.0
0.0
0.0
1.0
0.352747
0.0
0.817363
0.212674
0.338095
1.0
0.998022
0.999194
1.0
1.0
0.999487
0.997143
1.0
0.826593

0.82752
-0.12751
0.0
0.0
0.152426
1.0
0.14967
0.0
0.70674
0.212674
0.503077
1.0
1.0
1.0
1.0
1.0
1.0
0.99978
1.0
0.970476

0.786484
-0.08845
0.0
0.0
0.0
1.0
0.65663
0.0
1.0
1.0
0.508791
1.0
1.0
0.998608
1.0
1.0
1.0
1.0
1.0
0.999194

0.863849
-0.25155
-0.00025
0.0
0.002914
0.946697
0.0
0.0
1.0
1.0
0.99978
1.0
1.0
0.990183
1.0
0.724029
1.0
0.718462
1.0
1.0

0.724741
0.0
0.0
0.0
0.162157
0.941189
0.164615
0.0
0.746593
1.0
0.695311
1.0
0.998315
1.0
1.0
1.0
0.731795
1.0
1.0
0.997729

0.750611
-0.174971
0.0
0.0
0.0
1.0
0.124176
0.0
1.0
0.738242
0.302051
1.0
0.999194
1.0
1.0
1.0
1.0
1.0
1.0
0.902198

0.786484
-0.237467
-0.00025
0.0
0.003083
0.918128
0.140586
0.462637
0.391136
0.503077
1.0
1.0
0.998608
0.713773
1.0
0.999487
1.0
1.0
0.734872
1.0

