c
Left

0.839965
-0.839699
-1.379413
-0.525129
-0.373001
0.730558
0.296484
0.103663
0.03304
1.0
1.0
0.089011
0.649597
0.649597
0.038901
0.692967
0.692967
0.05326
0.070549
0.070549

0.891503
0.04737
-1.534598
-0.516746
-0.565244
0.759066
0.322564
0.0937
0.018095
1.0
1.0
0.019853
0.682418
0.682418
0.0
1.0
1.0
0.044469
0.057656
0.057656

0.882183
-0.181768
-1.499748
-0.568928
-0.642898
0.908655
0.312747
0.159341
0.08022
0.906447
0.906447
0.059707
0.548645
0.548645
0.017509
0.40989
0.40989
0.028059
0.001978
0.001978

0.808363
-0.839699
0.145942
-0.280997
-0.121423
0.694713
0.200073
0.0
-0.018126
0.407546
0.445348
0.222344
0.396117
0.56022
0.028938
0.0
0.470256
0.083736
0.383223
0.121245

0.722202
-0.327999
0.578267
-0.050957
0.094462
0.730558
1.0
0.0
0.0
0.577949
0.436264
0.052674
0.537802
0.177802
0.043297
0.347766
0.041538
0.064982
0.0
0.201245

0.494977
-0.164979
-0.54765
-0.624873
0.185642
0.761879
0.005201
0.284322
0.0
0.959341
0.530916
0.036557
0.407253
0.548645
0.123004
0.41707
0.121832
0.055897
0.281245
0.070549

0.856516
-0.208135
0.578267
-0.43986
-0.373001
0.937385
0.0
0.399341
0.037436
0.407546
0.485495
0.061465
0.532088
0.177802
0.029524
0.127985
0.371355
0.263223
0.387912
0.536337

0.980304
-0.192572
-1.499748
-0.494006
-0.447713
1.0
0.002564
0.068791
0.169646
0.586007
1.0
0.113053
0.537802
0.261319
0.0
0.500147
0.692967
0.044469
0.997729
0.997729

0.981777
0.56003
-1.379413
-0.671105
0.825303
0.736646
0.411648
0.183516
0.0
1.0
0.5463
0.392454
0.027473
0.998901
0.0
0.347766
0.256923
0.0
0.065275
0.383223

0.905069
-0.115784
0.080875
0.271226
-0.460289
0.738254
0.149817
0.0
0.025128
0.436264
0.981026
0.307912
0.342491
0.094286
0.195971
0.347766
0.277729
0.022198
0.065275
0.0

0.821275
0.500638
-1.499748
-0.305866
-0.176901
0.730558
0.408718
0.030403
0.381172
0.948205
0.906447
0.452381
0.427473
0.027473
0.0
0.242857
0.426447
0.032658
0.0
0.375311

0.755943
-0.17528
-0.252827
0.611937
-0.121423
0.938923
0.0
0.321978
0.127399
1.0
0.99978
0.054432
0.492821
0.411209
0.110403
0.0
0.628205
0.061758
0.394066
0.368865

0.722202
-0.641118
-0.422978
0.611937
0.05208
0.760925
0.296484
0.0
0.176044
0.536923
0.418095
0.270989
0.402271
0.26381
0.024249
0.371062
0.693553
0.123297
0.017802
0.365055

0.88709
-0.652047
-0.84346
-0.738577
-0.195552
0.738851
0.0
0.073773
0.047985
0.436264
1.0
0.222344
0.177802
0.49663
-0.047548
0.347766
0.313773
0.061758
0.997729
0.375311

0.733348
0.105453
-0.476034
0.192994
0.342424
0.910436
0.057949
0.612674
0.042418
0.906447
1.0
0.198608
0.682418
0.62293
0.0
1.0
0.121832
0.072015
0.001978
0.707033

0.769784
-0.652047
-0.381147
-0.531116
0.137104
1.0
0.445641
0.0
0.03304
0.351868
0.656923
0.0
0.690037
0.266447
0.0
0.550256
0.722857
0.019853
0.066447
0.017802

0.809758
-0.514303
-0.955124
-0.107728
-0.344171
1.0
0.364762
0.229963
0.049744
0.27978
0.522857
0.452381
0.492821
0.402271
0.0
0.228498
0.500147
0.032658
0.026886
0.065275

0.920109
-0.623722
-0.668857
-0.43986
0.825303
0.760925
0.200073
0.0
0.148205
1.0
0.436264
0.059707
0.549817
0.427473
0.226447
0.053846
0.228498
0.0
0.013114
0.477875

