closed_b
Left

0.289458
0.302909
0.16556
0.392363
0.620138
1.0
1.0
0.043883
-0.011014
0.0
0.0
0.011355
0.0
0.0
0.104835
0.0
0.0
0.034212
0.0
0.0

0.254311
0.407145
0.243513
0.456222
0.592568
1.0
1.0
0.016044
0.0
0.0
0.0
0.009011
0.0
0.0
0.062051
0.0
0.0
0.053846
0.0
0.0

0.28244
0.409845
0.276618
0.49716
0.594166
1.0
1.0
0.014286
0.0
0.0
0.0
0.004615
0.0
0.0
0.021612
0.0
0.0
0.015751
0.0
0.0

0.28244
-0.017184
-0.266615
0.121655
0.299419
1.0
1.0
0.053846
0.027766
0.0
0.0
0.0
0.0
0.0
0.017509
0.0
0.0
0.017802
0.004322
0.0

0.362363
-0.087119
0.10215
0.115339
0.544098
1.0
1.0
0.003736
0.042272
0.0
0.0
0.009011
0.0
0.0
0.072308
0.0
0.0
0.0
0.0
0.0

0.323934
-0.04186
0.055436
0.147474
0.176794
1.0
1.0
0.011941
0.0
0.0
0.0
0.080513
0.0
0.0
0.024249
0.0
0.0
0.0
0.0
0.0

0.010804
-0.275765
0.084066
0.49716
0.463442
1.0
1.0
0.117143
0.081392
0.0
0.0
0.003443
0.0
0.0
0.062051
0.0
0.0
0.006667
0.0
0.0

0.507138
0.042452
0.084548
0.036691
0.242038
1.0
1.0
0.000513
-0.094372
0.0
0.0
0.011355
0.0
0.0
0.012821
0.0
0.0
0.017216
0.0
0.0

0.323934
-0.229099
-0.002347
0.202975
0.187747
1.0
1.0
0.03304
0.0
0.0
0.0
0.0
0.0
0.0
0.052381
0.0
0.0
0.0
0.0
0.0

0.365823
-0.035937
0.17945
0.160213
0.592568
1.0
0.980147
0.014286
0.0
0.0
0.0
0.065861
0.0
0.0
0.0
0.0
0.0
0.0
0.0137
0.0

0.551728
-0.196283
-0.266615
0.265811
0.10695
1.0
1.0
0.17707
0.0
0.0
0.0
0.0
0.0
0.0
0.002857
0.0
0.0
0.00696
0.0
0.0

0.289007
-0.229099
0.217054
0.091544
0.465973
1.0
1.0
0.003736
0.0
0.0
0.0
0.0
0.0
0.0
0.0
0.0
0.0
0.0
0.0
0.010183

0.111642
0.042452
0.020135
0.49716
0.152788
1.0
1.0
0.011941
-0.022857
0.0
0.0
0.0
0.0
0.0
0.0
0.0
0.0
0.0
0.0
0.0

0.353479
-0.003281
0.17945
0.404883
0.285377
1.0
1.0
0.115678
0.003736
0.0
0.0
0.0
0.0
0.0
0.109554
0.0
0.0
0.015751
0.0
0.0

0.007602
-0.183311
-0.0037
0.186208
0.393694
1.0
1.0
0.096044
0.031575
0.0
0.0
0.0
0.0
0.0
0.00022
0.0
0.0
0.0
0.0
0.0

0.111642
-0.00197
0.003128
0.089714
0.281232
1.0
1.0
0.142344
0.009597
0.0
0.0
0.0
0.0
0.0
0.0
0.0
0.0
0.0
0.0
0.0

0.049554
-0.046626
-0.018238
0.305072
0.078692
1.0
1.0
0.161685
0.0
0.0
0.0
0.045348
0.0
0.0
0.017216
0.0
0.0
0.0
0.0
0.0

-0.039043
0.004196
-0.104914
0.240003
0.269572
1.0
1.0
0.096044
-0.011014
0.0
0.0
0.0
0.0
0.0
0.007546
0.0
0.0
0.0
0.0
0.0

