curved_h
Left

0.47419
-0.518619
-0.52388
0.0
0.333849
1.0
1.0
0.178681
0.226154
1.0
1.0
0.357143
0.547326
0.547326
1.0
1.0
1.0
0.796117
0.998901
0.998901

0.445809
-0.535366
-0.468772
0.0594
0.677525
1.0
1.0
0.124176
0.185421
1.0
1.0
0.211502
0.457656
0.457656
0.918315
1.0
1.0
0.624982
0.998901
0.998901

0.378472
-0.409452
-0.448833
0.094011
0.614076
1.0
1.0
0.148645
0.08696
0.99011
0.99011
0.133407
0.523883
0.523883
0.820147
1.0
1.0
0.628498
0.998901
0.998901

0.561296
-0.187448
0.085958
0.0
0.677525
1.0
0.261465
1.0
0.084322
0.99011
0.663077
0.529744
0.518022
0.412528
1.0
1.0
1.0
1.0
1.0
1.0

0.593629
-0.313626
-0.403407
0.111085
0.0
1.0
0.59978
0.636117
0.156996
1.0
0.600366
0.150989
0.551429
0.130623
0.534725
1.0
1.0
1.0
1.0
1.0

0.888664
-0.117039
-0.345157
0.0
0.553171
1.0
1.0
0.16022
0.112454
1.0
0.15348
0.0
0.523883
0.409011
1.0
1.0
1.0
1.0
1.0
1.0

0.969001
-0.366849
-0.325755
0.083368
0.245439
1.0
1.0
0.178681
0.12103
0.621172
0.480659
0.289011
0.412528
0.016044
1.0
1.0
1.0
1.0
1.0
1.0

0.561296
-0.198362
0.00936
0.094011
0.547714
1.0
1.0
0.704396
-0.046001
1.0
0.520073
0.244908
0.905714
0.412528
0.925201
1.0
1.0
0.520366
0.997729
0.999487

0.783852
0.01218
0.710553
0.097366
0.0
1.0
0.822637
0.0
0.081685
0.881978
0.166081
0.447399
0.409011
0.007839
0.918315
1.0
1.0
1.0
1.0
1.0

0.671379
-0.055144
-0.686331
0.0
0.493995
1.0
1.0
1.0
0.103077
0.469963
0.525055
0.0
0.135311
0.035092
0.823516
1.0
1.0
1.0
1.0
0.998901

0.888664
-0.313626
0.085958
0.0
0.641291
1.0
1.0
1.0
0.051795
0.89663
0.394945
0.0
0.298388
0.603004
1.0
1.0
1.0
1.0
0.85326
0.999194

0.886457
0.024447
-0.455664
0.0
0.0
1.0
0.993919
0.178681
0.187179
0.238462
0.093407
0.03685
0.596117
0.551429
1.0
0.987912
1.0
0.476703
1.0
1.0

0.886651
-0.637703
-0.249104
0.143437
0.0
1.0
1.0
0.013993
0.171355
0.675238
0.469963
0.0
1.0
0.748938
0.972821
1.0
1.0
0.961758
1.0
1.0

0.764729
0.859933
-0.2424
0.0
0.699654
1.0
0.365641
0.0
-0.046001
0.093407
0.404615
0.289011
0.016044
0.007839
0.693553
1.0
1.0
1.0
1.0
1.0

0.455856
-0.422884
-0.242478
0.21004
0.380224
1.0
1.0
0.636117
0.123736
0.093114
1.0
0.051795
0.457656
0.412528
1.0
1.0
1.0
0.84652
0.998901
1.0

0.750791
-0.117039
-0.069068
0.202488
0.510276
1.0
0.446227
0.043883
-0.046001
0.229963
1.0
0.237289
0.17956
0.790549
0.820147
1.0
1.0
0.612674
1.0
1.0

0.487186
-0.055144
-0.017012
0.091924
0.467071
1.0
1.0
1.0
0.222051
0.773846
0.571648
0.357143
0.412528
0.551429
1.0
0.987912
1.0
0.624982
0.999487
1.0

0.917557
-0.518619
-0.270908
0.0
0.567219
1.0
0.567253
0.77033
0.198403
0.380733
0.628059
0.274506
1.0
0.605934
0.856484
1.0
1.0
0.727253
1.0
0.99978

