curved_4
Left

0.583282
0.32911
-0.000989
-0.05548
-0.266421
1.0
1.0
0.527253
-0.10647
1.0
1.0
-0.188798
0.651502
0.651502
-0.173697
1.0
1.0
-0.00123
0.269231
0.269231

0.455809
0.577979
0.324871
0.152531
-0.466378
1.0
1.0
0.362125
-0.079998
1.0
1.0
-0.293861
0.800806
0.800806
-0.271922
1.0
1.0
0.011648
0.419267
0.419267

0.315178
0.434853
0.268154
-0.010835
-0.343978
1.0
1.0
0.278022
-0.027672
1.0
1.0
-0.207414
0.630549
0.630549
-0.1707
1.0
1.0
0.0
0.223517
0.223517

0.631321
0.192258
-0.104908
-0.502808
-0.536859
1.0
0.983956
1.0
0.068791
1.0
1.0
0.008132
0.78381
0.944396
0.022624
0.250476
0.518901
0.201099
0.059121
0.876117

0.602059
0.411447
-0.053165
-0.115951
-0.214923
1.0
1.0
1.0
0.150516
1.0
1.0
-0.061911
1.0
0.296777
-0.1707
1.0
0.135751
0.0
0.0
0.352161

0.76738
0.259175
0.360581
-0.251877
-0.466378
1.0
1.0
0.172381
-0.054485
0.918315
1.0
-0.34229
0.99978
1.0
-0.242442
0.0
0.155531
0.089597
0.18718
0.601245

-0.296799
1.062632
0.687188
-0.592055
-0.028428
1.0
1.0
0.263516
0.065568
1.0
1.0
0.008132
1.0
0.688865
-0.100068
0.233187
1.0
0.181319
0.325934
0.601245

0.61068
-0.085757
-0.180653
-0.292664
-0.439493
1.0
1.0
1.0
0.150516
1.0
1.0
0.103956
1.0
1.0
-0.037899
0.384689
1.0
0.243297
1.0
0.181026

0.852718
0.308695
0.22063
-0.058334
-0.255089
1.0
1.0
1.0
-0.087751
1.0
1.0
-0.34229
0.659561
0.872747
-0.024747
0.261612
0.065568
0.017445
0.118022
0.059121

-0.296799
0.347026
-0.109486
-0.40204
-0.39902
1.0
1.0
0.809304
0.124211
0.679194
1.0
0.346593
0.411062
0.612967
-0.262226
0.011062
0.338388
0.181319
0.618828
0.0

0.602059
0.158371
-0.265226
-0.33564
-0.133311
1.0
1.0
0.670696
0.135897
1.0
0.499267
-0.145727
0.618828
0.99978
-0.260849
0.595678
0.163883
0.132088
0.419267
0.699414

0.074465
0.332534
-0.108809
-0.241185
-0.107226
1.0
1.0
1.0
0.136777
1.0
1.0
-0.030734
1.0
0.998315
0.022624
1.0
0.652088
0.04652
0.059121
0.38381

0.061966
0.101874
-0.180653
-0.250337
-0.266421
1.0
1.0
0.362125
-0.119595
1.0
1.0
0.0
0.099267
0.518022
0.0
0.163883
1.0
0.020733
0.235531
1.0

0.152876
0.446077
0.360581
-0.144406
-0.642682
1.0
1.0
1.0
0.124211
0.760952
1.0
-0.130722
1.0
0.998315
-0.037603
0.72315
0.595678
0.0
0.699414
0.0

0.281987
0.467665
0.009065
-0.228043
0.108841
1.0
1.0
0.21326
0.065568
1.0
0.720806
0.346593
0.751282
0.879048
-0.013474
0.999194
0.999194
0.0
0.601245
0.184249

0.704502
0.259175
0.687188
-0.356513
-0.274136
1.0
1.0
0.325202
-0.106728
1.0
1.0
0.0
0.910256
0.099267
-0.080521
0.065568
0.155531
0.07804
0.225568
1.0

0.76738
0.369359
0.034802
-0.010835
-0.255089
1.0
1.0
0.570183
-0.098323
1.0
1.0
0.163453
0.453114
1.0
-0.271922
0.702637
0.698388
0.0
0.263077
0.173407

0.302937
0.577546
-0.131828
-0.33679
-0.593536
1.0
1.0
1.0
0.141172
1.0
1.0
-0.030734
0.527985
1.0
-0.196824
0.715971
1.0
-0.023856
0.699414
1.0

