curved_v
Left

0.447722
0.327047
-0.09466
0.008776
0.245783
1.0
1.0
0.054725
0.063319
0.905714
0.905714
-0.004956
0.304396
0.304396
0.674506
1.0
1.0
0.706154
0.998901
0.998901

0.38297
0.135662
-0.136401
-0.066448
0.21301
1.0
0.975751
0.066154
0.148205
0.375751
0.375751
0.085466
0.216777
0.216777
0.815311
1.0
1.0
0.610916
0.998901
0.998901

0.419869
0.057941
-0.349625
-0.040771
0.234431
1.0
0.805788
0.072015
0.13956
0.405202
0.405202
0.14967
0.110549
0.110549
0.858828
1.0
1.0
0.631282
0.998901
0.998901

0.62624
0.597226
-0.136401
-0.009822
0.332598
1.0
1.0
0.422198
0.134276
1.0
0.339854
0.0
0.081978
0.187473
1.0
1.0
1.0
0.871722
1.0
1.0

0.759297
-0.017296
0.337042
0.082667
0.058235
1.0
1.0
0.076996
0.180733
0.463077
1.0
0.052381
0.081978
0.067326
1.0
1.0
1.0
0.620147
1.0
0.99978

0.630253
0.286409
-0.369868
0.0
0.12422
1.0
1.0
0.318462
0.06255
0.215897
0.35011
-0.004956
0.072601
0.077875
1.0
0.999194
1.0
0.719927
1.0
1.0

0.218515
-0.017296
-0.136401
0.0
0.040219
1.0
0.293846
0.129597
0.03011
0.925787
0.223517
0.010769
0.113626
0.386447
1.0
1.0
1.0
0.663223
0.998901
1.0

1.0
0.653744
-0.517444
-0.026332
0.287325
1.0
1.0
0.0
0.000806
0.35011
0.0
-0.084718
0.315824
0.518022
0.741612
0.999194
1.0
0.735751
1.0
0.999194

0.735448
0.362318
-0.143857
0.0
-0.229634
1.0
0.975751
0.244615
0.0
0.212088
0.461172
0.0
0.246227
0.253993
0.232894
1.0
1.0
0.322418
1.0
0.998901

0.242361
0.286287
-0.274245
-0.00886
-0.073481
1.0
1.0
0.0
0.272454
0.582931
0.274212
0.0
0.079634
0.108645
1.0
1.0
0.999194
0.622344
1.0
1.0

0.759297
0.315051
-0.373702
0.0
0.196803
1.0
1.0
0.43685
0.037685
0.291355
1.0
0.0
0.110549
0.06967
1.0
1.0
1.0
0.915971
0.999487
1.0

0.560424
0.146747
-0.009384
0.0
0.05619
1.0
0.33033
0.260586
0.0
0.415165
1.0
0.117143
0.061172
0.372674
0.661758
1.0
1.0
0.309231
1.0
1.0

0.545383
0.360535
-0.369868
0.029919
0.287325
1.0
0.771795
0.066154
0.006374
0.155238
0.339854
0.204322
0.01663
0.110549
0.770037
0.999487
1.0
0.712747
1.0
0.794652

-0.301995
0.283318
-0.416254
0.0
0.234431
1.0
0.293846
0.036264
-0.032714
0.370623
1.0
0.0
0.372674
0.267179
1.0
1.0
1.0
0.963004
1.0
1.0

0.735448
0.339348
0.074494
0.0
0.221155
1.0
1.0
0.16359
0.06255
0.35011
0.207106
0.0
0.124176
0.01663
1.0
1.0
1.0
0.421319
1.0
1.0

0.313233
0.878816
-0.009384
0.0
-0.180715
1.0
1.0
0.076996
0.026007
0.065275
0.406081
0.033919
0.172381
0.17956
1.0
1.0
1.0
1.0
1.0
0.99978

1.0
0.265644
-0.168584
0.0
0.488812
1.0
1.0
0.826886
0.124389
0.292381
0.065275
0.139267
0.289744
0.220879
0.232894
1.0
1.0
0.421319
0.999487
0.999194

0.834028
0.135662
-0.303804
0.0
0.089824
1.0
1.0
0.241978
0.046813
1.0
0.215897
0.168718
0.253993
0.40652
0.741612
1.0
1.0
0.907179
1.0
0.997729

