d
Left

0.941761
-0.358093
-0.202149
-0.037989
-0.098566
1.0
0.588059
0.004322
-0.080212
0.0
0.0
0.429524
0.590696
0.590696
0.361538
0.695165
0.695165
0.294139
0.998901
0.998901

0.954309
0.08511
-0.143481
-0.004462
-0.116915
1.0
0.490623
0.074652
0.045348
0.0
0.0
0.456923
0.4537
0.4537
0.402857
0.624103
0.624103
0.169011
0.813407
0.813407

0.965848
0.011209
-0.199578
-0.173689
-0.11283
1.0
0.662491
0.015751
0.047106
0.0
0.0
0.491062
0.617949
0.617949
0.363883
0.413407
0.413407
0.207692
0.910843
0.910843

-0.151414
0.810906
-0.573481
0.202172
0.195758
1.0
0.662491
0.004322
-0.101087
0.0
0.0
0.323736
0.546447
1.0
0.500147
0.645348
1.0
0.134725
0.353333
0.831136

0.835317
0.31398
-0.234428
0.321001
0.325877
1.0
0.014579
0.386154
-0.011493
0.00696
0.0
0.407106
0.362418
0.164029
0.447106
0.864982
0.430989
0.071136
0.437582
0.933553

0.860094
0.317807
0.000133
0.608054
0.167099
1.0
0.268059
0.0
0.045934
0.0
0.0
0.337802
0.342051
0.99978
0.557876
0.695165
0.360366
0.395824
0.456484
0.870403

0.821887
0.168313
0.036955
0.335265
0.074672
1.0
1.0
0.593626
0.0
0.0
0.0
0.886374
0.366227
0.584689
0.363883
1.0
0.999414
0.364615
0.892821
0.585275

0.915909
0.371289
0.539216
0.337228
0.687339
1.0
0.417216
0.607106
-0.056659
0.0
0.0
0.407106
0.590696
0.657802
0.178974
0.624103
0.360366
0.084029
0.83011
0.877582

0.559354
-0.144331
0.451104
-0.396058
0.028485
1.0
0.661905
0.371209
-0.001727
0.0
0.0
0.167399
1.0
0.741026
0.510403
0.275824
0.741612
0.225275
0.7337
0.611502

0.764516
0.168313
0.393185
0.164657
0.299327
1.0
0.043883
0.63685
-0.101087
0.0
0.0
0.452527
0.657802
0.370476
0.407692
0.669231
0.443297
0.084029
0.892821
1.0

0.839899
-0.155338
0.192663
-0.027251
0.204348
0.982923
0.185714
0.386154
0.0
0.0
0.0
1.0
0.617949
0.464982
0.261319
0.864982
1.0
0.22337
1.0
0.555824

0.956226
-0.088107
0.451104
-0.034937
0.737666
1.0
0.30293
0.092234
0.0
0.0
0.0
0.38381
0.580147
0.99978
0.500147
0.384982
0.412967
0.193919
0.230256
0.417802

0.935532
0.21913
0.192663
0.337228
0.300681
1.0
1.0
0.012821
-0.113553
0.0
0.0
0.491062
0.464982
0.387326
0.527985
0.997143
1.0
0.093114
0.529451
0.585275

0.723186
0.095683
0.096153
-0.004462
0.400424
1.0
0.013407
0.724322
-0.02944
0.02044
0.0
1.0
0.438315
0.749524
0.261319
0.517436
1.0
0.150403
0.287692
0.448278

0.954309
0.478614
-0.08325
0.215229
0.299327
1.0
0.30293
0.231429
-0.001727
0.00696
0.0
0.358022
0.657802
0.513773
0.361538
0.774432
0.865568
0.336923
0.813407
0.353333

0.954309
-0.263629
0.168632
0.725795
0.292636
1.0
0.102784
0.092234
0.000806
0.0
0.0
0.507766
0.513773
0.152894
0.510403
0.413407
0.999414
0.085201
0.831136
0.449451

0.944194
0.134971
-0.027719
0.262491
-0.106874
0.786651
0.369158
0.0
-0.101087
0.0
0.0
0.361538
0.4537
0.806081
0.123883
0.410623
0.27685
0.336923
0.602564
0.601539

0.906918
0.571339
-0.251148
0.228204
-0.129435
1.0
1.0
0.015751
-0.02944
0.0
0.0
0.167399
0.342491
1.0
0.562271
1.0
0.953187
0.166667
0.941758
0.829817

