e
Left

0.49531
0.234814
-0.531653
-0.109047
-0.05282
1.0
1.0
0.796996
-0.135596
1.0
1.0
0.007839
1.0
1.0
0.02411
1.0
1.0
0.083736
0.668645
0.668645

0.382125
0.301551
-0.091198
-0.043283
-0.019147
1.0
1.0
0.681538
-0.24154
1.0
1.0
-0.093329
1.0
1.0
-0.051636
1.0
1.0
0.075238
0.748645
0.748645

0.323171
0.251399
0.074676
0.115332
0.231078
1.0
1.0
0.932967
-0.18232
1.0
1.0
-0.057138
1.0
1.0
-0.0194
1.0
1.0
0.062344
0.669524
0.669524

0.435235
-0.001978
-0.238522
-0.057088
-0.065978
1.0
1.0
1.0
0.082831
1.0
1.0
0.007839
0.998315
1.0
-0.0194
0.865275
1.0
0.011941
1.0
1.0

0.303655
-0.067486
0.069638
0.019448
-0.232501
1.0
1.0
1.0
0.0
1.0
1.0
0.035092
0.998608
0.998608
0.001482
1.0
0.865275
0.0
1.0
0.688278

0.844045
0.11725
-0.104722
-0.014492
0.0
1.0
1.0
1.0
0.017948
1.0
1.0
0.0
1.0
1.0
0.210916
1.0
0.504835
0.001194
0.341612
1.0

0.8507
0.005233
-0.322556
-0.089638
0.313706
1.0
1.0
1.0
-0.170955
1.0
1.0
-0.044807
1.0
1.0
0.066154
1.0
1.0
0.0
0.396996
1.0

1.0
0.015
-0.148077
-0.341998
0.005644
1.0
1.0
1.0
-0.051125
1.0
1.0
-0.042388
1.0
1.0
0.027606
1.0
1.0
0.033333
0.541905
1.0

1.0
0.754981
0.019328
0.03701
0.0
1.0
1.0
1.0
-0.014948
1.0
1.0
0.058242
0.998608
1.0
0.031537
0.585714
1.0
0.24359
1.0
0.668645

0.217713
0.036771
-0.597705
-0.099667
-0.25021
1.0
1.0
1.0
0.0
1.0
1.0
0.015751
1.0
0.832308
0.078955
1.0
1.0
0.075238
0.6663
1.0

0.435235
0.11725
-0.244632
0.044574
-0.262456
1.0
1.0
1.0
0.123212
1.0
1.0
0.012821
1.0
1.0
0.02411
1.0
1.0
-0.024863
1.0
0.748645

1.0
0.082664
-0.044915
0.221766
-0.110131
1.0
1.0
1.0
-0.145445
1.0
1.0
-0.004988
0.999487
1.0
0.236809
0.464103
1.0
0.0
1.0
1.0

0.779424
0.152149
-0.124645
-0.125024
0.092299
1.0
1.0
1.0
-0.135596
1.0
1.0
0.0
1.0
0.865421
0.264249
0.504835
1.0
0.183956
1.0
0.688278

0.812999
0.251399
-0.123106
-0.290173
0.231078
1.0
1.0
1.0
0.006667
1.0
1.0
-0.156394
0.867326
1.0
-0.042539
1.0
0.652967
0.031868
0.997729
0.2937

1.0
0.326642
-0.148077
-0.003223
-0.166239
1.0
1.0
1.0
-0.157355
1.0
1.0
0.018681
1.0
0.998608
0.111485
0.933846
0.999194
0.07348
1.0
1.0

0.811362
0.168865
-0.091198
-0.370477
-0.301127
1.0
1.0
1.0
-0.104847
1.0
1.0
0.0
0.713187
0.99978
0.419267
0.572821
1.0
0.039675
1.0
1.0

0.382125
-0.326839
-0.318132
-0.003223
-0.045889
1.0
1.0
1.0
0.115798
1.0
1.0
0.0
0.998315
0.78674
0.171825
1.0
1.0
0.001194
1.0
1.0

1.0
-0.168607
-0.123106
-0.109047
0.046783
1.0
1.0
1.0
0.008425
1.0
1.0
-0.057138
1.0
0.713187
0.018968
1.0
0.841392
0.011941
0.530476
1.0

