f
Left

0.848716
-0.286182
-0.393135
0.080005
-0.330465
1.0
0.241978
0.073187
0.193187
0.701758
0.701758
0.031282
0.0
0.0
-0.261642
0.0
0.0
-0.482311
0.0
0.0

0.828496
-0.255854
-0.818976
-0.249332
-0.659733
0.982844
0.314652
0.185421
0.191722
0.667033
0.667033
0.050916
0.0
0.0
-0.224185
0.0
0.0
-0.419163
0.0
0.0

0.753735
-0.395355
-0.812787
-0.222422
-0.593015
1.0
0.175018
0.086081
0.204176
0.694725
0.694725
0.079295
0.0
0.0
-0.26441
0.0
0.0
-0.417188
0.0
0.0

0.77983
-0.594788
0.023269
-0.147955
-0.800934
0.556801
0.212381
0.369451
0.213407
0.732821
1.0
0.135604
0.0
0.0
-0.138418
0.0
0.0
-0.213874
0.0
0.0

0.833987
-0.054065
0.301279
-0.466434
-0.510177
0.825028
0.234945
0.395531
0.387033
0.517143
0.694725
0.238022
0.012527
0.0
0.335458
0.0
0.0
-0.18093
0.0
0.0

0.821857
-0.728884
0.934164
-0.146246
-0.433822
1.0
0.0
0.743077
0.344249
0.366813
1.0
0.0
0.0
0.0
-0.048085
0.0
0.0
-0.09416
0.0
0.052967

0.866195
-0.153986
0.035938
-0.13998
-0.797737
1.0
0.013114
0.369451
0.4137
0.873626
0.229963
0.156996
0.0
0.0
-0.002873
0.0
0.0
0.0
0.0
0.0

0.956209
-0.403539
-0.174462
-0.467161
-0.756488
1.0
0.277875
0.0
0.213407
1.0
0.78
0.127985
0.0
0.0
-0.007218
0.0
0.0
-0.156823
0.017802
0.0

0.855682
-0.070934
-0.017345
0.016461
-0.58712
0.638973
0.0
0.235385
0.444176
1.0
1.0
0.022491
0.004615
0.0
-0.061642
0.0
0.0
-0.072216
0.0
0.0

0.742884
-0.21246
0.145123
-0.198722
-0.634747
0.888553
0.00315
1.0
0.4137
1.0
0.328132
0.364469
0.0
0.0
0.010607
0.0
0.0
-0.286493
0.0137
0.0

0.671664
-0.057776
-0.312651
-0.142362
-0.285195
0.917746
0.042711
0.035092
0.444176
0.817509
1.0
0.25619
0.0
0.0
-0.114864
0.0
0.0
-0.230147
0.0
0.0

0.794717
-0.257854
-0.259417
-0.563744
-0.330465
0.825028
0.901758
0.037436
0.459707
0.984835
0.525055
0.149102
0.0
0.027179
0.0
0.0
0.0
-0.260753
0.0
0.196557

0.808385
-0.585912
-0.324823
0.080005
-0.588538
0.918449
0.177363
1.0
0.339267
1.0
1.0
0.036264
0.0
0.0
0.335458
0.0
0.0
0.194652
0.0
0.0

0.69491
-0.748181
-0.057566
-0.313311
-0.797737
1.0
0.151722
0.060293
0.978681
0.997656
0.236117
0.0
0.027179
0.0
-0.106986
0.0
0.000806
0.0
0.0
0.0

0.882172
-0.072414
0.28601
-0.222422
-0.443428
0.917746
0.241978
0.0
0.215018
1.0
1.0
0.050916
0.0
0.0
0.0
0.0
0.0
-0.260753
0.0
0.014286

0.855682
-0.055689
-0.423178
-0.160438
-0.603184
1.0
0.0
0.369451
0.292674
1.0
0.78
0.0937
0.0
0.0
0.014579
0.0
0.004908
-0.341386
0.001099
0.0

0.854419
-0.403539
0.301279
-0.142787
-0.671699
1.0
0.212381
0.43978
0.333407
0.968132
0.255751
0.095458
0.0
0.0
0.0
0.0
0.0
-0.202373
0.0
0.0

0.892884
0.977901
-0.158483
-0.094913
-0.127764
0.943087
0.210623
1.0
0.323443
0.629084
0.732821
0.098388
0.0
0.0
-0.048085
0.198022
0.0
-0.053134
0.0
0.010476

