flat_horns
Left

0.660405
-1.544761
-0.33104
0.0
-0.34686
1.0
0.652821
0.215604
0.330623
0.045055
0.045055
0.877289
1.0
1.0
1.0
1.0
1.0
0.481099
0.0
0.0

0.65648
-1.509644
-0.111953
0.0
-0.313192
1.0
0.876337
0.272015
0.42044
0.030696
0.030696
0.957289
0.964908
0.964908
1.0
1.0
1.0
0.581319
0.0
0.0

0.667845
-1.55802
-0.326508
0.0
-0.507121
1.0
0.808425
0.275531
0.33326
0.059707
0.059707
0.886374
1.0
1.0
1.0
0.964029
0.964029
0.592015
0.0
0.0

0.254811
0.0
0.0
0.0
-0.349507
1.0
0.604469
0.193626
1.0
0.03685
0.017509
1.0
0.999194
1.0
1.0
0.699707
0.621172
1.0
0.0
0.010476

1.0
-2.312956
0.0
0.0
-0.443432
1.0
1.0
0.34718
1.0
0.067912
0.117729
1.0
1.0
0.480513
1.0
1.0
0.38293
0.205055
0.0
0.0

0.48533
-1.147884
0.0
0.0
0.89562
1.0
0.552601
0.585128
0.41956
0.053846
0.053846
1.0
0.998608
1.0
1.0
0.924176
1.0
0.332088
0.030989
0.0

0.672284
0.0
0.0
0.0
1.215544
1.0
0.631429
0.204322
0.659854
0.026886
0.009011
1.0
0.719341
1.0
1.0
0.666593
1.0
0.695897
0.0
0.0

0.744008
-1.235132
-0.111953
0.0
-0.402899
1.0
0.579414
0.262491
0.42044
0.0137
0.0
1.0
0.998608
1.0
0.547033
0.557876
0.999487
0.079927
0.0
0.030403

0.469117
0.0
0.0
0.0
0.136247
1.0
0.262051
1.0
0.912747
0.08315
0.030403
0.842125
0.654286
0.575458
1.0
0.882857
1.0
0.980147
0.0
0.0

0.778891
-1.271837
0.0
0.0
-0.087965
1.0
0.95641
0.891502
0.370769
0.0
0.109377
0.816337
0.971648
0.99978
1.0
0.795824
1.0
0.348205
0.0
0.0

0.869836
0.0
0.0
0.0
0.029016
1.0
0.952601
0.411648
0.613846
0.026886
0.059707
1.0
1.0
0.818974
1.0
1.0
1.0
1.0
0.0
0.0

0.744008
-1.509644
0.0
0.0
1.348131
1.0
0.748791
0.204322
0.984835
0.025714
0.053846
0.862344
0.678169
0.678169
1.0
1.0
0.795824
0.538681
0.0
0.0137

0.804928
-0.193044
-0.326508
0.0
-0.365544
1.0
0.623516
0.468791
1.0
0.009011
0.021612
0.882418
1.0
1.0
1.0
1.0
0.784982
0.418095
0.0
0.0

0.921427
0.0
0.0
0.0
-0.053565
1.0
0.952601
1.0
0.33326
0.030403
0.045348
1.0
0.99978
0.851209
1.0
1.0
0.795824
0.240513
0.0
0.0

0.465104
-0.752758
0.0
0.0
0.354466
1.0
0.940879
1.0
1.0
0.029817
0.240806
0.685348
1.0
1.0
1.0
0.964029
1.0
0.953187
0.0
0.0

0.813097
-1.271837
0.0
-0.031561
-0.4946
1.0
0.497802
0.345128
1.0
0.132674
0.0
1.0
0.523736
1.0
1.0
1.0
0.784982
0.401685
0.0
0.00315

0.640606
-1.509644
-0.397262
0.0
0.039256
1.0
1.0
0.200366
1.0
0.040073
0.08315
1.0
1.0
1.0
1.0
0.999487
1.0
0.348205
0.0
0.0

0.921427
-0.330724
0.0
0.0
0.136247
1.0
0.576923
0.511575
0.619707
0.067912
0.117729
1.0
0.999194
1.0
1.0
1.0
0.870843
0.166813
0.041538
0.04652

