flat_m
Left

0.626121
-0.772233
-0.412674
-0.183578
0.421457
1.0
0.689597
0.187473
0.271868
0.075531
0.075531
0.579561
0.007253
0.007253
0.514799
0.0
0.0
0.494579
0.998901
0.998901

0.631029
-0.861815
-0.582604
-0.310358
0.214926
1.0
0.66674
0.159194
0.186007
0.035678
0.035678
0.421905
0.0
0.0
0.325202
0.0
0.0
0.495605
0.650769
0.650769

0.668031
-0.744483
-0.510891
-0.254416
0.608212
1.0
0.410183
0.089304
0.159341
0.043004
0.043004
0.399341
0.0
0.0
0.222051
0.0
0.0
0.351282
0.673187
0.673187

0.742658
-0.284362
0.0
0.443652
0.348721
1.0
1.0
0.159194
0.344835
0.079927
0.043004
1.0
0.023956
0.0
1.0
0.000806
0.140879
0.295018
0.676264
1.0

0.785166
-0.686001
-0.162414
0.023503
0.138386
1.0
1.0
1.0
0.457802
0.079634
0.054725
1.0
0.0
0.0
0.218242
0.052674
0.0
0.871429
1.0
0.613553

0.503943
-0.861815
0.0
0.074571
0.07649
1.0
1.0
0.178095
0.559634
0.075531
0.006081
0.761978
0.016923
0.0
1.0
0.024835
0.049451
0.858974
0.998901
1.0

1.0
-0.024398
-0.210706
0.0
-0.3159
1.0
0.570476
0.173993
1.0
0.112747
0.079634
1.0
0.059707
0.0
1.0
0.091941
0.0
0.532674
1.0
1.0

0.631029
-0.153402
0.0
0.065983
0.610043
1.0
1.0
0.74044
0.806374
0.055897
0.187179
0.972454
0.021905
0.00022
0.819267
0.227326
0.027179
1.0
1.0
1.0

0.816849
-0.126274
0.0
0.0
0.022383
1.0
0.166081
1.0
0.559634
0.079927
0.110403
0.62674
0.070549
0.0
0.962711
0.0
0.0
0.752161
1.0
1.0

0.370275
-0.313022
-0.142906
0.0
0.608212
1.0
1.0
1.0
0.635238
0.062637
0.069084
0.565788
0.0
0.0
0.664835
0.027179
0.0
0.726667
1.0
0.124029

0.703054
-0.054122
0.119093
0.0
0.756416
1.0
0.409744
0.188645
0.890476
0.058828
0.186007
1.0
0.0
0.0
1.0
0.0
0.0
0.423663
0.613553
0.176777

0.667896
-0.126274
-0.510891
-0.254416
-0.190112
1.0
0.570476
0.082271
1.0
0.122857
0.043004
1.0
0.003443
0.070549
0.868498
0.004908
0.049451
0.995971
0.997729
1.0

0.587412
0.0
0.0
-0.254416
0.317804
1.0
1.0
0.082271
0.934139
0.006081
0.082857
1.0
0.016923
0.0
1.0
0.01663
0.139707
0.531502
0.125495
0.733993

0.459022
0.0
0.0
0.0
0.963282
1.0
0.947619
0.089304
0.523297
0.107473
0.046813
0.579561
0.0
0.000806
0.676264
0.0
0.048864
1.0
1.0
1.0

0.693382
-0.191813
-0.030082
0.121499
0.0
1.0
1.0
0.078462
1.0
0.0
0.174872
1.0
0.013407
0.0
0.758901
0.148791
0.0
1.0
1.0
0.729597

0.443564
-0.551155
0.0
0.023503
0.849203
1.0
0.850037
0.791136
0.245201
0.0
0.019267
0.399341
0.039487
0.002271
0.332234
0.071136
0.039487
1.0
1.0
1.0

1.0
0.0
0.119093
0.359398
0.797198
1.0
1.0
0.137509
0.159341
0.187179
0.069084
0.692674
0.021905
0.070549
0.736044
0.0
0.081978
0.41663
1.0
1.0

0.946641
0.0
0.0
-0.006237
0.017553
1.0
1.0
0.398169
0.523297
0.212674
0.046813
0.715238
0.0
0.0
1.0
0.140879
0.0
0.392894
1.0
1.0

