flatspread_5
Left

-0.06917
1.010706
0.299416
0.122172
-0.299108
1.0
0.859707
0.926813
-0.231298
0.0
0.0
-0.174052
0.0
0.0
-0.125224
0.0
0.0
-0.174836
0.0
0.0

0.219527
1.183744
0.82796
0.43388
-0.474621
1.0
0.980733
0.987436
-0.225341
0.0
0.0
-0.263653
0.0
0.0
-0.209165
0.0
0.0
-0.191603
0.0
0.0

0.309232
1.110041
0.755696
0.540792
-0.365995
1.0
0.912747
0.478755
-0.176943
0.0
0.0
-0.134494
0.0
0.0
-0.130776
0.0
0.0
-0.080509
0.0
0.0

0.879271
0.280691
0.016492
-0.146912
-0.65301
1.0
1.0
1.0
-0.150377
0.0
0.0
0.00696
0.0
0.0
-0.05633
0.0
0.0
-0.152511
0.0
0.0

0.960058
0.258277
0.084536
-0.381244
-0.47044
1.0
1.0
0.184396
0.0
0.0
0.0
-0.033854
0.0
0.0
0.0
0.0
0.0
0.0
0.0
0.0

0.363003
0.376664
0.504562
-0.12391
-0.811484
1.0
1.0
0.941758
-0.149176
0.0
0.006667
0.0
0.0
0.0
0.0
0.0
0.0
0.0
0.0
0.0

0.27594
0.43849
0.016492
-0.099774
-0.057113
1.0
1.0
1.0
-0.250971
0.0
0.0
0.045055
0.0
0.0
-0.319739
0.0
0.0
0.0
0.0
0.0

0.173597
0.439012
-0.014127
-0.217424
-0.35513
1.0
1.0
0.257656
-0.156254
0.0
0.0
-0.053359
0.0
0.0
-0.056271
0.0
0.0
0.0
0.0
0.0

-0.09984
0.280691
0.065283
-0.219303
-0.760624
1.0
0.980733
1.0
0.0
0.0
0.0
0.0
0.0
0.0
0.043883
0.0
0.0
-0.038227
0.0
0.0

0.159501
0.549328
0.000989
-0.080213
-0.365995
1.0
0.956264
1.0
-0.008694
0.0
0.0
0.0
0.0
0.0
0.097949
0.0
0.0
0.0
0.0
0.0

0.363003
0.19931
0.048959
-0.143498
-0.162851
1.0
1.0
1.0
0.0
0.012821
0.0
0.0
0.0
0.0
-0.019826
0.0
0.0
-0.029774
0.0
0.0

0.219527
0.896594
0.11035
-0.006853
-0.761254
1.0
1.0
1.0
-0.150377
0.0
0.0
-0.082401
0.0
0.0
-0.07075
0.0
0.0
0.0
0.0
0.0

0.322861
0.390732
0.175484
-0.159099
-0.35513
1.0
1.0
0.167106
-0.010702
0.0
0.003736
-0.020624
0.0
0.0
-0.309792
0.0
0.0
0.0
0.0
0.0

0.740353
0.379839
0.000989
-0.291085
-0.361129
1.0
1.0
0.474359
-0.244935
0.013114
0.013114
-0.081102
0.0
0.0
-0.050104
0.0
0.0
0.0
0.0
0.0

0.450306
0.297228
-0.014127
-0.099774
-0.608268
1.0
1.0
1.0
-0.024965
0.003736
0.0
-0.146609
0.0
0.0
-0.001834
0.0
0.0
-0.145439
0.0
0.0

0.322861
0.454825
0.130552
-0.381244
-0.644787
1.0
1.0
0.966227
-0.123774
0.0
0.0
-0.146609
0.0
0.0
-0.125224
0.0
0.0
0.0
0.0
0.0

0.401655
0.498653
-0.005507
-0.290497
-0.619483
1.0
1.0
1.0
0.104561
0.0
0.0
-0.022919
0.0
0.0
-0.044749
0.0
0.0
-0.038749
0.0
0.0

0.612035
0.475568
-0.176091
-0.241448
-0.396646
1.0
1.0
1.0
-0.204541
0.0
0.0
-0.025281
0.0
0.0
-0.020131
0.0
0.0
0.0
0.0
0.0

