flat_n
Left

0.612218
-0.554322
-0.225339
0.0
0.128271
1.0
1.0
0.158462
0.354799
0.139121
0.139121
0.725495
0.018388
0.018388
1.0
1.0
1.0
0.701465
0.998901
0.998901

0.460098
-0.60387
-0.302806
-0.067423
0.133143
1.0
1.0
0.110842
0.344249
0.160806
0.160806
0.663077
0.030989
0.030989
0.847692
1.0
1.0
0.654872
0.998901
0.998901

0.629924
-0.735582
-0.45231
-0.141616
-0.077736
1.0
1.0
0.164322
0.342491
0.155238
0.155238
0.642857
0.010476
0.010476
0.841978
1.0
1.0
0.654872
0.998901
0.998901

0.924844
-0.197271
0.238047
-0.107251
0.0
1.0
1.0
1.0
0.544103
0.127985
0.079048
0.875824
1.0
0.0
1.0
1.0
0.999194
0.704103
1.0
1.0

0.620548
0.005717
0.0
0.0
-0.098522
1.0
1.0
0.161978
0.675971
0.045055
0.058535
1.0
0.998022
0.04359
0.841978
1.0
0.999487
0.545568
1.0
1.0

0.629924
-0.735582
-0.180029
-0.084778
0.304435
1.0
0.693114
0.421319
0.248278
0.088132
0.029231
0.754506
0.054432
0.008425
0.851062
1.0
1.0
0.505275
1.0
1.0

0.484068
-1.996393
-0.007115
0.0
0.151193
1.0
1.0
0.183956
0.6137
0.094872
0.101612
1.0
0.006374
0.998022
1.0
1.0
1.0
0.68271
1.0
0.095458

0.620548
-0.60387
0.0
-0.058247
0.393879
1.0
1.0
0.282418
0.509084
0.0
0.184835
0.664249
0.0
1.0
0.968718
1.0
1.0
0.852381
1.0
1.0

-0.251891
0.054564
0.089423
0.0
0.030388
1.0
1.0
1.0
0.542051
0.092234
0.015751
1.0
0.067033
0.015165
0.851062
1.0
1.0
0.889304
1.0
1.0

0.83223
-2.519976
-0.373548
0.0
0.142315
1.0
1.0
0.087253
0.784542
0.01663
0.045055
0.77033
0.054432
0.003443
1.0
0.999487
1.0
0.880513
1.0
0.999487

0.970278
0.0
-0.530803
0.0
0.175202
1.0
1.0
0.216191
1.0
0.141905
0.088718
0.877289
0.0
0.0
1.0
1.0
1.0
0.647399
0.016337
1.0

0.631916
0.0
-0.175146
-0.105822
0.279342
1.0
0.461026
0.660733
0.371209
0.042711
0.0
0.974359
0.001099
0.001099
1.0
1.0
1.0
0.767839
1.0
1.0

0.250901
-0.097847
-0.041255
-0.035383
0.114575
1.0
1.0
1.0
0.741026
0.127985
0.055604
0.625861
0.081685
1.0
1.0
1.0
1.0
0.242564
1.0
1.0

0.666011
-0.009209
0.0
0.0
0.18532
1.0
0.331648
0.14
0.175751
0.008425
0.045055
0.800806
0.0
0.018388
0.701026
1.0
1.0
0.157143
1.0
1.0

-0.678802
-0.461539
-0.095016
0.0
0.304435
1.0
1.0
0.772821
0.371209
0.050916
0.065568
1.0
0.017802
0.172234
1.0
1.0
0.999194
0.607985
0.999194
1.0

0.382376
-0.601515
-0.292196
0.0
0.18532
1.0
0.835385
0.282418
0.568718
0.092234
0.094872
1.0
0.0
1.0
1.0
1.0
1.0
1.0
1.0
1.0

0.960988
-0.735582
-0.002017
0.0
-0.098522
1.0
1.0
0.425275
1.0
0.120073
0.089304
1.0
0.015165
0.017802
0.777363
1.0
1.0
0.695458
0.998901
1.0

0.827045
-0.419635
-0.462723
0.0
-0.187275
1.0
1.0
1.0
0.348059
0.141905
0.055604
1.0
0.0
0.007253
1.0
1.0
1.0
0.704103
0.999487
0.021319

