flat_o
Left

1.0
-1.020636
-0.568698
0.002266
-0.351262
0.595992
0.088132
0.006081
0.382637
0.22967
0.22967
0.757729
0.081685
0.081685
0.839194
0.035678
0.035678
0.515092
0.024249
0.024249

1.0
-1.108631
-0.756302
-0.082297
-0.26636
0.796099
0.15978
0.0
0.383517
0.244029
0.244029
0.680366
0.083736
0.083736
0.801978
0.057949
0.057949
0.468205
0.041538
0.041538

1.0
-1.289925
-0.169177
-0.165292
-0.26578
0.938715
0.208278
0.0
0.358608
0.200366
0.200366
0.879634
0.05033
0.05033
0.699267
0.021319
0.021319
0.470843
0.014286
0.014286

0.927985
0.0
-0.756302
-0.077806
0.434319
1.0
0.278608
0.0
0.292088
0.059414
0.194506
1.0
0.029231
0.0
1.0
0.051795
0.018388
0.704982
0.152308
0.0

1.0
0.0
0.0
0.002266
0.606971
1.0
0.038022
0.0
0.324322
0.036557
0.187766
1.0
0.032747
0.024542
0.932088
0.005201
0.0
0.766081
0.055604
0.059414

1.0
0.0
0.0
0.0
0.101469
1.0
0.0
0.0
1.0
0.162271
0.192015
0.99663
0.022198
0.004322
0.661319
0.276557
0.050037
0.732527
0.022784
0.0

0.904919
-0.120792
0.0
-0.078792
-0.035419
0.890776
0.007546
0.0
0.557582
0.062051
0.044469
1.0
0.091355
0.009304
1.0
0.017802
0.0
0.70337
0.041538
0.018095

0.711473
0.0
0.0
0.418911
0.0
1.0
0.15978
0.01956
0.490769
0.182491
0.269084
0.879634
0.007253
0.041245
1.0
0.0
0.035678
0.280073
0.052088
0.019267

0.722824
0.0
-0.181074
-0.03405
0.693729
1.0
0.0
0.0
0.383517
0.081392
0.127106
0.972381
0.007546
0.007253
0.840659
0.07641
0.021026
0.425714
0.0
0.0

0.940445
-0.51146
0.0
0.0
0.267226
1.0
0.260733
0.0
0.472454
0.13619
0.134432
1.0
0.009304
0.060293
0.784689
0.0
0.0
0.954066
0.163883
0.0

1.0
-0.092504
-0.35027
0.0
0.573451
1.0
0.208278
0.0
0.543517
0.31641
0.205055
0.81663
0.0
0.009304
0.135604
0.0
0.021026
0.53707
0.022491
0.018095

1.0
-0.233654
-0.058433
0.565004
0.468161
1.0
0.630256
0.0
0.432747
0.182491
0.192015
0.726667
0.090183
0.091355
1.0
0.0
0.0263
0.24696
0.063223
0.110403

1.0
-0.600346
0.0
0.0
0.327824
0.846704
0.045348
0.006081
0.382637
0.353919
0.118022
0.761685
0.052381
0.012234
1.0
0.009597
0.455604
0.86044
0.029524
0.147912

1.0
0.0
-0.068201
0.0
0.251723
1.0
0.0
0.0
0.292088
0.129451
0.109231
1.0
0.032747
0.001978
0.910989
0.0
0.050037
0.452967
0.0
0.0

1.0
-0.243756
0.0
0.002266
0.740081
1.0
0.0
0.0
0.543517
0.200366
0.22967
1.0
0.014579
0.043883
1.0
0.455604
0.0
0.514506
0.014286
0.029524

0.963562
-0.092504
-0.189187
-0.055641
0.125572
1.0
0.074652
0.0
0.508059
0.044469
0.105714
1.0
0.081685
0.043883
0.341026
0.0
0.025714
0.515092
0.0
0.045934

0.734905
0.096708
0.0
-0.275015
0.483886
1.0
0.045348
0.0
0.515092
0.111868
0.371209
0.964396
0.202857
0.004322
0.801978
0.071136
0.0
0.53707
0.072015
0.0

0.711473
0.0
0.0
-0.172658
-0.029712
1.0
0.035971
0.0
0.516117
0.083443
0.158755
0.874652
0.095458
0.067912
1.0
0.0
0.0
0.954066
0.152308
0.13326

