flat_v
Left

0.645492
-0.000841
-0.389671
-0.026889
0.109581
1.0
0.985934
0.069377
0.38674
0.0
0.0
0.437143
0.0
0.0
0.974579
1.0
1.0
0.755092
0.998901
0.998901

0.540114
-0.144648
-0.73796
-0.339965
0.045072
1.0
1.0
0.064689
0.394945
0.0
0.0
0.489011
0.0
0.0
0.767692
1.0
1.0
0.658681
0.998901
0.998901

0.572046
-0.495477
-0.706309
-0.37521
-0.016906
1.0
0.861758
0.045348
0.323004
0.029231
0.029231
0.425128
0.0
0.0
0.724615
1.0
1.0
0.554945
0.998901
0.998901

0.926473
-0.495477
-0.053791
0.0
0.483475
1.0
1.0
0.236557
0.35685
0.0
0.0
0.298242
0.0
0.0
0.895458
1.0
1.0
0.70044
1.0
1.0

0.484535
-0.195466
0.020388
-0.486035
0.0
1.0
1.0
0.270403
0.394945
0.0
0.010476
0.503663
0.0
0.0
1.0
1.0
1.0
0.231429
0.999194
1.0

0.76985
-0.341005
0.0
0.0
0.13518
1.0
1.0
0.048864
0.325495
0.029231
0.0
0.792308
0.0
0.0
0.826886
1.0
1.0
0.25663
1.0
1.0

0.717459
-0.354384
-0.329377
-0.156439
0.148332
1.0
0.317289
0.0
0.123883
0.023663
0.0
0.713773
0.0
0.0
1.0
1.0
1.0
0.705128
1.0
1.0

0.557776
0.079393
0.0
0.0
0.581589
1.0
1.0
0.0
0.208278
0.067033
0.002564
0.354506
0.0
0.0
1.0
1.0
1.0
0.853993
0.999487
1.0

0.941212
-0.075477
0.0
-0.014462
0.0
1.0
1.0
0.36315
0.284176
0.0
0.0
0.862344
0.009304
0.0
0.292088
1.0
1.0
0.25663
1.0
1.0

1.0
0.204529
-0.922797
-0.232389
0.124314
1.0
0.583956
0.0
0.536191
0.009304
0.023663
0.66044
0.002271
0.0
0.881392
1.0
1.0
0.642271
1.0
1.0

0.4975
-0.024717
-0.64756
-0.014462
0.421041
1.0
1.0
0.081978
0.850037
0.029231
0.0263
0.423077
0.043883
0.0
0.592454
1.0
1.0
0.288718
0.998901
0.999487

0.933489
0.045912
0.690154
-0.316335
-0.040854
1.0
0.371209
0.090183
0.531502
0.010476
0.089011
0.476996
0.0
0.0
1.0
1.0
1.0
0.658681
1.0
0.997729

0.998172
-0.195466
0.0
-0.15755
0.189237
1.0
0.686813
0.093114
0.311429
0.023663
0.021319
0.321539
0.0
0.0
1.0
1.0
1.0
0.8137
1.0
0.999194

0.572046
-0.341005
0.0
0.0
0.113404
1.0
0.697656
0.0
0.43685
0.0
0.029231
0.433626
0.0
0.144249
1.0
1.0
1.0
1.0
0.997729
1.0

0.043249
-0.522059
-0.193247
-0.233011
-0.894135
1.0
0.505275
0.021905
0.857949
0.282711
0.015165
0.468791
0.006081
0.0
0.711136
1.0
1.0
0.25663
0.998901
1.0

0.76985
0.034124
-0.669349
0.078082
-0.016906
1.0
1.0
0.071722
0.442564
0.021026
0.014872
0.792308
0.009304
0.0
0.767692
1.0
1.0
0.853993
1.0
1.0

1.0
-0.018577
0.128863
-0.194746
0.0
1.0
0.930916
0.076703
0.262784
0.0
0.009304
0.298242
0.0
0.144249
1.0
1.0
1.0
0.504835
1.0
1.0

0.762102
-0.264771
0.0
0.082608
0.264865
1.0
0.360073
0.035385
0.274066
0.0
0.0
0.139121
0.0
0.0
1.0
1.0
1.0
0.584689
1.0
1.0

