i
Left

0.587257
-0.251965
-0.196392
0.005381
0.177209
1.0
0.944982
0.212381
0.775311
1.0
1.0
0.804029
1.0
1.0
0.969011
1.0
1.0
0.193626
0.0
0.0

0.585157
-0.286647
-0.325362
0.003877
0.13598
1.0
0.758022
0.087253
0.700733
1.0
1.0
0.693846
1.0
1.0
0.831868
1.0
1.0
0.241099
0.0
0.0

0.558939
-0.416277
-0.336282
-0.010094
0.048437
1.0
0.940806
0.0937
0.688865
1.0
1.0
0.770183
1.0
1.0
0.966374
1.0
1.0
0.159634
0.0
0.0

0.603403
-0.187372
0.0
0.0
0.220035
1.0
0.742344
1.0
1.0
1.0
1.0
1.0
1.0
1.0
1.0
1.0
0.999194
0.250769
0.021026
0.0

0.900995
0.0
0.0
0.0
0.23301
1.0
0.944982
0.212381
0.684176
1.0
1.0
1.0
1.0
1.0
0.672747
1.0
1.0
0.14293
0.0
0.0

0.630905
0.0
-0.032383
0.0
0.083439
1.0
1.0
0.063516
1.0
1.0
1.0
1.0
1.0
1.0
1.0
1.0
1.0
0.147619
0.0
0.033626

0.943249
0.0
0.000847
0.0
0.175352
1.0
1.0
0.483443
1.0
1.0
1.0
1.0
1.0
1.0
1.0
1.0
1.0
0.247253
0.026593
0.0

1.0
0.0
-0.128086
0.0
-0.204233
1.0
1.0
1.0
1.0
1.0
1.0
1.0
1.0
1.0
1.0
1.0
0.999194
0.238169
0.0
0.0

0.585157
-0.322927
0.0
0.0
-0.062242
1.0
1.0
1.0
1.0
1.0
1.0
1.0
1.0
1.0
1.0
1.0
1.0
0.0
0.033626
0.003443

0.579817
-0.063006
0.0
0.0
0.024145
1.0
1.0
0.408132
1.0
1.0
1.0
1.0
1.0
0.998608
1.0
0.999194
0.972381
0.164029
0.0
0.035971

0.603403
0.0
0.0
0.0
-0.083542
1.0
1.0
1.0
0.736923
1.0
1.0
1.0
1.0
0.99978
0.969011
1.0
1.0
0.322271
0.0
0.0

0.595391
0.0
0.0
0.0
0.244951
1.0
1.0
1.0
1.0
1.0
1.0
0.920073
0.999194
1.0
1.0
1.0
1.0
0.234359
0.0
0.0

0.365307
-0.063006
0.0
0.038376
0.291805
1.0
0.52359
1.0
1.0
1.0
1.0
1.0
0.998315
0.998608
1.0
1.0
0.798461
0.164029
0.0
0.003443

0.627434
-0.232526
0.0
0.0
0.144473
1.0
1.0
0.408132
1.0
1.0
0.99978
1.0
1.0
1.0
1.0
1.0
1.0
0.161099
0.0
0.0

0.603403
-0.11617
0.0
0.0
0.006023
1.0
0.508645
0.169304
1.0
1.0
1.0
0.691502
1.0
1.0
1.0
0.999487
1.0
0.256337
0.0
0.033626

0.861601
0.0
0.0
0.0
0.086211
1.0
0.508645
0.408132
1.0
1.0
1.0
1.0
0.980073
1.0
1.0
0.999487
1.0
0.14293
0.0
0.003443

0.798294
0.0
0.0
0.0
0.479145
1.0
0.595678
0.197729
0.528718
1.0
1.0
0.61663
1.0
0.980073
1.0
1.0
1.0
0.250769
0.035971
0.0

0.960525
0.0
0.0
0.0
-0.235892
1.0
1.0
0.419267
0.853553
1.0
1.0
1.0
0.999194
1.0
1.0
0.748352
1.0
0.285055
0.031575
0.0

