m
Left

0.781785
-0.384985
0.016125
0.267876
0.338909
1.0
1.0
0.018974
0.677876
1.0
1.0
0.816337
0.708205
0.708205
0.699707
1.0
1.0
0.757729
0.258095
0.258095

0.684786
-0.405137
-0.020458
0.320839
0.336797
1.0
1.0
0.0
0.732088
1.0
1.0
0.888278
0.836264
0.836264
0.466007
1.0
1.0
0.681392
0.246813
0.246813

0.652072
-0.656252
-0.207373
-0.022607
-0.112087
1.0
1.0
0.059414
0.664835
1.0
1.0
0.77663
0.746154
0.746154
0.634066
1.0
1.0
0.679341
0.142637
0.142637

0.99618
0.0
0.0
0.0
0.876574
1.0
1.0
0.0
0.868498
1.0
0.443004
0.843883
0.89663
0.708205
0.297656
0.761539
1.0
1.0
1.0
1.0

0.535926
0.0
-1.258952
0.051984
0.0
1.0
1.0
0.853407
1.0
1.0
1.0
1.0
0.793626
0.621758
0.975311
0.217949
1.0
0.739854
0.781172
0.4263

0.781785
-0.390227
0.0
0.0
0.0
1.0
1.0
0.059414
1.0
0.999487
1.0
1.0
0.99978
0.840659
0.975165
0.564908
1.0
0.647253
0.195092
0.601538

1.0
0.0
0.0
-0.457256
0.231161
1.0
1.0
0.0
0.760806
1.0
1.0
1.0
0.839194
0.99978
0.424249
1.0
1.0
0.695897
1.0
0.417216

0.60913
0.0
0.0
0.437365
0.0
1.0
1.0
0.0
1.0
1.0
1.0
0.872601
0.232308
0.99978
0.361832
1.0
0.654286
0.780293
0.4263
1.0

1.0
-0.198136
-0.039102
0.0
0.201205
1.0
1.0
0.170476
1.0
0.805201
1.0
1.0
1.0
0.622051
0.384103
0.834505
0.834505
0.357436
1.0
1.0

0.679128
0.0
0.0
0.024812
0.561892
1.0
1.0
0.0
0.812088
1.0
1.0
1.0
1.0
0.633773
0.699707
0.998828
0.564908
0.315824
1.0
0.417216

0.787249
0.0
0.0
0.179437
0.876574
1.0
1.0
0.042125
1.0
0.443004
1.0
1.0
0.713333
0.621758
0.908938
0.834505
0.657216
0.928278
0.289744
1.0

1.0
0.0
0.0
0.227824
0.655372
1.0
1.0
0.0
1.0
0.9737
0.726667
1.0
0.998608
0.89663
0.58
0.942051
1.0
0.331941
1.0
1.0

0.701024
0.0
0.0
0.0
0.0
1.0
1.0
0.0
1.0
0.9737
1.0
1.0
0.713333
0.222198
0.82718
0.768425
1.0
0.681392
0.999194
1.0

0.280925
-1.529415
0.0
0.280671
0.011447
1.0
1.0
0.042125
0.677876
0.954066
1.0
1.0
0.9337
0.885201
0.674359
0.939121
0.939121
0.733993
0.154945
0.341026

0.652072
-0.523675
-0.207373
0.518806
-0.511716
1.0
1.0
0.0
1.0
1.0
1.0
1.0
0.647106
0.685055
0.515971
1.0
1.0
0.859267
0.289744
0.195092

0.678047
0.0
-0.057152
0.518806
0.008411
1.0
0.987253
0.0
0.661026
0.443004
1.0
1.0
0.869817
0.746154
0.352161
0.787033
0.446374
0.886227
1.0
1.0

1.0
0.0
4.8e-05
0.434373
0.120645
1.0
1.0
0.329744
1.0
0.844762
0.999487
1.0
0.780733
0.885201
1.0
1.0
1.0
0.917436
1.0
0.210037

0.631511
0.265213
0.0
0.094844
0.110359
1.0
1.0
0.042711
0.676557
1.0
1.0
1.0
0.688864
0.751868
0.602271
0.854725
1.0
0.756264
0.999194
0.289744

