n
Left

0.570892
-0.326772
-0.157128
0.0
0.03351
1.0
1.0
0.0
0.763883
0.878755
0.878755
0.754212
1.0
1.0
1.0
1.0
1.0
0.777802
0.798755
0.798755

0.238745
-0.049489
-0.09081
0.0
0.035309
1.0
1.0
0.00696
0.958828
1.0
1.0
0.713773
1.0
1.0
1.0
1.0
1.0
0.951428
0.998901
0.998901

0.07818
-0.072215
-0.118689
0.0
0.01526
1.0
1.0
0.0
0.95055
0.889451
0.889451
0.72359
1.0
1.0
1.0
1.0
1.0
0.964176
0.998901
0.998901

1.0
0.0
0.073088
0.0
0.539731
1.0
1.0
0.0
1.0
1.0
1.0
0.993407
1.0
0.99978
1.0
0.512747
1.0
1.0
0.988352
0.999194

0.498873
0.0
0.0
0.0
0.222577
1.0
1.0
0.147912
1.0
1.0
1.0
0.843004
0.453846
1.0
1.0
1.0
1.0
0.864103
0.935311
1.0

0.375762
-0.2776
-0.118689
0.0
0.0
1.0
1.0
0.0
1.0
1.0
1.0
1.0
0.517436
1.0
1.0
1.0
1.0
1.0
0.997729
1.0

0.610687
-0.090527
0.077712
0.0
0.0
1.0
0.933846
0.0
0.958828
1.0
0.889451
1.0
1.0
0.572528
1.0
1.0
1.0
0.987839
0.999487
1.0

0.465596
0.0
0.0
0.0
0.083642
1.0
1.0
0.018095
1.0
1.0
1.0
0.843004
1.0
0.88359
1.0
1.0
1.0
0.574579
1.0
1.0

0.383234
-0.031561
0.0
0.0
0.161568
1.0
1.0
0.0
1.0
1.0
1.0
0.96381
1.0
0.289011
1.0
1.0
0.992601
1.0
1.0
0.99978

0.502858
0.0
-0.009858
0.0
0.121521
1.0
0.790843
0.0
1.0
1.0
1.0
0.951355
1.0
0.993407
0.959048
1.0
1.0
0.884908
1.0
1.0

1.0
0.0
0.035218
-0.013984
0.0
1.0
0.759487
0.018095
1.0
1.0
1.0
1.0
0.997729
0.88359
1.0
0.849451
1.0
0.214725
1.0
0.997729

0.314801
0.0
0.084767
0.095748
0.09298
1.0
1.0
0.0
1.0
0.994506
0.889451
1.0
1.0
1.0
0.464982
1.0
0.493114
1.0
1.0
1.0

0.060651
-0.25847
-0.000574
0.0
0.03351
1.0
0.668645
0.00696
1.0
1.0
0.878755
0.887839
1.0
0.998608
1.0
1.0
1.0
0.951428
0.99978
1.0

0.515148
0.0
0.035218
0.0
0.083642
1.0
0.933846
0.0
1.0
0.889451
1.0
1.0
0.483736
0.995092
1.0
0.493114
1.0
1.0
1.0
1.0

1.0
0.0
0.084767
0.0
0.0
1.0
1.0
0.0
1.0
1.0
1.0
0.993919
0.88359
0.99696
1.0
1.0
1.0
1.0
1.0
1.0

0.610687
0.0
0.075734
-0.013984
0.003217
1.0
1.0
0.0
0.981099
1.0
1.0
1.0
0.993407
1.0
1.0
1.0
1.0
0.574579
1.0
0.999487

0.188007
0.0
-0.250806
0.0
0.0
1.0
1.0
0.0
0.959634
1.0
1.0
0.993919
0.456044
0.930916
1.0
1.0
0.754799
0.764176
1.0
1.0

0.101962
0.0
0.050754
0.063047
0.012549
1.0
1.0
0.0
1.0
1.0
1.0
0.887839
0.572528
0.517436
1.0
0.512747
1.0
1.0
1.0
1.0

