o
Left

0.851726
-0.865012
-1.143917
-0.374889
-0.389237
0.974495
0.371502
0.231136
0.237582
0.874066
0.874066
0.51978
0.513919
0.513919
0.363883
0.565788
0.565788
0.342344
0.247546
0.247546

0.822604
-0.785261
-0.58823
-0.368287
-0.25371
0.995431
0.335458
0.176337
0.240513
0.947033
0.947033
0.426007
0.427326
0.427326
0.320366
0.425861
0.425861
0.321392
0.152894
0.152894

0.793309
-0.748644
-0.423997
-0.295476
-0.373306
0.979583
0.314799
0.325495
0.219121
1.0
1.0
0.515385
0.482564
0.482564
0.348352
0.85033
0.85033
0.14967
0.344835
0.344835

0.605418
-0.493327
0.066357
-0.272852
-0.314823
1.0
0.061465
0.979267
0.563736
0.510403
0.255897
0.685055
0.721392
0.901319
0.748059
0.793773
1.0
0.324908
0.991355
0.606227

0.47026
-0.974602
-0.115537
-0.433951
-0.051234
1.0
0.432747
0.004908
0.620586
1.0
1.0
1.0
0.498974
0.464982
0.225421
1.0
0.198608
0.494286
0.247546
0.202711

0.848106
-0.330258
0.000794
-0.421369
0.329668
0.968989
0.085201
1.0
0.237582
0.700586
1.0
0.648132
0.550403
0.300879
0.182491
0.565788
0.713773
0.324322
1.0
0.647253

0.733396
-0.277703
-0.034871
-0.368287
-0.37335
1.0
0.227326
0.050916
0.219414
1.0
0.94381
0.872015
0.470843
0.450623
0.285055
1.0
1.0
0.342344
0.997729
0.247546

0.742093
-0.16882
-0.191262
0.242931
0.095228
0.990092
0.14967
0.62
0.568132
0.947033
1.0
0.465275
0.604469
0.352161
0.49663
0.999194
0.433919
0.207399
0.901905
1.0

0.738964
-0.150163
0.0
0.093578
0.544514
1.0
0.019853
0.35978
0.563736
1.0
1.0
0.628498
0.703517
0.679194
0.266007
0.473773
0.85033
0.244322
0.306007
0.393187

0.733396
-0.729083
-0.034871
-0.375642
-0.318815
0.880406
0.536777
1.0
0.345714
0.868938
0.693846
0.777509
1.0
0.577509
0.508938
0.999194
0.433919
0.248425
0.304689
0.118608

0.597479
-0.372445
-0.098543
-0.409162
-0.095672
0.714191
0.207692
0.176337
0.146154
0.683297
1.0
1.0
0.472308
0.65663
0.348498
0.590989
1.0
0.009011
0.647253
0.606227

0.796074
-0.044132
-0.214429
0.580236
-0.100921
0.785931
0.0
0.371209
0.663077
0.858681
0.373993
0.752454
0.65663
0.972528
0.505421
0.85033
0.743223
0.08989
0.202711
0.269231

0.851726
-0.449289
-0.303489
-0.152905
-0.069197
0.981736
0.074359
0.559341
0.232161
1.0
1.0
0.648132
0.6537
0.752161
0.314066
0.713773
0.425861
0.308791
0.38293
0.991355

0.742093
-0.493327
-0.264486
0.297998
0.095228
0.979583
0.164615
0.047692
0.68359
0.833333
1.0
1.0
0.496923
0.450623
0.225421
0.567986
0.289158
0.340733
0.647253
0.747766

0.793309
-0.277703
0.0
-0.409162
0.027378
0.890215
0.207692
0.0
0.798462
1.0
0.728132
0.657363
0.764029
0.482564
0.190696
0.590989
0.474359
0.261758
0.529158
0.352747

0.788731
-0.638063
-0.303489
-0.272852
-0.209362
0.979583
0.255751
0.299267
0.478462
1.0
0.693846
0.628498
0.901319
0.595971
0.651795
1.0
0.960806
0.317289
0.357729
1.0

0.694631
-0.281592
-0.115537
-0.409162
0.775405
1.0
0.095165
1.0
0.183077
1.0
0.507179
0.514066
0.721392
0.496923
0.748059
0.425861
0.627766
0.181319
0.324029
0.393187

0.857606
-0.87735
0.0
-0.421369
-0.069197
1.0
0.164029
0.979267
0.192454
1.0
0.899854
0.770183
0.482564
0.393773
0.287399
1.0
0.474359
0.308791
0.655165
0.862638

