open_b
Left

0.168159
0.085171
0.282267
0.325591
-0.260499
0.0
0.015079
-0.003484
0.020147
0.0
0.0
0.006081
0.0
0.0
0.044768
0.0
0.0
0.00315
0.0
0.0

0.487448
0.056024
0.189876
0.318427
-0.067668
0.0
-0.007584
-0.005214
-0.018101
0.0
0.0
0.006081
0.0
0.0
-0.013557
0.0
0.0
0.0
0.0
0.0

0.583547
-0.058183
0.088376
0.241339
0.062543
0.0
-0.041087
-0.028248
0.0
0.0
0.0
0.005788
0.0
0.0
0.0
0.0
0.0
0.0
0.0
0.0

0.123844
0.496957
-0.02585
-0.026994
0.339491
0.182621
0.037143
-0.018677
0.0
0.0
0.0
0.00989
0.0
0.0
0.0
0.0
0.009597
0.0
0.004322
0.0

-0.458133
-0.103882
-0.096503
-0.52926
-0.187548
0.185121
-0.124041
0.0
0.0
0.0
0.0
0.0
0.0
0.0
0.0
0.0
0.001978
0.0
0.0
0.0

0.555981
-0.149154
-0.065065
0.127422
-0.16192
0.254222
-0.10794
-0.056336
-0.063084
0.0
0.0
0.0
0.0
0.0
0.028645
0.0
0.0
0.004029
0.0
0.0

0.185473
-1.128718
-0.12683
0.325591
-0.373917
0.0
0.0
-0.018677
0.0
0.0
0.0
0.0
0.0
0.0
0.0
0.0
0.0
0.0
0.0
0.0

-0.255022
-0.206832
-0.232736
0.241339
-0.067668
0.0
-0.146491
0.0
0.0
0.0
0.0
0.005788
0.0
0.0
0.0
0.0
0.0
0.0
0.0
0.0

0.6226
-0.106565
0.199054
0.266212
0.339491
0.0
0.0
0.0
0.0
0.0
0.0
0.0
0.0
0.0
0.0
0.0
0.0
0.0
0.0
0.0

0.838055
0.085171
0.055471
0.261375
0.072969
0.316714
0.0
0.0
0.029817
0.0
0.0
0.0
0.0
0.0
0.0
0.0
0.0
0.0
0.0
0.0

0.109185
-0.212516
0.22845
0.614139
-0.367787
0.0
-0.213492
0.0
0.0
0.0
0.0
0.000806
0.0
0.0
0.0
0.0
0.0
0.0
0.0
0.0

-0.058811
-0.048786
-0.096503
-0.277028
-0.067668
0.0
0.0
0.0
0.0
0.0
0.0
0.0
0.0
0.0
0.0
0.0
0.0
0.0
0.0
0.0

-0.18009
0.454081
-0.096503
0.131326
0.199653
0.0
0.02044
0.0
0.0
0.0
0.0
-0.038413
0.0
0.0
0.0
0.0
0.0
0.002271
0.0
0.001685

0.800998
-0.177417
-0.006256
0.104978
-0.068594
0.005617
0.0
0.0
0.013407
0.0
0.0
0.0
0.0
0.0
0.0
0.0
0.0
-0.162204
0.0
0.0

0.482258
0.056024
0.189876
-0.235964
-0.077973
0.0
0.0
0.065861
0.0
0.0
0.0
0.0
0.0
0.0
0.0
0.0
0.001978
-0.027928
0.0
0.0

0.109185
0.6284
0.189876
0.09431
-0.246616
0.089917
0.0
0.0
0.0
0.0
0.0
0.0
0.0
0.0
0.0
0.0
0.0
0.0
0.0
0.0

0.444831
0.570025
-0.156885
0.211696
-0.038027
0.0
-0.124923
0.0
0.0
0.0
0.0
0.0
0.0
0.0
0.0
0.0
0.0
0.0
0.0
0.0

0.639346
0.146338
-0.351786
0.127422
0.057837
0.2125
-0.146491
0.0
0.006374
0.0
0.0
0.0
0.0
0.0
-0.158221
0.0
0.0
0.0
0.0
0.0

