open_f
Left

0.913114
-0.052372
-0.183963
-0.275337
-0.906964
0.584258
0.15348
0.0
0.07348
0.114506
0.114506
-0.015133
0.0
0.0
-0.268672
0.0
0.0
-0.362856
0.0
0.0

1.0
-0.5111
-0.260336
-0.262553
-0.904129
0.584587
0.14
0.0
0.178095
0.157875
0.157875
0.03685
0.0
0.0
-0.183366
0.0
0.0
-0.294293
0.0
0.0

1.0
-0.564655
-0.399908
-0.290421
-1.065042
0.571686
0.069963
0.0
0.158169
0.126227
0.126227
0.029817
0.0
0.0
-0.236302
0.0
0.0
-0.322562
0.0
0.0

0.961779
-0.627097
0.001978
0.340491
-1.097622
0.589752
0.246227
0.010183
0.045055
1.0
0.304103
-0.026688
0.0
0.0
-0.177021
0.0
0.0
-0.360005
0.0
0.020733

1.0
0.396835
-0.183963
-0.499825
-0.765174
0.75787
0.039487
0.0
0.034799
0.135311
0.056484
0.622637
0.0
0.0
-0.13689
0.0
0.0
-0.102981
0.0
0.0

1.0
0.866371
0.700175
-0.183445
-1.158588
0.842484
0.007253
0.0
0.256191
0.046227
0.105714
-0.115835
0.0
0.0
-0.161017
0.0
0.0
-0.105842
0.00022
0.0

1.0
-0.680598
-0.461508
-0.05993
-0.308676
1.0
0.0
0.0
0.047985
0.399634
0.168132
0.033626
0.0
0.0
-0.21617
0.0
0.0
0.0
0.0
0.0

0.978643
-0.527863
-0.219053
-0.157373
-0.634425
1.0
0.162857
0.0
0.031282
0.272747
0.087839
0.08696
0.0
0.0
-0.044813
0.0
0.0
-0.358295
0.0
0.0

1.0
0.121618
-0.333663
-0.495497
-1.132229
0.574144
0.0
0.0
0.353333
0.290769
0.290769
0.0
0.0
0.0
-0.198139
0.0
0.0
-0.265792
0.020733
0.031282

0.838874
-0.046005
-0.219053
-0.035603
-0.936343
0.525573
0.0
0.0
1.0
0.396117
0.307326
0.08696
0.0
0.0
-0.13689
0.0
0.0
-0.111647
0.0
0.0

1.0
-0.550256
0.456628
-0.294531
-1.158588
1.0
0.0
0.0
0.018095
0.135311
0.023956
0.0
0.0
0.0
-0.231756
0.015458
0.0
0.0
0.0
0.0

0.891764
0.143839
0.001978
-0.450692
-1.59396
1.0
0.161392
0.0
0.066154
0.319048
0.114506
0.0263
0.0
0.0
-0.224613
0.0
0.0
-0.348
0.020733
0.0

0.882486
-0.021571
0.033369
-0.289548
-0.479019
1.0
0.0
0.0
0.465861
0.064689
0.217363
0.0
0.0
0.0
-0.143134
0.0
0.0
-0.358295
0.0
0.0

0.914076
-0.537022
0.456628
-0.324803
-1.043994
0.584587
0.0
0.0
0.037729
0.092821
0.335604
0.357436
0.0
0.0
-0.164772
0.0
0.004908
-0.145318
0.007839
0.045934

1.0
0.083071
-0.183963
-0.376252
-0.547182
1.0
0.0
0.0
0.031282
0.274212
0.023956
0.011355
0.0
0.0
-0.240697
0.0
0.0
-0.166357
0.0
0.0

1.0
-0.44343
-0.129776
-0.347916
-0.547182
0.571686
0.0
0.0
0.06
0.304103
0.194212
0.0
0.0
0.0
-0.14219
0.004908
0.0
0.0
0.033919
0.0

0.394932
0.414558
-0.399908
-0.324803
-0.858575
1.0
0.092527
0.0
0.084615
0.187473
0.195385
0.001392
0.0
0.0
-0.144532
0.0
0.0
-0.142347
0.0
0.033919

1.0
-0.135221
-0.077515
-0.549683
-0.906964
0.496431
0.23641
0.0
0.018095
0.092821
0.087253
0.040659
0.0
0.0
-0.233256
0.0
0.0
-0.002435
0.0
0.0

