p
Left

0.598828
-0.917458
-0.628949
0.0
0.001741
1.0
0.210183
0.0
0.178974
0.0
0.0
0.571648
0.017216
0.017216
1.0
1.0
1.0
0.997143
0.998901
0.998901

0.624523
-1.191393
-1.131282
0.0
-0.081161
1.0
0.241978
0.0
0.059414
0.0
0.0
0.396117
0.002857
0.002857
1.0
1.0
1.0
0.752747
0.998901
0.998901

0.628098
-1.128736
-0.845705
0.0
-0.158792
1.0
0.175751
0.0
0.114799
0.0
0.0
0.600659
0.017509
0.017509
1.0
1.0
1.0
0.836557
0.998901
0.998901

0.81304
0.100088
-0.845705
0.0
0.007658
0.752182
0.380586
0.0
0.329597
0.0
0.0
0.578095
0.0
0.317289
1.0
0.571941
1.0
0.822491
1.0
0.822491

0.722335
-0.948204
0.0
0.0
0.0
1.0
0.033919
0.0
0.440659
0.0
0.0
1.0
0.050623
0.167546
1.0
1.0
1.0
0.79348
1.0
0.944396

0.628579
-1.038679
0.0
0.0
0.880356
1.0
0.0
0.0
0.214139
0.0
0.0
1.0
0.317289
0.065861
1.0
1.0
1.0
0.943517
0.998901
0.99978

0.70142
0.566157
0.0
0.0
0.071862
1.0
0.05619
0.0
0.329597
0.0
0.0
1.0
0.056777
0.16022
1.0
1.0
0.571941
1.0
0.849011
0.980733

0.788843
0.328778
0.0
0.0
0.0
1.0
0.235238
0.0
0.05326
0.0
0.0
0.716703
0.071136
0.017509
1.0
1.0
1.0
0.993626
0.035971
1.0

0.37389
0.460629
-0.474161
0.0
0.321518
1.0
0.033919
0.0
0.1863
0.0
0.0
1.0
0.002857
0.054725
1.0
0.712894
1.0
0.992308
0.68652
1.0

1.0
-2.341412
0.0
0.0
0.152662
1.0
0.0
0.0
0.1863
0.0
0.0
0.541319
0.028352
0.012527
1.0
1.0
1.0
1.0
1.0
0.822491

0.94828
-0.62193
0.0
0.0
0.05099
1.0
0.129451
0.0
0.258681
0.0
0.0
1.0
0.16022
0.0
1.0
1.0
1.0
0.952601
0.624689
0.999487

0.811598
-0.375084
0.0
0.0
0.0
0.915649
0.0
0.0
0.102491
0.0
0.0
1.0
0.027179
0.0
1.0
1.0
0.689158
1.0
0.035971
0.68652

0.721773
-0.542696
-0.845705
0.121407
0.001143
1.0
0.235238
0.015458
0.204762
0.0
0.0
0.639341
0.013993
0.277436
1.0
1.0
0.406667
1.0
1.0
0.624689

0.934986
-0.336788
-0.00292
0.0
0.762102
0.915649
0.0
0.0
0.169304
0.0
0.0
0.776923
0.166374
0.060586
1.0
1.0
1.0
1.0
0.644615
0.644615

1.0
-1.126228
-0.424392
0.0
0.0
1.0
0.442418
0.0
0.45707
0.0
0.0
0.748938
0.22967
0.302051
1.0
0.712894
1.0
0.836557
1.0
1.0

1.0
0.791164
-0.628949
0.0
0.0
1.0
0.078755
0.0
0.45707
0.0
0.0
1.0
0.0
0.212088
1.0
0.099853
1.0
0.822491
0.849011
1.0

0.776031
0.654413
0.0
0.0
0.0
1.0
0.235238
0.0
0.239048
0.0
0.0
0.750696
0.031575
0.027179
1.0
1.0
1.0
1.0
0.644615
1.0

1.0
0.888785
-1.131282
0.0
0.0
1.0
0.033919
0.0
0.307326
0.007839
0.0
0.996557
0.154066
0.0
1.0
1.0
1.0
0.508205
0.99978
0.99978

