r
Left

0.494563
-0.190501
0.734952
0.168984
0.334025
1.0
1.0
0.159341
0.15348
0.0137
0.0137
0.093407
0.021026
0.021026
0.782344
1.0
1.0
0.696044
0.998901
0.998901

0.431055
-0.421174
0.426527
0.155901
0.352212
1.0
1.0
0.149963
0.182784
0.0
0.0
0.11304
0.017802
0.017802
0.767985
1.0
1.0
0.625275
0.998901
0.998901

0.401132
-0.576651
0.505658
0.140631
0.283385
1.0
1.0
0.146593
0.198901
0.0
0.0
0.071722
0.046227
0.046227
0.7
1.0
1.0
0.683297
0.998901
0.998901

0.577463
-0.21606
0.33335
0.0
0.106563
1.0
1.0
0.165495
0.531502
0.0
0.0
0.0
0.068791
0.0
0.845348
1.0
1.0
0.615604
1.0
1.0

0.141245
-0.339843
0.396646
0.15385
0.518271
1.0
1.0
0.138388
0.055897
0.038022
0.0
0.315971
0.046227
0.0
0.828938
1.0
1.0
0.906886
1.0
1.0

0.462462
-0.147283
0.144839
0.0
0.44245
1.0
1.0
0.078462
0.182784
0.0
0.0137
0.0
0.047106
0.102784
0.607106
1.0
1.0
0.598608
0.997729
1.0

0.824588
0.400267
0.300996
0.172032
0.0
1.0
1.0
0.0
0.211795
0.0
0.0
0.126227
0.032454
0.037729
0.751282
0.950256
0.999487
0.827766
1.0
0.997729

0.41115
-0.370182
0.297458
0.0
0.334025
1.0
1.0
0.030403
0.268498
0.0
0.0
0.159927
0.0
0.0
1.0
1.0
1.0
0.59304
1.0
0.999194

0.401619
-0.263071
0.122004
0.0
0.518271
1.0
0.360366
0.087546
0.27011
0.0
0.0
0.144221
0.026886
0.0
0.684762
1.0
1.0
0.696044
1.0
1.0

0.751157
-0.869189
0.238895
0.0
0.680746
1.0
0.349817
0.0
0.182784
0.0137
0.0
0.124762
0.0
0.0
0.626447
0.950256
1.0
0.371648
1.0
0.999194

0.401132
0.400267
0.326311
0.172032
0.270111
1.0
0.305275
0.152601
0.136777
0.0
0.018095
0.013407
0.026886
0.040366
1.0
1.0
1.0
0.199048
1.0
1.0

0.494563
-0.475006
0.150617
0.0
0.195867
1.0
1.0
0.0
0.264835
0.0
0.0
0.0
0.021026
0.03011
1.0
0.999194
1.0
0.45619
1.0
1.0

0.496426
-0.475006
0.298955
0.230644
0.144385
1.0
1.0
0.095165
0.21619
0.0
0.0
0.268059
0.0
0.0
0.845348
1.0
1.0
0.603443
1.0
0.99978

0.419454
-0.385341
-0.110991
0.115755
0.593115
1.0
0.965495
0.0
0.675971
0.0
0.016923
0.067619
0.093114
0.0
0.778681
1.0
1.0
0.708059
1.0
1.0

0.501883
-1.174742
0.367715
0.0
0.311007
1.0
1.0
0.449744
0.182784
0.012527
0.038022
0.064396
0.047106
0.0
0.743956
1.0
1.0
0.804029
1.0
1.0

1.0
-0.416795
0.039747
0.15385
0.621052
1.0
1.0
0.536191
0.164615
0.0
0.0
0.0
0.19304
0.0
0.772088
1.0
1.0
0.216484
1.0
1.0

0.394202
0.040222
0.238438
0.243806
0.332803
1.0
0.684176
0.020147
0.205348
0.0
0.018095
0.097216
0.041832
0.0
0.684762
1.0
1.0
0.806227
1.0
0.999487

0.632899
-0.513653
0.174506
0.0
0.162156
1.0
1.0
0.0
0.211795
0.0
0.0
0.795238
0.0
0.0
1.0
1.0
1.0
0.906886
1.0
1.0

