spread_e
Left

0.681201
1.468847
0.139237
0.785349
0.305779
1.0
1.0
0.823077
-0.17376
1.0
1.0
-0.273536
1.0
1.0
-0.16671
1.0
1.0
-0.033011
0.439048
0.439048

0.58212
1.458917
0.151924
-0.007662
0.116507
1.0
1.0
0.543077
-0.071032
1.0
1.0
-0.293173
1.0
1.0
-0.146338
1.0
1.0
-0.01307
0.435971
0.435971

0.477818
1.040309
0.716645
0.365566
-0.026431
1.0
1.0
0.471722
-0.024499
1.0
1.0
-0.29113
0.986007
0.986007
-0.176459
1.0
1.0
0.037143
0.499854
0.499854

0.688032
1.458917
0.139237
-0.069001
-0.467864
1.0
1.0
0.349377
-0.249766
1.0
1.0
-0.270793
1.0
0.910989
-0.109007
0.754506
0.703223
0.067619
0.59011
0.246667

0.53755
-0.345776
0.094033
-0.007662
-0.257549
1.0
0.875531
1.0
0.0
1.0
1.0
-0.200915
1.0
0.998022
-0.040963
1.0
0.517729
-0.003684
0.830989
0.909524

0.458507
0.687274
0.266684
-0.509354
-0.370374
1.0
1.0
1.0
-0.071032
1.0
0.99978
-0.20787
0.654872
1.0
-0.169854
1.0
1.0
0.0
1.0
0.472601

0.830803
0.54237
0.266684
-0.159799
-0.263381
1.0
1.0
1.0
-0.034217
1.0
0.99978
0.0
0.670696
1.0
-0.070207
0.703223
0.642564
0.037143
0.499854
0.439048

0.902937
1.040571
0.151924
-0.334526
-0.54213
1.0
1.0
0.212234
-0.191967
1.0
1.0
-0.225552
1.0
0.994615
-0.072125
1.0
0.751575
0.017216
0.248132
1.0

0.953656
0.555585
0.094033
-0.379865
0.18982
1.0
1.0
0.828059
-0.106353
1.0
1.0
-0.013819
0.998022
1.0
-0.046142
1.0
1.0
0.079634
0.802564
0.830989

0.782442
0.070587
0.463754
-0.334526
-0.423229
1.0
1.0
0.275385
0.130037
1.0
1.0
-0.164706
1.0
0.818388
-0.169823
1.0
1.0
0.0
1.0
0.246667

0.389302
0.769069
-0.066897
0.167246
-0.407546
1.0
1.0
1.0
-0.122838
1.0
1.0
-0.242165
0.56696
1.0
-0.110026
0.722711
1.0
0.0
0.527692
0.55685

0.430626
0.512715
-0.028548
-0.322662
-0.467864
1.0
1.0
0.531209
0.144103
1.0
1.0
-0.108926
0.600366
0.8937
0.016094
0.751575
0.722711
0.079634
0.98044
0.679194

0.766271
0.616455
0.156956
0.572298
-0.314596
1.0
1.0
0.846813
0.215018
1.0
1.0
-0.28822
1.0
0.998022
0.304103
1.0
1.0
0.051209
0.622637
0.867619

0.325631
0.756813
0.151924
0.090193
-0.295205
1.0
1.0
0.684176
0.0937
1.0
1.0
-0.202719
1.0
0.56989
-0.146338
0.54044
0.630549
0.069841
0.629084
0.811795

0.730259
0.951313
-0.11783
-0.018996
0.18982
1.0
1.0
1.0
0.123065
0.99978
1.0
0.074945
0.99978
0.759487
-0.055766
1.0
1.0
0.025872
0.386593
0.59011

0.855146
0.40496
-0.115426
-0.322662
-0.17988
1.0
1.0
1.0
-0.071032
1.0
1.0
0.035092
1.0
0.998022
0.345714
0.828645
0.729304
0.066447
0.703956
0.248132

0.673905
1.068874
0.221188
-0.285754
-0.604097
1.0
1.0
1.0
-0.249766
1.0
1.0
-0.277352
1.0
0.748352
-0.055766
1.0
1.0
-0.099913
0.786447
0.835385

0.768249
0.630122
-0.140687
-0.387029
-0.297944
1.0
1.0
0.289158
-0.147059
1.0
1.0
-0.346318
0.818388
1.0
-0.176459
1.0
0.999194
0.41663
0.774432
0.950549

