t
Left

0.167803
0.000196
-0.40308
0.0
0.005849
1.0
1.0
0.0
0.999487
1.0
1.0
0.646374
1.0
1.0
1.0
1.0
1.0
0.979707
0.998901
0.998901

0.368613
0.000167
-0.397797
0.0
-0.000934
1.0
1.0
0.0
0.999487
1.0
1.0
0.770037
1.0
1.0
1.0
1.0
1.0
0.974286
0.998901
0.998901

0.368685
4.4e-05
-0.546469
0.0
0.008792
1.0
1.0
0.0
0.999487
1.0
1.0
0.751136
1.0
1.0
1.0
1.0
1.0
0.882857
0.998901
0.998901

0.167803
0.0
0.0
0.0
0.0
1.0
0.531355
0.047399
0.86674
1.0
1.0
1.0
0.955605
0.648425
0.724908
1.0
1.0
1.0
1.0
1.0

0.436593
0.0
0.0
0.0
0.0
1.0
1.0
0.04359
1.0
1.0
0.706886
0.931209
1.0
1.0
1.0
1.0
1.0
1.0
1.0
0.99978

0.887974
0.0
0.0
0.0
0.0
1.0
0.441538
0.0
1.0
0.665421
1.0
1.0
1.0
0.932234
1.0
1.0
1.0
0.954945
1.0
1.0

-0.107392
0.0
0.0
0.0
-0.000934
1.0
0.451648
0.0
1.0
1.0
0.281539
0.646374
0.999194
0.512161
1.0
1.0
1.0
1.0
1.0
1.0

0.27953
-0.00936
0.0
0.0
0.056513
1.0
0.536484
0.0
0.508645
0.982784
0.665421
0.752747
1.0
1.0
1.0
1.0
1.0
0.765934
0.998901
1.0

-0.172493
0.0
-0.009821
0.0
0.008792
1.0
0.401832
0.093407
1.0
1.0
1.0
1.0
1.0
0.998315
1.0
0.712894
1.0
1.0
1.0
1.0

0.393323
0.380377
-0.071215
0.0
0.002003
1.0
1.0
0.0
1.0
0.170476
0.665421
0.996557
1.0
1.0
1.0
1.0
1.0
1.0
1.0
1.0

0.180707
0.0
0.005115
0.0
0.051188
1.0
1.0
0.0
1.0
1.0
0.99978
1.0
1.0
1.0
1.0
1.0
1.0
1.0
1.0
1.0

-0.172493
0.0
0.0
-0.043369
0.0
1.0
0.441538
0.0
1.0
0.281539
1.0
1.0
1.0
1.0
1.0
1.0
1.0
0.270549
1.0
1.0

-0.172493
0.0
0.0
0.0
0.002197
1.0
1.0
0.0
0.869963
1.0
0.99978
1.0
1.0
1.0
1.0
1.0
1.0
0.99978
0.998901
1.0

0.382081
0.0
-0.029437
0.0
0.0
1.0
0.581612
0.097802
1.0
1.0
1.0
0.752747
1.0
0.999194
1.0
1.0
1.0
1.0
1.0
1.0

0.360656
0.088391
-0.324066
0.0
0.215707
1.0
0.480806
0.0
0.86674
1.0
1.0
1.0
1.0
0.999194
1.0
0.920073
1.0
0.889744
1.0
1.0

0.482839
-0.00936
0.0
0.0
0.0
1.0
1.0
0.0
1.0
1.0
1.0
0.770037
0.99978
0.99978
1.0
1.0
1.0
1.0
1.0
1.0

-0.172493
0.0
0.0
0.0
0.0
1.0
1.0
0.0
0.708498
1.0
1.0
1.0
1.0
1.0
1.0
1.0
1.0
0.539121
1.0
1.0

0.087355
0.306793
0.0
0.0
0.027713
1.0
0.440366
0.0
0.858681
0.671282
1.0
0.882857
1.0
1.0
1.0
1.0
1.0
0.965495
1.0
0.999194

