v
Left

0.602697
0.73449
-0.13536
-0.120554
0.209802
1.0
1.0
0.07348
0.013407
0.0
0.0
0.049158
0.0
0.0
0.508059
1.0
1.0
0.564322
0.998901
0.998901

0.499986
0.681149
-0.274616
-0.098836
0.101457
1.0
1.0
0.071136
0.028394
0.0
0.0
0.1063
0.0
0.0
0.484762
1.0
1.0
0.606813
0.998901
0.998901

0.455532
0.578287
-0.236173
-0.157439
0.035284
1.0
1.0
0.113187
0.08022
0.0
0.0
0.128864
0.0
0.0
0.54381
1.0
1.0
0.540293
0.998901
0.998901

0.322247
0.704579
0.001884
0.014832
0.16361
1.0
1.0
0.058535
-0.013556
0.0
0.0
-0.047302
0.0
0.0
0.635824
0.733846
1.0
1.0
0.860879
1.0

0.546233
0.559462
-0.146529
0.0
0.428524
1.0
0.283004
0.124176
-0.051223
0.0
0.0
0.06293
0.0
0.0
1.0
1.0
1.0
0.562271
1.0
0.999487

1.0
0.450707
-0.199672
0.0
0.157917
1.0
1.0
0.120366
0.0
0.0
0.0
0.0
0.0
0.0
0.293553
1.0
1.0
0.314945
0.999487
0.379707

0.65956
0.282246
-0.194803
0.0
0.709227
1.0
0.521392
0.024249
-0.111086
0.0
0.0
0.08989
0.0
0.0
1.0
1.0
1.0
0.697363
1.0
0.898388

0.816985
0.42295
-0.146529
0.0
0.46457
1.0
0.250623
0.064396
-0.080972
0.0
0.0
0.0
0.0
0.0
0.498828
1.0
1.0
0.424396
0.679487
0.998901

0.61534
0.28458
-0.258003
0.0
0.325502
1.0
0.533846
0.589231
-0.098649
0.0
0.0
0.316996
0.0
0.0
1.0
1.0
0.999487
0.530769
0.998901
1.0

0.58719
0.432819
-0.199672
0.014832
0.584984
1.0
1.0
0.001392
0.012821
0.0
0.0
0.001978
0.0
0.0
0.731355
1.0
1.0
0.685641
1.0
1.0

0.225533
0.28458
-0.151705
-0.002214
0.101457
1.0
0.799048
0.274213
-0.00102
0.0
0.0
-0.104203
0.0
0.0
1.0
0.71392
1.0
1.0
0.379707
1.0

0.74403
0.282246
-0.550541
0.0
0.428953
1.0
1.0
0.391429
-0.019797
0.0
0.0
0.0
0.0
0.0
1.0
1.0
1.0
1.0
1.0
0.99978

0.718083
0.501119
-0.146529
0.0
0.101457
1.0
1.0
0.0
0.031575
0.0
0.0
0.017509
0.0
0.0
1.0
1.0
1.0
0.564322
1.0
1.0

0.832129
0.432819
-0.128826
0.099954
0.504824
1.0
0.298974
0.043004
0.030696
0.0
0.0
0.0
0.0
0.0
1.0
1.0
1.0
0.53619
0.954066
0.999487

0.881365
0.398986
-0.258003
0.0
0.0
1.0
0.375604
0.416923
0.012821
0.0
0.0
0.0
0.0
0.0
0.655897
1.0
0.999194
0.681245
1.0
1.0

0.602697
0.42054
0.327657
0.0
0.266931
1.0
0.385714
0.000806
0.077123
0.0
0.0
-0.104203
0.0
0.0
0.731355
1.0
1.0
0.562271
1.0
1.0

1.0
0.598792
-0.235005
0.0
0.342141
1.0
1.0
0.485202
0.08022
0.0
0.0
0.222637
0.0
0.0
1.0
1.0
1.0
0.664542
0.67055
1.0

0.65956
0.401227
-0.314663
-0.008624
0.101457
1.0
0.848864
0.0
-0.111086
0.0
0.0
0.001978
0.0
0.0
0.416777
0.999487
1.0
0.805055
1.0
0.999487

