w
Left

0.46507
0.370574
0.355589
0.20086
0.251874
1.0
0.581026
0.095165
0.0
0.014286
0.014286
0.054725
0.0
0.0
0.05033
0.0
0.0
0.23641
0.814286
0.814286

0.489621
0.32663
0.173983
0.011745
0.207434
1.0
0.647253
0.091941
0.0
0.00315
0.00315
0.068791
0.0
0.0
0.059414
0.0
0.0
0.203004
0.734286
0.734286

0.455858
0.347242
0.146567
0.016302
0.096896
1.0
0.655165
0.086081
0.0
0.013407
0.013407
0.0937
0.0
0.0
0.10718
0.0
0.0
0.229963
0.658388
0.658388

0.053336
0.221363
0.183715
-0.214493
0.079345
1.0
0.855018
0.159927
-0.041507
0.0
0.0
-0.050352
0.0
0.0
0.188059
0.0
0.0
0.36652
0.661319
0.577656

0.631444
0.395924
-0.013723
0.180616
0.239231
1.0
0.365495
0.125348
0.0
0.0
0.0
0.0
0.0
0.0
0.030403
0.01663
0.0
0.575165
0.366227
1.0

0.908248
-0.167148
0.355589
-0.160813
0.253115
1.0
1.0
0.036557
-0.025105
0.0
0.0
0.0937
0.0
0.0
0.043297
0.0
0.0
0.921978
1.0
0.67685

0.863706
0.34506
0.031559
0.077726
0.512449
1.0
1.0
0.354213
0.0
0.0
0.001685
-0.020589
0.0
0.0
0.295751
0.0
0.0
0.529744
0.860147
0.864396

0.649161
0.221363
-0.048143
0.143467
0.598067
1.0
0.699121
0.081685
-0.035721
0.022491
0.02337
0.064982
0.0
0.0
0.0
0.0
0.0
0.546593
0.950549
0.860147

0.772015
0.303331
-0.013723
-0.264871
0.63194
1.0
0.372674
0.462491
0.0
0.0
0.0
0.120513
0.0
0.0
-0.024817
0.0
0.009304
0.290623
0.895751
0.870256

1.0
0.446666
0.241477
-0.007785
0.10727
1.0
0.748938
0.038022
-0.007504
0.0
0.0
-0.050352
0.0
0.0
0.290037
0.0
0.0
0.251355
0.281832
0.742784

0.840603
0.480396
-0.167188
0.20086
0.144113
1.0
0.355092
0.199634
-0.037247
0.0
0.0
0.0937
0.0
0.0
0.0
0.0
0.0
0.655751
0.895751
1.0

0.149453
0.418369
0.045853
-0.123098
0.479593
1.0
0.492088
0.188938
-0.006626
0.0
0.0
0.144542
0.0
0.0
0.0
0.0
0.0
0.402271
0.724908
0.385861

0.616451
0.341437
-0.167188
-0.153156
0.512449
1.0
0.647253
0.0
-0.044349
0.0137
0.00315
0.0
0.0
0.0
0.0
1.0
0.0
0.402271
0.518315
0.259267

0.372078
0.584513
0.142389
0.077726
0.442312
1.0
1.0
0.188938
0.0
0.0
0.013407
-0.051331
0.0
0.0
0.102198
0.0
0.0
0.15685
0.652527
0.734286

0.234644
0.29945
0.122644
0.050576
0.380386
1.0
1.0
0.0
0.0
0.010183
0.0
0.079048
0.0
0.0
0.15641
0.0
0.016044
0.856484
1.0
0.864396

0.715538
0.446277
0.026389
0.161376
0.252384
1.0
0.582784
0.563004
0.0
0.0
0.0
-0.071439
0.0
0.0
0.16022
0.0
0.0
0.05707
0.848864
0.668059

0.580048
0.469212
0.057955
0.212298
0.512449
1.0
1.0
0.038022
0.0
0.0
0.0
-0.051331
0.0
0.0
0.003443
0.0
0.01663
0.557876
0.389084
1.0

0.893127
0.555946
-0.011818
0.143467
0.253115
1.0
0.869524
0.089597
-0.007504
0.001685
0.001099
0.0
0.0
0.0
0.030403
0.011941
0.0
0.921978
0.38967
1.0

