x
Left

1.0
0.091557
0.080422
0.1932
0.322416
1.0
1.0
0.325495
0.274213
1.0
1.0
0.80359
0.94293
0.94293
0.492381
1.0
1.0
0.508352
1.0
1.0

1.0
-0.05601
-0.066707
-0.042278
-0.106248
1.0
1.0
0.235238
0.24315
1.0
1.0
0.666007
0.831575
0.831575
0.607546
1.0
1.0
0.222491
0.998901
0.998901

0.725005
-0.037877
-0.12129
-0.201866
-0.260971
1.0
1.0
0.248571
0.268938
1.0
1.0
0.813114
1.0
1.0
0.72315
1.0
1.0
0.441832
0.998901
0.998901

0.453998
-1.200268
0.0
-0.328837
0.019411
1.0
1.0
0.22381
0.17788
0.667912
0.657509
1.0
0.976044
0.928571
1.0
1.0
0.999487
0.901319
1.0
0.999194

0.495214
-0.304885
0.0
-0.527221
0.06011
1.0
1.0
0.170476
0.434212
1.0
1.0
0.878755
0.977216
0.970183
1.0
0.937656
1.0
1.0
0.977216
1.0

1.0
-0.327787
-0.197334
0.0
0.011407
1.0
1.0
0.157582
0.595385
0.237289
0.998572
0.902051
0.981612
1.0
1.0
1.0
0.999487
1.0
1.0
0.99978

1.0
-0.068224
-0.003696
0.0
0.0
1.0
1.0
0.873773
0.17788
1.0
0.467033
1.0
1.0
1.0
1.0
1.0
0.919487
1.0
0.645788
1.0

0.387203
-0.037877
-0.079009
0.0
0.0
1.0
1.0
1.0
0.143648
0.535897
1.0
1.0
1.0
0.88315
0.562125
1.0
1.0
0.702198
0.598608
1.0

0.60832
-0.273383
0.0
0.0
0.007441
1.0
1.0
0.231575
0.669231
0.69707
1.0
0.722564
0.9063
0.695898
0.83304
0.999487
1.0
0.287692
0.977216
0.971062

0.965375
-0.202347
-0.034766
0.1932
-0.133987
1.0
1.0
0.240806
0.51011
0.963443
0.632308
1.0
0.927986
0.99978
1.0
1.0
1.0
1.0
0.908645
0.997729

-0.64865
-0.389347
-0.183569
0.0
0.099041
1.0
1.0
0.325495
0.539707
0.850037
1.0
0.820879
0.998608
0.99978
0.99978
1.0
1.0
0.702198
0.998901
1.0

1.0
-1.200268
0.0
-0.006934
-0.139916
1.0
1.0
0.412234
0.47304
0.535897
1.0
1.0
1.0
0.966081
0.562125
1.0
0.854139
0.869084
1.0
0.851795

-0.601879
-0.076055
0.0
0.0
0.0
1.0
1.0
1.0
0.346886
0.464689
0.378242
1.0
0.976044
1.0
0.685641
1.0
0.561978
0.47011
0.977216
0.998901

-0.26295
-0.202347
-0.158565
-0.053031
-0.276191
1.0
1.0
1.0
0.509524
1.0
1.0
1.0
0.998315
0.998608
0.661612
1.0
1.0
0.770623
1.0
1.0

0.965375
-0.373732
0.0
0.0
0.362169
1.0
1.0
1.0
0.51011
1.0
0.667912
0.908059
0.94293
0.998608
1.0
1.0
1.0
0.825714
1.0
0.916557

-0.500746
-0.418209
0.0
0.147861
0.449676
1.0
1.0
0.157582
0.1063
0.798755
1.0
1.0
1.0
1.0
1.0
1.0
0.495458
0.285934
1.0
0.951722

1.0
-0.037877
0.0
-0.339902
0.022772
1.0
1.0
1.0
0.367106
1.0
1.0
1.0
1.0
0.976044
1.0
1.0
1.0
0.754506
0.997729
1.0

-0.049447
0.083444
0.0
0.0
-0.133987
1.0
1.0
0.253114
0.194212
1.0
1.0
1.0
1.0
1.0
1.0
1.0
1.0
1.0
0.789377
0.971062

