y
Left

1.0
-0.001268
-0.264049
-0.047311
-0.336532
0.0
-0.085854
-0.088993
0.999487
1.0
1.0
0.866154
1.0
1.0
0.940879
1.0
1.0
0.181612
0.0
0.0

0.335943
-0.001306
-0.001372
0.0
-0.240889
0.0
-0.121388
-0.088642
0.999487
1.0
1.0
0.999414
1.0
1.0
1.0
1.0
1.0
0.347766
0.0
0.0

0.575717
-0.001381
-0.175999
0.0
-0.263028
0.0
-0.003302
-0.063667
0.999487
1.0
1.0
0.921245
1.0
1.0
1.0
1.0
1.0
0.412528
0.0
0.0

0.265923
-0.001306
0.0
0.0
-0.881629
0.0
0.002186
0.102565
1.0
0.92652
1.0
1.0
1.0
0.814286
1.0
1.0
1.0
0.28696
0.082857
0.0

0.41117
0.0
0.0
0.0
-0.788496
0.0
-0.363636
-0.063667
0.784249
1.0
1.0
1.0
0.998022
0.998608
1.0
0.747179
0.971355
0.362857
0.0
0.038901

0.943002
0.0
0.0
0.0
-0.258516
0.0
0.0
-0.057088
1.0
1.0
0.725934
1.0
0.998315
0.799634
1.0
1.0
1.0
0.152601
0.0
0.001978

-0.330797
0.0
0.0
0.0
-0.548088
0.0
-0.014489
-0.061361
1.0
1.0
1.0
0.93707
0.797875
1.0
1.0
1.0
1.0
0.248425
0.0
0.0

0.5551
0.0
0.0
0.0
0.42849
0.0
-0.055177
0.178524
0.784249
1.0
0.725934
1.0
0.523004
1.0
1.0
1.0
0.964908
0.227619
0.0
0.0

0.017139
0.0
0.0
0.0
-0.162781
0.0
0.0
-0.1875
1.0
1.0
1.0
1.0
0.998022
0.982784
1.0
0.771355
0.971355
0.167546
0.0
0.0

0.157372
0.0
0.0
0.0
-0.079307
0.0
-0.256902
-0.031588
1.0
0.945421
0.99978
1.0
1.0
1.0
1.0
1.0
1.0
0.024249
0.029231
0.0

-0.058955
0.0
0.0
0.0
-0.18311
0.0
-0.015094
-0.022965
1.0
1.0
0.991209
1.0
0.99978
1.0
0.673919
1.0
1.0
0.522564
0.0
0.0

-0.061005
-0.421466
0.0
0.0
-0.550878
0.243252
-0.085854
-0.037934
1.0
1.0
1.0
0.977509
0.814286
0.604762
1.0
0.758901
1.0
0.507179
0.0
0.0

0.475561
0.0
0.0
0.0
-0.13911
0.0
0.109708
-0.15859
0.99978
1.0
1.0
1.0
0.826154
1.0
1.0
1.0
1.0
0.568425
0.0
0.0

0.118673
0.0
0.0
-0.000802
-0.407102
0.0
0.0
0.0
1.0
1.0
1.0
1.0
1.0
0.998315
1.0
1.0
1.0
1.0
0.082857
0.004615

1.0
0.0
0.0
0.0
-0.077607
0.0
-0.004487
0.0
1.0
1.0
0.725934
0.910989
1.0
0.998022
1.0
1.0
0.821612
0.507179
0.0
0.0

0.807532
0.0
0.0
-0.000802
0.017505
0.0
-0.121388
-0.031588
0.99978
1.0
1.0
1.0
1.0
1.0
1.0
1.0
0.771355
0.227619
0.027766
0.082857

0.997225
0.0
0.0
0.0
-0.195284
0.0
-0.04259
-0.032166
1.0
1.0
1.0
1.0
1.0
1.0
1.0
0.964396
1.0
0.167546
0.0
0.0

0.532275
0.0
0.0
0.0
-0.229975
0.0
-0.230676
-0.061361
1.0
1.0
0.687399
1.0
1.0
1.0
1.0
1.0
0.758901
0.272747
0.0
0.0

