1
Left

0.913691
0.158598
0.0
0.0
0.072883
1.0
0.921245
0.501758
0.271282
0.0
0.0
1.0
1.0
1.0
1.0
1.0
1.0
0.955385
1.0
1.0

0.862565
0.082326
0.049532
0.0
0.319807
1.0
0.935018
0.387766
0.084908
0.0
0.0
0.7863
1.0
1.0
1.0
1.0
1.0
0.68652
1.0
1.0

0.859478
-0.086996
0.013084
0.04129
0.31648
1.0
0.695018
0.320806
0.151136
0.0
0.0
0.954945
1.0
1.0
0.950256
1.0
1.0
0.323736
1.0
1.0

0.750679
-0.087688
0.0
0.0
0.100798
1.0
0.951722
0.417216
0.044072
0.0
0.0
1.0
1.0
1.0
0.932967
1.0
1.0
0.967692
0.99978
1.0

0.706955
-0.126481
0.0
0.0
-0.232723
1.0
0.880513
1.0
0.135311
0.0
0.0
1.0
0.789084
1.0
1.0
1.0
0.999194
0.887985
1.0
0.994213

0.493864
-0.3028
0.0
0.0
0.0
1.0
0.921245
1.0
0.162968
0.0
0.0
1.0
1.0
1.0
1.0
1.0
1.0
0.316703
1.0
0.998901

0.540686
0.074034
0.0
0.000183
0.101081
1.0
0.816337
0.997985
0.135311
0.0
0.0
1.0
1.0
0.998608
0.950256
1.0
1.0
0.323736
0.994213
1.0

0.918391
0.555126
0.0
0.0
0.030486
1.0
0.795385
0.384103
0.012821
0.0
0.0
1.0
0.998022
1.0
0.988718
1.0
1.0
0.25282
0.998901
1.0

0.704308
-0.126481
0.0
0.0
0.127026
1.0
0.88989
0.0
0.185601
0.0
0.0
1.0
1.0
1.0
0.825568
0.999487
1.0
0.910549
1.0
0.998901

0.995441
0.168105
-0.173856
0.0
0.413351
1.0
1.0
1.0
0.064982
0.0
0.0
0.802271
0.99978
1.0
0.906301
1.0
0.878462
1.0
1.0
1.0

0.5536
-0.231634
0.0
0.0
0.101081
1.0
0.354066
1.0
0.230785
0.0
0.0
0.954945
0.998022
1.0
1.0
0.999194
1.0
0.895751
1.0
1.0

0.658971
-0.171972
0.120139
0.0
0.27842
1.0
0.967692
0.651062
0.266593
0.0
0.0
0.7863
1.0
0.998022
1.0
1.0
1.0
0.770476
0.999194
0.995092

0.803356
0.158598
-0.173856
0.186054
0.0
1.0
1.0
0.145568
0.230785
0.0
0.0
1.0
0.99978
1.0
1.0
1.0
0.878462
0.986447
0.96315
0.96315

0.93628
0.099704
0.0
0.0
0.069396
1.0
0.609451
1.0
0.278022
0.03011
0.04652
0.821319
0.648425
0.99978
1.0
1.0
1.0
1.0
1.0
1.0

0.473106
0.02821
0.0
0.0
0.066279
1.0
0.87641
0.224982
0.097509
0.0
0.038901
0.954945
1.0
1.0
0.956996
0.999194
0.999194
0.382344
1.0
1.0

0.685528
0.040076
0.0
0.0
0.0
1.0
0.795385
0.555238
0.318169
0.038901
0.0
0.992381
0.998608
1.0
1.0
1.0
1.0
1.0
0.997729
0.999487

0.596088
0.057929
0.0
0.0
-0.157367
1.0
0.467326
0.259854
0.312601
0.0
0.0
0.874652
0.648425
1.0
1.0
1.0
1.0
0.986447
0.999194
1.0

0.943993
0.02821
0.083819
0.0
0.0
1.0
0.88989
1.0
0.278022
0.0
0.0
1.0
0.998608
1.0
1.0
1.0
1.0
0.955385
1.0
1.0

