5
Left

0.695281
0.363376
-0.022975
-0.225597
-0.870333
0.0
-0.05542
-0.054168
-0.076239
0.0
0.0
-0.061885
0.0
0.0
-0.149483
0.0
0.0
-0.093074
0.0
0.0

0.530128
0.310623
-0.046193
-0.231741
-0.86232
0.0
-0.026576
-0.018271
-0.059515
0.0
0.0
-0.066017
0.0
0.0
-0.123289
0.0
0.0
-0.149621
0.0
0.0

0.564371
0.221984
-0.022206
-0.228266
-0.694206
0.0
0.012778
-0.004462
-0.029629
0.0
0.0
-0.023148
0.0
0.0
-0.116322
0.0
0.0
-0.149991
0.0
0.0

0.287416
0.372027
0.219321
-0.467265
-0.818814
0.0
0.002857
-0.018271
-0.115249
0.0
0.0
-0.052092
0.0
0.0
-0.054727
0.0
0.0
0.0
0.0
0.0

0.527062
0.548231
0.222163
-0.174569
-0.692578
0.368263
0.012778
-0.004741
-0.05097
0.0
0.0
0.0
0.0
0.0
-0.155271
0.0
0.0
-0.065964
0.0
0.0

0.092139
0.306391
-0.022975
-0.089161
-0.510178
0.154923
0.0
0.0
0.0
0.0
0.0
-0.066017
0.0
0.0
0.0
0.0
0.0
-0.084968
0.0
0.0

0.216933
0.713704
0.53726
0.194966
-0.578785
0.501143
-0.05542
-0.004462
-0.008798
0.0
0.0
-0.025038
0.0
0.0
0.0
0.0
0.0
0.0
0.0
0.0

0.201531
0.183928
0.04672
-0.026828
-0.460859
0.396346
0.0
-0.011716
-0.029629
0.001392
0.0
0.0
0.0
0.0
-0.078143
0.0
0.0
-0.072417
0.0
0.0

0.695281
0.410455
-0.018077
-0.434189
-0.532996
0.10906
0.088425
0.0
0.276557
0.0
0.005495
-0.098706
0.0
0.0
0.0
0.0
0.0
0.0
0.015458
0.010769

0.431027
0.548231
0.53726
-0.434902
-0.569285
0.0
-0.017041
-0.018271
-0.057318
0.019267
0.0
-0.008085
0.0
0.0
0.1228
0.0
0.0
-0.083121
0.0
0.0

0.326687
0.309537
0.118505
-0.006853
-0.339542
0.414795
0.015007
-0.011716
-0.021342
0.0
0.0
-0.090114
0.0
0.0
-0.078143
0.0
0.023956
0.0
0.0
0.001685

0.099691
0.242001
0.168917
-0.026828
-0.870333
0.0
0.0
0.018681
0.0
0.0
0.0
-0.008115
0.0
0.0
-0.164988
0.0
0.006081
-0.038728
0.0
0.0

0.306056
0.380635
0.00514
-0.116648
-0.870333
0.242139
-0.05542
0.0
0.0
0.0
0.0
-0.052092
0.0
0.0
0.103046
0.0
0.0
-0.15604
0.0
0.0

0.406435
0.763776
0.53726
0.943201
-0.91941
0.395629
0.009597
0.0
-0.112979
0.011648
0.0
0.0
0.0
0.0
0.000806
0.0
0.007546
0.0
0.0
0.0

0.201531
0.438949
-0.122196
-0.125721
-0.468416
0.0
0.060879
0.0
-0.108794
0.007253
0.0
-0.023148
0.0
0.0
-0.149483
0.0
0.0
0.0
0.0
0.0

0.301075
0.910585
0.16998
-0.026828
-0.435403
0.118171
-0.05542
-0.054168
-0.055772
0.0
0.0
-0.008024
0.0
0.0
-0.082774
0.0
0.000513
-0.121387
0.0
0.0

0.160312
0.418387
-0.228596
0.943201
-0.746362
0.139113
0.0
-0.004741
0.075238
0.0
0.0
-0.079913
0.0
0.0
-0.01218
0.0
0.0
-0.072417
0.0
0.0

0.186361
0.371591
-0.23891
-0.188785
-0.805021
0.278485
-0.023583
-0.044986
0.276557
0.0
0.0
-0.013474
0.0
0.0
-0.130806
0.0
0.0
-0.215788
0.0
0.0

