8
Left

0.752696
-0.002418
0.042496
0.163921
-0.286779
1.0
0.713187
0.296484
0.044762
0.0
0.0
0.400806
1.0
1.0
0.264249
0.029524
0.029524
-0.198547
0.01956
0.01956

0.740168
0.089759
0.152713
0.282547
-0.2989
1.0
0.710256
0.166081
0.024249
0.0
0.0
0.34674
1.0
1.0
0.17282
0.019267
0.019267
-0.129465
0.0
0.0

0.701256
0.102783
0.146871
0.209571
-0.336237
1.0
0.844469
0.234066
0.0
0.0
0.0
0.254432
0.954359
0.954359
0.079634
0.014872
0.014872
-0.10584
0.0
0.0

0.764049
-0.2156
0.182526
0.227349
-0.237138
1.0
1.0
0.007546
0.0
0.0
0.0
0.141172
1.0
1.0
0.294432
0.0
0.0
0.0
0.0
0.0

0.597511
0.216109
0.178084
-0.447968
-0.306913
1.0
0.63978
0.0
-0.006888
0.0
0.0
0.230989
1.0
0.257802
0.001685
0.0
0.0
0.0
0.0
0.0

0.668495
0.011703
-0.217643
0.442203
-0.374602
1.0
1.0
0.200513
0.024249
0.0
0.0
0.476703
0.960513
0.254872
0.24315
0.0
0.0
-0.129465
0.0
0.0

0.842335
0.087617
-0.128693
0.282547
-1.262659
1.0
0.403443
0.052088
0.229231
0.0
0.017802
0.462051
1.0
1.0
0.144689
0.0
0.0
0.0
0.0
0.0

0.783708
-0.250633
0.29232
0.16413
-0.391744
1.0
0.05033
0.072308
0.163736
0.0
0.048571
0.514212
0.809597
0.586886
0.306447
0.018388
0.0
0.0
0.0
0.0

0.070244
0.414496
0.45555
0.272737
-0.344321
1.0
0.96696
0.158755
0.0
0.0
0.0
0.30337
0.796557
0.716703
0.022491
0.005788
0.0
0.0
0.0
0.01956

0.712226
0.428293
-0.039691
0.376677
-0.286779
1.0
0.46293
0.115531
0.06
0.0
0.012234
0.999414
0.722857
0.521392
0.20022
0.0
0.0
0.00989
0.0
0.0

0.96443
-0.120366
0.088153
0.356977
-0.834609
1.0
0.844469
0.158755
-0.058638
0.0
0.004908
0.385128
0.796557
0.254872
0.17282
0.0
0.0
-0.034063
0.0
0.0

0.059098
0.216109
0.299014
0.227349
-1.262659
1.0
0.710256
0.296484
0.061758
0.00696
0.015165
0.34674
0.590696
0.690623
0.077875
0.0
0.0
0.00315
0.0
0.0

0.790177
0.228673
0.077438
0.280404
-0.165676
1.0
0.484615
0.498974
0.0
0.001978
0.0
0.295018
0.954359
0.605934
0.264249
0.0
0.014872
-0.198547
0.0
0.0

0.876989
0.382121
0.050456
-0.186671
-0.306913
1.0
0.030403
0.158755
0.165282
0.0
0.0
0.704103
0.998315
0.254872
0.212674
0.0
0.0
-0.164017
0.0
0.0

0.848384
-0.182223
0.098113
0.234517
-0.31577
1.0
1.0
0.052088
0.159634
0.0
0.0
0.134432
1.0
0.960513
0.0
0.0
0.0
0.0
0.014286
0.0

0.00373
-0.044323
-0.466885
0.007492
-0.312275
1.0
0.662198
0.305275
0.001099
0.0
0.001978
0.19978
0.521392
0.767985
0.329011
0.0
0.004615
-0.198547
0.0
0.0

0.937744
0.428293
-0.013759
0.227349
-0.210913
1.0
0.0
0.0
0.161538
0.048571
0.0
0.77033
0.644322
0.780879
0.591575
0.012527
0.006081
-0.10584
0.0
0.0

0.69503
-0.001978
0.234487
-0.023365
-0.206927
1.0
0.379414
0.383224
0.0
0.065568
0.0
0.265568
0.442711
0.998315
0.148645
0.0
0.017509
0.0
0.0
0.0

