bent_l
Left

0.324759
-0.061382
0.0
0.014002
0.002027
0.0
-0.172029
-0.11827
0.08989
1.0
1.0
1.0
1.0
1.0
0.81663
1.0
1.0
0.998022
1.0
1.0

0.784666
0.166336
0.0
0.037855
0.001396
0.0
-0.213543
-0.14681
0.182198
1.0
1.0
1.0
1.0
1.0
0.79641
0.942344
0.942344
0.998022
1.0
1.0

0.473323
0.167462
-0.035603
0.05353
0.00217
0.0
-0.072484
-0.049833
0.154066
1.0
1.0
0.934139
1.0
1.0
0.825128
1.0
1.0
0.998022
1.0
1.0

1.0
-0.06913
0.443256
0.0
0.0
0.007036
-0.053026
0.0
0.091062
1.0
0.915678
0.868791
0.998901
1.0
1.0
0.947326
1.0
1.0
1.0
1.0

0.271331
-0.031986
0.0
0.210912
0.0
0.0
-0.096075
0.0
0.059414
0.045641
1.0
0.974066
1.0
1.0
0.62044
0.987839
1.0
0.201549
0.999487
0.998901

0.75533
0.318283
0.0
0.0
0.348765
0.0
0.025714
-0.126143
0.364176
1.0
1.0
1.0
1.0
1.0
0.652381
1.0
0.987839
0.998022
1.0
0.801832

-0.282384
0.387609
-0.041149
0.273249
0.260814
0.003334
-0.189506
0.0
0.0
1.0
1.0
0.64696
0.998608
1.0
0.592747
0.999487
0.825714
1.0
1.0
1.0

0.603887
-0.28563
-0.000229
0.0
0.348765
0.0
-0.25904
0.0
0.47348
0.99978
1.0
1.0
1.0
1.0
1.0
1.0
1.0
0.677729
1.0
0.681539

0.324759
-0.043498
0.0
0.05353
-0.396667
0.0
-0.134343
-0.1875
0.0
1.0
0.534139
1.0
1.0
1.0
1.0
0.815311
0.999194
0.998022
1.0
1.0

0.324759
-0.045952
0.0
0.0
0.0
0.0
-0.033114
0.0
0.0
1.0
0.837436
1.0
1.0
0.645202
1.0
0.640659
1.0
0.943956
1.0
1.0

1.0
0.273412
0.0
0.0
0.0
0.0
0.182491
-0.1875
0.364176
1.0
1.0
0.898242
1.0
1.0
1.0
1.0
1.0
1.0
1.0
0.64022

0.679871
-0.133571
0.090715
0.0
0.17524
0.067336
-0.17698
0.0
0.243675
1.0
0.131209
1.0
0.645202
1.0
1.0
1.0
1.0
0.399341
1.0
1.0

-0.238933
0.13057
0.0
0.082037
0.0
0.24506
-0.078275
0.0
0.078169
0.730183
0.915678
1.0
1.0
0.998022
0.823077
1.0
1.0
0.778242
0.999487
1.0

-0.299357
-0.142413
-0.086689
-0.013274
0.0
0.0
-0.17698
-0.126143
0.155531
1.0
0.313773
1.0
0.998901
1.0
1.0
0.987839
0.999487
0.213075
0.998901
0.839634

0.673152
0.573687
-0.139606
-0.082372
0.0
0.0
-0.363636
-0.1875
0.307619
0.99978
0.045641
1.0
0.998315
0.998608
1.0
1.0
1.0
1.0
1.0
1.0

1.0
-0.275126
0.0
0.0
0.001396
0.0
0.0
0.0
0.527399
0.307326
0.486374
1.0
1.0
0.998901
1.0
1.0
0.999487
0.997216
0.986593
1.0

0.498421
0.035275
0.0
0.0
0.0
0.060743
-0.28865
-0.169403
-0.040272
0.313773
1.0
0.64022
1.0
1.0
0.87348
1.0
1.0
1.0
0.999487
1.0

0.911299
0.17376
0.816647
0.273249
0.0
0.0
0.154506
0.0
0.155531
1.0
1.0
1.0
0.998315
1.0
1.0
1.0
1.0
1.0
1.0
0.999194

