bent_1
Left

0.807759
0.099711
-0.025548
0.0
0.002852
1.0
1.0
0.356264
0.048662
1.0
1.0
0.966081
1.0
1.0
1.0
1.0
1.0
0.998022
1.0
1.0

0.889434
-0.337288
-0.150116
0.0
0.001463
1.0
0.96022
0.502784
0.164029
1.0
1.0
0.707619
1.0
1.0
1.0
1.0
1.0
0.998022
1.0
1.0

0.759497
0.165442
-0.161415
0.0
0.002221
1.0
1.0
0.312161
0.157582
1.0
1.0
0.785421
1.0
1.0
1.0
1.0
1.0
0.998022
1.0
1.0

0.449962
0.352997
0.0
0.0
0.003293
1.0
0.545128
0.024542
0.133647
1.0
1.0
1.0
1.0
1.0
0.999121
1.0
1.0
1.0
1.0
0.997729

0.26935
0.257169
0.0
0.0
0.000475
1.0
0.557289
0.78337
0.299414
0.254286
1.0
0.813407
1.0
1.0
1.0
1.0
1.0
0.703077
0.99978
1.0

0.769055
0.353
0.0
0.0
0.090437
1.0
0.070256
0.857216
0.262784
1.0
0.99978
0.962857
1.0
0.99978
0.867326
1.0
1.0
0.771502
1.0
1.0

0.758623
0.353
0.0
0.0
-0.261304
1.0
0.745128
0.878608
0.222259
0.827326
0.424835
0.901612
0.998022
1.0
1.0
1.0
1.0
0.998022
0.747473
0.909524

0.217484
-0.285497
0.0
0.001776
-0.120093
1.0
0.557289
0.72315
0.157582
0.721685
1.0
1.0
1.0
1.0
0.999121
1.0
1.0
0.542637
1.0
1.0

0.644363
0.143126
-0.039638
0.0
-0.011891
1.0
1.0
0.06
0.487692
1.0
1.0
0.639634
1.0
1.0
0.554066
0.999194
1.0
0.595385
1.0
1.0

0.857872
0.069592
0.0
0.0
-0.120093
1.0
0.0
0.374139
0.208774
0.507766
1.0
0.972234
1.0
1.0
0.832161
1.0
1.0
0.278608
1.0
1.0

0.449962
0.28695
0.0
0.0
0.10557
1.0
0.830257
0.015165
0.203883
1.0
0.618974
1.0
0.998022
0.998022
1.0
1.0
1.0
1.0
1.0
1.0

0.623358
-0.204241
0.0
0.0
0.449885
1.0
0.26337
1.0
0.325495
0.49326
0.794652
0.785421
1.0
1.0
0.999121
1.0
1.0
0.664835
1.0
1.0

0.623358
-0.016975
-0.160207
0.116687
0.0
1.0
0.664249
0.502784
0.202047
1.0
1.0
0.813407
1.0
1.0
1.0
1.0
0.999194
0.979487
1.0
1.0

0.926285
0.041137
-0.271303
0.0
0.003293
1.0
1.0
0.173114
-0.046729
0.899854
1.0
0.621758
1.0
1.0
0.554066
1.0
1.0
1.0
0.98044
0.999487

0.449962
-0.219556
0.0
0.0
0.272942
1.0
1.0
0.0
0.133647
1.0
0.349817
1.0
0.998315
0.999194
0.999121
1.0
1.0
0.992088
1.0
0.999487

0.695491
0.260976
0.0
0.0
0.247686
1.0
1.0
0.06293
0.141162
1.0
0.653407
1.0
1.0
1.0
1.0
1.0
1.0
1.0
1.0
1.0

0.133477
0.572166
0.0
0.0
-0.120093
1.0
1.0
1.0
0.162116
0.728718
0.794652
0.785421
1.0
1.0
1.0
1.0
1.0
0.819267
1.0
1.0

0.731682
0.321921
0.0
0.0
-0.011891
1.0
0.664249
1.0
0.289451
0.99978
1.0
0.932234
0.998315
0.998022
0.918315
1.0
1.0
0.78674
1.0
1.0

