bent_v
Left

0.540377
0.525281
-0.170136
0.013751
0.317423
1.0
1.0
0.570183
0.023782
1.0
1.0
-0.027617
1.0
1.0
0.966081
1.0
1.0
0.754799
1.0
1.0

0.486518
0.390505
-0.130814
0.018389
0.344778
1.0
1.0
0.394945
0.036058
1.0
1.0
-0.042592
1.0
1.0
0.962271
1.0
1.0
0.725495
1.0
1.0

0.498146
0.346005
-0.121304
0.0
0.250196
1.0
1.0
0.342637
0.084029
1.0
1.0
-0.002675
1.0
1.0
1.0
1.0
1.0
0.859853
1.0
1.0

-0.35825
0.613474
-0.26881
0.0
0.14012
1.0
1.0
0.077582
-0.02317
1.0
1.0
-0.122232
0.722857
0.810769
1.0
1.0
0.999487
1.0
0.998901
1.0

0.395611
0.674662
-0.097396
0.013751
0.080076
1.0
1.0
0.431282
0.0
1.0
1.0
0.041832
1.0
0.449451
0.888865
0.999487
1.0
1.0
1.0
1.0

0.283732
-0.002797
-0.320757
0.0
0.0
1.0
1.0
0.085495
0.191033
1.0
1.0
0.0
1.0
0.998608
0.872015
1.0
0.999487
0.511575
0.889597
1.0

0.506064
0.371753
-0.102574
0.0
0.239132
1.0
1.0
0.32989
0.157465
1.0
1.0
-0.20667
0.897802
0.546154
0.728425
1.0
1.0
0.865568
1.0
1.0

0.940042
0.578267
-0.320757
0.107395
0.085335
1.0
1.0
1.0
0.132985
0.672747
1.0
-0.314781
0.625861
0.998022
0.719341
1.0
1.0
1.0
1.0
1.0

0.17441
0.450356
-0.661471
0.0
0.0
1.0
1.0
0.096044
0.032387
1.0
1.0
0.0
0.998022
1.0
0.872015
1.0
1.0
1.0
1.0
1.0

0.705006
0.377169
-0.130338
-0.056121
-0.282838
1.0
0.982491
0.215018
0.072154
1.0
1.0
0.0
0.96696
0.779414
0.962271
1.0
1.0
0.711722
0.66337
0.781758

0.616839
0.371753
0.011364
0.0
0.465197
1.0
0.546447
0.327546
0.257509
1.0
1.0
0.007693
1.0
0.66718
0.888865
1.0
1.0
0.786007
1.0
0.99978

0.240877
0.346005
-0.173593
-0.080001
0.072139
1.0
1.0
0.0
0.047106
0.770037
0.875824
0.0
1.0
0.813553
1.0
1.0
1.0
1.0
0.999487
0.848278

0.686971
0.346005
-0.763385
0.053843
-0.242349
1.0
0.587766
0.023663
-0.104096
1.0
1.0
0.0
0.921538
0.810769
1.0
1.0
1.0
0.929451
1.0
0.998901

-0.041815
0.140916
-0.661471
0.0
-0.453456
1.0
1.0
0.310549
0.032747
1.0
0.847985
0.057656
0.998022
0.625861
0.587473
1.0
1.0
0.489597
1.0
1.0

0.283732
0.247626
-0.123967
0.044288
0.0
1.0
0.365934
0.057656
-0.032104
1.0
1.0
0.0
0.869377
1.0
1.0
1.0
1.0
0.609597
0.99978
1.0

0.607324
0.4139
-0.121304
-0.044158
-0.023641
1.0
0.665275
0.51978
0.023782
1.0
1.0
0.036557
1.0
1.0
0.719341
1.0
1.0
0.511575
1.0
0.99978

0.514867
0.742119
0.333772
0.0
0.07871
1.0
0.496044
0.570183
-0.084479
1.0
0.876117
0.0
1.0
1.0
0.83392
0.999487
1.0
0.711722
1.0
0.997729

0.605861
0.390505
-0.245641
0.108585
0.0
1.0
0.764469
0.077582
-0.047441
0.770037
1.0
-0.107029
1.0
0.810769
0.888865
1.0
1.0
0.706154
1.0
1.0

