closed_b
Left

0.442235
-0.128321
-0.0037
0.160213
0.19977
1.0
0.815458
0.142344
0.018974
0.0
0.0
0.012821
0.0
0.0
0.109554
0.0
0.0
0.012821
0.0
0.0

0.463699
-0.053113
0.073906
0.215715
0.287103
1.0
0.744835
0.085495
0.021319
0.0
0.0
0.025714
0.0
0.0
0.052381
0.0
0.0
0.021026
0.0
0.0

0.493906
-0.017184
0.055436
0.235699
0.326976
1.0
0.80022
0.096044
0.017216
0.0
0.0
0.045348
0.0
0.0
0.034212
0.0
0.0
0.021612
0.0
0.0

0.234355
-0.003281
0.134795
0.305072
0.123648
1.0
1.0
0.262784
-0.052419
0.0
0.0
0.0
0.0
0.0
0.0
0.0
0.0
0.012821
0.0
0.0

0.190364
0.004196
0.668073
0.063271
0.338578
1.0
0.937363
0.014286
0.0
0.0
0.0
0.0
0.0
0.0
0.109554
0.0
0.0
0.0
0.0
0.0

0.252059
-0.07635
-0.291338
0.295651
0.212845
1.0
0.815458
0.167399
0.001099
0.0
0.0
0.0
0.0
0.0
0.006667
0.0
0.0
0.006667
0.0
0.0

0.345306
0.172277
-0.0778
0.171645
0.158871
1.0
1.0
0.314359
0.0
0.0
0.0
0.0
0.0
0.0
0.109554
0.0
0.0
0.0
0.0
0.0

0.191957
-0.087119
0.090884
0.327881
0.078692
1.0
1.0
0.041538
0.0
0.0
0.0
0.009011
0.0
0.0
0.0
0.0
0.0
0.0
0.0
0.0

0.496473
-0.017184
-0.018238
0.233525
0.287103
1.0
1.0
0.012234
0.018974
0.0
0.0
0.0
0.0
0.0
0.0
0.0
0.0
0.063223
0.0
0.0

0.362363
-0.04186
-0.06979
0.106289
0.364344
1.0
1.0
0.0
0.0
0.0
0.0
0.0
0.0
0.0
0.017216
0.0
0.0
0.063223
0.0
0.0

0.286433
0.115998
-0.00785
0.121138
0.123648
1.0
1.0
0.200513
-0.011014
0.0
0.0
0.0
0.0
0.0
0.013114
0.0
0.0
0.0
0.0
0.004322

0.424325
-0.104047
-0.095227
0.324362
0.165679
1.0
1.0
0.043883
0.044762
0.0
0.0
0.012821
0.0
0.0
0.011062
0.0
0.0
0.034212
0.0
0.0

0.6259
-0.075752
0.084548
0.159138
0.343116
1.0
0.974579
0.167399
0.0
0.0
0.0
0.0
0.0
0.0
0.0
0.0
0.0
0.0
0.0
0.0

0.289458
-0.07635
-0.138426
0.106289
0.343002
1.0
1.0
0.112308
0.0
0.0
0.0
0.0
0.0
0.0
0.017509
0.0
0.0
0.00696
0.0
0.0

0.496473
0.093841
-0.01349
0.392363
0.364344
1.0
1.0
0.067326
0.0
0.0
0.0
0.008718
0.0
0.0
0.0
0.0
0.0
0.0
0.0
0.0

0.440777
-0.102488
0.084066
0.394499
0.221414
1.0
1.0
0.016044
0.0
0.0
0.0
0.0
0.0
0.0
0.0
0.0
0.0
0.006667
0.0
0.0

0.516937
-0.075752
-0.266615
0.106289
0.180654
1.0
0.980147
0.006081
0.12562
0.0
0.0
0.025714
0.0
0.0
0.028352
0.0
0.0
0.0
0.0
0.0

0.524489
0.092097
0.040434
-0.050251
0.070673
1.0
1.0
0.185714
-0.094372
0.0
0.0
0.04652
0.0
0.0
0.072308
0.0
0.0
0.021612
0.0
0.0

