curved_l
Left

0.668534
-0.051671
0.0
0.0
0.000699
0.0
-0.282702
-0.1875
0.281538
0.358901
0.358901
1.0
1.0
1.0
1.0
1.0
1.0
0.998022
1.0
1.0

0.774368
-0.039323
0.0
0.035422
0.001585
0.0
-0.25611
-0.176075
0.239272
0.830989
0.830989
1.0
1.0
1.0
0.78674
1.0
1.0
0.998022
1.0
1.0

0.738686
0.06765
-0.028198
0.075287
0.001897
0.0
-0.113201
-0.079387
0.1863
0.890476
0.890476
0.929157
1.0
1.0
0.792161
1.0
1.0
0.998022
1.0
1.0

1.0
0.066821
0.0
0.0
-0.313106
0.0
-0.15459
-0.012539
-0.068572
0.358901
0.296337
1.0
0.999194
1.0
1.0
1.0
1.0
1.0
0.999194
0.761978

0.324766
0.199897
-0.058804
0.0
0.0
0.0
-0.046577
-0.017374
0.028352
0.805788
0.2137
1.0
0.999194
1.0
1.0
1.0
1.0
0.900879
1.0
1.0

0.206507
0.115611
0.0
-0.006515
0.0
0.09414
-0.043442
-0.148059
0.337216
0.448718
0.448718
1.0
0.938095
1.0
1.0
1.0
0.517436
1.0
1.0
0.998901

0.636867
-1.320819
-0.440165
-0.021004
-0.002649
0.0
-0.186383
-0.106281
0.138974
0.296337
0.197436
1.0
1.0
1.0
1.0
1.0
1.0
0.362711
1.0
1.0

0.872608
-0.068381
-0.000213
0.0
0.0
0.287381
-0.144773
-0.079387
0.571648
0.315971
0.431282
1.0
0.998315
0.998608
1.0
1.0
1.0
1.0
1.0
1.0

1.0
0.237631
0.0
0.0
0.0
0.161008
-0.044867
0.014004
0.539853
0.330476
0.346886
1.0
0.998608
1.0
1.0
1.0
1.0
1.0
1.0
1.0

0.013435
-0.103685
-0.464309
0.0
0.0
0.0
-0.186383
0.0
0.496923
0.054725
0.539853
1.0
1.0
0.960293
0.792161
1.0
1.0
1.0
0.998901
1.0

0.554283
0.0
0.0
0.0
-4.6e-05
0.0
-0.314486
0.0
0.198022
0.017802
0.197436
0.78
0.960293
1.0
1.0
1.0
0.567546
1.0
1.0
0.997729

0.206507
-0.229098
0.0
0.0
0.0
0.001248
0.11685
0.0
0.512161
0.182491
0.805788
0.933846
1.0
1.0
1.0
1.0
0.906154
0.900879
1.0
1.0

1.0
0.0
0.0
0.0
0.296437
0.0
-0.083093
0.0
0.009597
0.016923
0.399048
1.0
0.99978
0.999194
0.616777
1.0
0.906154
1.0
1.0
0.999487

0.3428
0.237631
0.0
0.052136
0.0
0.078226
-0.215358
-0.002925
0.239272
0.23641
0.143223
1.0
0.998608
1.0
1.0
1.0
1.0
0.729158
0.999487
0.999487

0.539673
-1.320819
0.0
0.0
0.0
0.09501
-0.13125
-0.119037
0.281538
0.2137
0.630843
0.710842
1.0
1.0
0.78674
0.517436
1.0
1.0
1.0
0.999194

1.0
0.0
0.0
0.0
0.0
0.001248
0.033919
0.0
0.132967
0.347473
0.075238
0.939707
1.0
1.0
1.0
0.76652
1.0
1.0
1.0
1.0

0.916149
-0.060025
0.0
-0.006515
0.0
0.0
-0.01518
-0.150392
0.153187
0.346886
0.182491
1.0
1.0
1.0
1.0
1.0
1.0
0.213429
1.0
0.781758

-0.013093
2.207367
0.0
0.0
0.373317
0.0
0.0
-0.082984
0.512161
0.175458
0.287399
0.78
1.0
0.998315
0.988059
0.517436
1.0
0.362711
0.997729
1.0

