curved_h
Left

0.649971
-0.271772
-0.337269
0.0
0.470833
1.0
1.0
0.342491
0.151429
0.721392
0.721392
0.246374
0.461026
0.461026
1.0
1.0
1.0
0.61033
1.0
1.0

0.74964
-0.243816
-0.396677
0.0
0.493995
1.0
0.831575
0.399341
0.145861
0.617656
0.617656
0.12359
0.42718
0.42718
1.0
1.0
1.0
0.665714
1.0
1.0

0.764729
-0.100613
-0.391592
0.013861
0.261648
1.0
1.0
0.48022
0.112747
0.663077
0.663077
0.132381
0.384689
0.384689
0.972821
1.0
1.0
0.862784
1.0
1.0

0.014225
-0.36571
-0.097313
0.013861
0.467071
1.0
0.950403
0.590989
0.171355
0.89663
0.166081
0.215819
0.199341
0.352747
0.602857
1.0
0.875531
0.665714
1.0
0.46

0.378472
0.248112
-0.52388
0.0
0.493995
1.0
0.994725
0.142051
0.222051
0.404615
0.690916
0.289011
0.384689
0.551429
0.74381
1.0
1.0
0.761539
1.0
1.0

0.845116
-0.411892
-0.325615
0.0
0.28515
1.0
1.0
0.043883
0.081685
0.296191
0.469963
0.211502
0.154066
0.868205
0.919487
1.0
0.999194
0.961758
1.0
1.0

0.399818
-0.296083
-0.538193
0.0
0.0
1.0
1.0
1.0
0.094872
0.185128
0.525055
0.133993
0.310843
0.724322
0.856484
1.0
1.0
0.489597
1.0
1.0

0.669624
-0.229859
-0.337269
0.21004
0.055687
1.0
1.0
0.399341
0.084322
0.2663
1.0
0.004615
0.532381
1.0
1.0
1.0
1.0
1.0
1.0
1.0

1.0
0.248112
-0.475596
0.0
0.261648
1.0
1.0
0.12359
0.364762
0.617656
1.0
0.133407
0.755678
0.274213
0.823516
0.834212
1.0
0.476703
0.758608
1.0

0.917557
-0.329745
0.00936
0.21004
0.553047
1.0
1.0
0.704396
0.330769
0.2663
0.255751
0.150989
0.230549
0.198022
1.0
1.0
1.0
0.520366
1.0
1.0

0.987946
-0.679301
0.334847
0.086921
0.697174
1.0
0.558608
1.0
0.173407
0.112308
0.093114
0.159634
0.285934
0.200806
1.0
1.0
1.0
0.507179
1.0
0.758608

0.461544
-0.409452
0.303113
0.0
0.0
1.0
1.0
0.138242
0.188498
0.406081
1.0
0.133846
0.274213
0.547326
0.840659
1.0
0.999487
0.632601
0.99978
1.0

0.669624
-0.229859
-0.338476
0.0
0.553047
1.0
0.878755
1.0
0.130769
0.2663
0.99011
0.133407
0.551429
0.937656
1.0
1.0
1.0
0.727253
1.0
0.999194

0.872483
-0.527109
-0.21196
0.097676
0.215007
1.0
0.608864
0.040952
0.226154
0.19978
0.759194
0.278901
0.205348
0.461026
0.86381
1.0
0.999487
0.447253
1.0
0.997729

0.886457
-0.244756
0.085958
0.0
0.209419
1.0
1.0
0.930916
0.198403
1.0
0.686813
0.167546
0.384689
0.551429
1.0
1.0
1.0
0.668205
1.0
1.0

0.964794
0.0
-0.033096
0.0594
0.380224
1.0
1.0
1.0
0.020038
1.0
0.067033
0.0
0.072308
0.843297
1.0
1.0
1.0
1.0
1.0
0.998901

0.816979
-0.679301
-0.325615
0.0
0.227679
1.0
1.0
0.48022
0.226154
1.0
0.721392
0.244908
0.106007
0.412528
0.840659
1.0
1.0
0.548205
1.0
1.0

0.888664
-0.100613
-0.391592
0.0
0.351615
1.0
0.994725
0.636117
0.054725
0.331062
0.525055
0.782344
0.423956
0.205348
1.0
0.999487
0.987912
0.391722
1.0
1.0

