curved_4
Left

0.627775
0.231298
-0.196393
-0.245494
-0.107226
1.0
1.0
0.782637
-0.119595
1.0
1.0
-0.145727
1.0
1.0
0.087707
0.765934
0.765934
0.066154
0.830989
0.830989

0.598125
0.332534
-0.237493
-0.301854
-0.274136
1.0
1.0
0.809304
-0.128719
1.0
1.0
-0.212351
0.872747
0.872747
-0.024926
0.652088
0.652088
0.059121
0.482857
0.482857

0.579262
0.308695
-0.086453
-0.250337
-0.265554
1.0
1.0
0.554945
-0.010721
1.0
1.0
-0.1608
0.876264
0.876264
-0.015107
0.702637
0.702637
0.04652
0.738535
0.738535

0.433419
0.297755
-0.007725
0.152531
-0.593536
1.0
1.0
1.0
0.119927
1.0
1.0
-0.1608
0.998315
0.147033
0.0
1.0
1.0
0.0
1.0
0.118022

0.625501
0.347026
0.05871
-0.26173
-0.028428
1.0
1.0
0.554945
0.034212
1.0
0.760952
0.001099
0.998315
0.258095
0.087707
0.316996
1.0
0.0
0.068498
0.417802

0.492549
0.200214
-0.093034
-0.343048
-0.220986
1.0
1.0
0.0
-0.115271
0.472601
0.720806
0.0
0.391136
0.688865
-0.055383
0.999194
0.652088
0.0
0.0
0.0

0.602059
0.32911
0.009065
-0.332518
0.494503
1.0
1.0
1.0
-0.144435
1.0
1.0
0.0
0.518022
0.840073
0.022624
0.702637
0.702637
0.018095
0.305568
0.166374

0.583749
0.231298
-0.237493
-0.484203
-0.307408
1.0
1.0
0.648718
-0.183264
0.75978
1.0
0.164615
0.751282
0.99978
0.0
1.0
0.524469
0.0
0.0
0.038315

-0.427799
0.27259
-0.19866
-0.521595
-0.593536
1.0
1.0
1.0
0.053855
0.674213
1.0
-0.184001
1.0
0.998315
0.0
0.509377
0.312454
0.22674
0.225568
1.0

0.631321
0.343584
-0.237493
-0.632238
0.108841
1.0
1.0
0.966667
-0.106728
1.0
1.0
-0.207414
0.557582
0.910256
-0.084868
0.0
0.6537
0.002564
0.636117
0.184249

0.152876
0.446077
-0.131828
-0.36033
-0.220986
1.0
1.0
1.0
-0.124362
1.0
1.0
-0.272542
0.350256
0.391136
0.083443
0.0
0.946447
0.050037
0.064982
0.059121

0.476533
0.064158
-0.210886
-0.067574
0.313123
1.0
1.0
1.0
0.150516
1.0
1.0
-0.199111
0.630549
0.099267
-0.24606
0.135751
0.233773
0.0
0.750696
0.007253

0.55465
0.277583
0.312517
-0.484203
0.159024
1.0
1.0
0.570183
0.135897
0.770623
1.0
-0.158042
0.06967
0.998315
-0.024747
0.946447
0.6537
0.201099
0.38381
0.0

-0.527055
-0.085757
0.001971
-0.447727
0.146596
1.0
1.0
0.903517
-0.02431
1.0
1.0
-0.265545
0.944396
0.813407
0.087707
0.312454
0.524469
0.017445
0.068498
0.395824

-0.06242
0.561515
-0.153864
0.015618
-0.274136
1.0
1.0
0.172381
-0.142359
0.45707
1.0
0.001685
0.480806
1.0
-0.271922
0.233773
1.0
0.036264
0.150549
0.482857

0.740957
0.577979
0.001971
-0.091137
-0.42635
1.0
1.0
0.21326
0.039194
1.0
0.471429
-0.1608
0.63304
0.480806
-0.10626
0.338388
1.0
0.0
0.482857
0.72022

0.777033
0.440579
-0.079082
-0.413111
-1.073457
1.0
1.0
0.267912
0.120952
0.159927
0.159927
0.00137
0.688865
0.518022
-0.024747
1.0
0.065568
0.079927
0.464396
0.618828

0.729133
0.423156
-0.237493
-0.343048
-0.107226
1.0
1.0
0.031575
0.119927
1.0
0.99978
0.0
0.06967
0.644322
0.026007
1.0
1.0
0.0
0.18718
0.750696

