e
Left

0.81175
0.089564
-0.32258
-0.270328
-0.086372
1.0
1.0
1.0
-0.168144
1.0
1.0
-0.019288
1.0
1.0
0.199164
0.606227
0.606227
0.092234
0.707326
0.707326

0.806028
0.108782
-0.347037
-0.290173
-0.279598
1.0
1.0
1.0
-0.159365
1.0
1.0
-0.043841
1.0
1.0
0.062579
0.945568
0.945568
0.070842
0.869377
0.869377

0.778131
0.11725
-0.288512
-0.217315
-0.20344
1.0
1.0
1.0
-0.095543
1.0
1.0
-0.004988
1.0
1.0
0.051255
1.0
1.0
0.12504
1.0
1.0

0.910702
0.059849
-0.087211
-0.144376
0.005644
1.0
1.0
1.0
-0.221796
1.0
1.0
-0.117425
1.0
0.998022
0.264249
1.0
1.0
0.083736
1.0
1.0

0.898802
0.005233
-0.272109
-0.176993
-0.152902
1.0
1.0
1.0
-0.03344
1.0
1.0
0.0
1.0
0.998022
-0.08304
0.731795
0.933846
0.067619
1.0
1.0

0.362751
-0.017359
-0.076811
-0.035899
0.078361
1.0
1.0
1.0
0.008425
1.0
1.0
-0.057138
0.998608
0.832308
0.447399
1.0
1.0
0.183956
1.0
1.0

0.64637
-0.073464
-0.036445
0.019448
0.050537
1.0
1.0
1.0
-0.221796
1.0
1.0
-0.145855
0.99978
0.998022
-0.08304
1.0
1.0
0.040659
1.0
1.0

0.49531
-0.171935
-0.044915
-0.043283
-0.288434
1.0
1.0
1.0
-0.105768
1.0
1.0
-0.043841
1.0
1.0
-0.042539
0.999194
1.0
0.029524
0.999194
0.99978

0.324141
0.00328
-0.161604
-0.217315
-0.05282
1.0
1.0
1.0
-0.130321
1.0
1.0
0.000513
1.0
0.998608
0.0
1.0
1.0
0.083736
0.92696
1.0

1.0
0.301551
-0.219749
-0.014492
0.163729
1.0
1.0
1.0
-0.03344
1.0
1.0
0.157289
0.99978
1.0
0.079888
1.0
1.0
0.049744
0.316117
1.0

0.898664
0.126911
-0.100895
-0.302329
-0.086372
1.0
1.0
1.0
-0.105768
0.99978
1.0
-0.060063
1.0
0.867326
0.04664
0.773846
1.0
0.055897
0.341612
0.316117

0.696715
0.089564
-0.283862
-0.031833
0.009851
1.0
1.0
0.99685
-0.065434
1.0
1.0
-0.132166
1.0
1.0
0.029969
1.0
1.0
0.018912
1.0
1.0

1.0
0.349175
-0.141766
-0.074832
-0.262456
1.0
1.0
1.0
0.058754
1.0
1.0
0.160971
0.998315
1.0
0.419267
1.0
1.0
0.0
1.0
1.0

0.766483
-0.282844
-0.100895
-0.043283
-0.019147
1.0
1.0
1.0
-0.150102
1.0
1.0
-0.18399
0.998315
1.0
0.447399
1.0
1.0
0.033333
0.707326
0.669817

-0.565644
0.050928
-0.091198
-0.240308
0.210053
1.0
1.0
1.0
-0.170955
1.0
1.0
0.181612
1.0
1.0
0.199164
1.0
0.464103
0.042125
1.0
0.692381

0.093952
0.00328
0.13248
-0.031202
0.005644
1.0
1.0
1.0
-0.134008
1.0
1.0
0.000806
1.0
1.0
0.324029
1.0
1.0
0.24359
0.6663
1.0

-0.050719
0.076209
-0.597705
0.005262
0.313706
1.0
1.0
1.0
0.026593
1.0
1.0
-0.021432
0.999487
0.998608
0.236809
1.0
0.731795
0.159341
1.0
1.0

0.793659
0.251399
-0.052738
0.115332
0.049276
1.0
1.0
0.99685
0.022491
1.0
1.0
0.007839
1.0
0.996264
0.042418
1.0
1.0
0.044176
0.316117
1.0

