flat_ily
Left

-0.764435
0.0
0.0
0.0
-0.037271
0.0
-0.33418
-0.129895
1.0
0.108059
0.108059
1.0
0.828205
0.828205
1.0
1.0
1.0
0.841832
0.033919
0.033919

-0.473612
-0.408672
0.0
0.0
-0.111913
0.0
-0.182263
-0.037174
0.830403
0.021612
0.021612
1.0
0.797289
0.797289
1.0
0.859414
0.859414
0.732235
0.030403
0.030403

-0.483495
-0.834612
0.0
0.0
-0.035149
0.0
-0.054973
0.02836
0.541172
0.023663
0.023663
1.0
0.94
0.94
1.0
0.55348
0.55348
0.785568
0.009597
0.009597

-0.364079
0.0
0.0
0.0
-0.275474
0.023323
0.038608
0.0
1.0
0.044469
0.035092
1.0
1.0
0.775165
1.0
1.0
1.0
1.0
0.017216
0.033919

-0.335555
0.001985
0.0
0.0
0.0
0.0
0.067912
0.044469
1.0
0.064982
0.019853
1.0
0.912015
0.99978
1.0
1.0
0.607692
0.960952
0.0
0.0

-0.377651
-0.027381
0.0
0.0
0.0
0.36691
0.052967
0.122594
1.0
0.040366
0.081392
1.0
1.0
1.0
1.0
0.974872
1.0
1.0
0.0
0.022784

0.445067
0.0
0.0
0.0
-0.524608
0.625785
-0.182263
0.361538
1.0
0.035092
0.064982
1.0
0.746007
0.704542
1.0
1.0
0.515238
0.441538
0.0
0.091062

-0.122153
0.0
0.0
0.0
-0.051
0.616278
0.138242
0.01663
0.407546
0.362125
0.035092
1.0
1.0
0.797289
1.0
1.0
1.0
0.004615
0.009597
0.136777

-0.248052
0.0
0.0
0.0
0.0
0.0
0.146447
0.0
0.082564
0.0
0.044469
1.0
0.931355
0.998608
1.0
1.0
1.0
0.668059
0.079927
0.033919

-0.456406
0.0
0.0
0.0
-0.037271
0.163088
0.117289
0.0
0.082564
0.088132
0.035092
1.0
0.791429
0.931355
1.0
1.0
1.0
0.821612
0.0
0.136777

-0.323887
0.0
0.0
0.0
0.0
0.625785
0.134725
0.022198
1.0
0.033626
0.019853
1.0
0.864689
0.828205
1.0
1.0
1.0
0.417802
0.0
0.0

0.445067
-0.657978
0.0
0.0
0.0
0.0
0.140586
0.0
0.885788
0.108059
0.00696
1.0
1.0
0.827766
1.0
0.607692
1.0
1.0
0.001392
0.006374

-0.122153
0.0
0.0
0.0
-0.696993
0.625785
0.0
0.171648
1.0
0.362125
0.081392
0.918315
0.797289
0.797289
1.0
0.515238
1.0
1.0
0.006374
0.0

-0.438178
-0.688718
0.0
0.0
0.0
0.606058
0.0
0.0
0.915092
0.070842
0.108059
1.0
0.998608
0.912015
1.0
1.0
0.859414
0.687399
0.082857
0.000806

0.277615
0.0
0.0
0.0
-0.634572
0.0
-0.33418
1.0
1.0
0.072015
0.04652
1.0
1.0
0.970696
1.0
1.0
0.92315
0.808132
0.0
0.0

-0.160693
0.0
0.0
0.0
0.0
0.17098
-0.163636
0.000513
0.599487
0.077289
0.073187
1.0
0.99978
1.0
1.0
1.0
1.0
0.808132
0.03304
0.270403

-0.21512
0.0
0.000202
0.0
0.0
0.0
0.0
0.0
1.0
0.134579
0.0
0.99978
0.99978
1.0
1.0
1.0
1.0
1.0
0.0
0.0

-0.377651
-0.354451
0.0
-0.030061
-0.184437
0.230959
-0.159174
0.0
1.0
0.0
0.033333
1.0
0.970696
0.75304
1.0
1.0
1.0
0.735751
0.0
0.0

