flatspread_5
Left

0.307209
0.454825
-0.005507
-0.21912
-0.811484
1.0
1.0
1.0
-0.139028
0.0
0.0
-0.151497
0.0
0.0
-0.106326
0.0
0.0
-0.042864
0.0
0.0

0.250949
0.475568
0.007468
-0.223842
-0.955864
1.0
0.957875
1.0
-0.156254
0.0
0.0
-0.144116
0.0
0.0
-0.11377
0.0
0.0
-0.121544
0.0
0.0

0.27594
0.489396
0.016492
-0.272334
-0.953975
1.0
1.0
0.907473
-0.132251
0.0
0.0
-0.162412
0.0
0.0
-0.095964
0.0
0.0
-0.086225
0.0
0.0

0.487697
1.183744
0.755696
-0.112245
-1.132734
1.0
1.0
0.907473
0.058242
0.0
0.0
-0.174052
0.0
0.0
-0.167185
0.0
0.0
0.0
0.0
0.0

-0.06917
0.341094
-0.07349
-0.20164
-0.26093
1.0
1.0
1.0
-0.033442
0.0
0.0
-0.146609
0.0
0.0
0.0
0.0
0.0
-0.005187
0.0
0.0

0.309232
0.486354
0.130552
-0.228729
-0.346296
1.0
1.0
0.797582
0.097216
0.0
0.0
-0.05591
0.0
0.0
-0.044749
0.0
0.0
0.0
0.0
0.0

-0.236372
0.568963
-0.257401
-0.10162
-0.563459
1.0
1.0
0.478755
-0.033442
0.025421
0.018681
-0.146609
0.0
0.0
-0.065092
0.0
0.0
-0.082496
0.0
0.0

0.704826
0.538252
-0.038385
-0.081537
-0.377565
1.0
1.0
0.474359
0.0
0.0
0.0
0.378535
0.0
0.0
0.0
0.0
0.0
-0.023009
0.0
0.0

0.483098
0.258277
0.025003
-0.213316
-0.307861
1.0
1.0
0.184396
0.089728
0.012821
0.013114
0.0
0.0
0.0
-0.009657
0.0
0.0
0.0
0.0
0.0

0.697509
0.78778
0.755696
-0.228729
-0.575894
1.0
0.872894
1.0
-0.250971
0.018681
0.0
0.0
0.0
0.0
-0.111466
0.0
0.0
0.0
0.0
0.0

0.698271
0.665769
0.253378
-0.213316
-0.955864
1.0
0.912747
1.0
0.055311
0.0
0.0
-0.124126
0.0
0.0
-0.134565
0.0
0.0
0.0
0.0
0.0

0.322861
0.190466
-0.070257
-0.20164
-0.426136
1.0
1.0
0.0
0.089728
0.0
0.0
0.00696
0.0
0.0
-0.001834
0.0
0.0
0.0
0.0
0.0

-0.503372
0.784549
0.083973
-0.149753
-0.299108
1.0
1.0
0.241392
-0.124702
0.0
0.022491
0.0
0.0
0.0
0.0
0.0
0.0
0.0
0.0
0.0

0.459146
0.568466
0.038219
-0.022953
-0.298507
1.0
0.737216
0.907473
-0.139028
0.0
0.0
0.0
0.0
0.0
-0.059106
0.0
0.0
-0.152511
0.0
0.0

0.159501
0.19931
0.041236
-0.223842
-0.057113
1.0
1.0
0.78967
0.026007
0.0
0.0
0.0
0.0
0.0
-0.097015
0.0
0.0
-0.072531
0.0
0.0

-0.09984
0.270424
-0.086911
-0.001385
-0.689163
1.0
1.0
0.0
-0.159341
0.018681
0.0
-0.053359
0.0
0.0
-0.024045
0.0
0.0
0.0
0.0
0.0

0.879271
0.489396
0.112118
-0.192937
-0.754218
1.0
0.607692
0.282711
-0.147618
0.0
0.080513
0.024249
0.0
0.0
-0.111466
0.0
0.0
0.005788
0.0
0.0

-0.481325
0.78778
0.322245
-0.183322
-0.26093
1.0
1.0
0.257656
0.097216
0.0
0.0
-0.051606
0.0
0.0
-0.281627
0.0
0.0
-0.135264
0.0
0.0

