flat_h
Left

0.294555
-0.697159
-0.201407
0.0
0.07498
1.0
0.862344
0.422198
0.292381
0.093407
0.093407
0.690183
0.061465
0.061465
1.0
1.0
1.0
0.94674
1.0
1.0

0.224159
-0.798731
-0.253911
0.0
0.120155
1.0
1.0
0.386447
0.237289
0.080513
0.080513
0.618535
0.037436
0.037436
1.0
1.0
1.0
0.865275
1.0
1.0

0.202696
-0.778063
-0.171363
0.0
0.068562
1.0
1.0
0.415604
0.25707
0.136484
0.136484
0.746886
0.075531
0.075531
1.0
1.0
1.0
0.931941
1.0
1.0

0.397743
-0.022463
0.0
0.0
0.500443
1.0
0.862344
0.449158
1.0
0.063516
0.136484
0.737802
0.028059
0.075531
1.0
1.0
1.0
0.698242
1.0
1.0

1.0
-0.162468
0.0
0.002904
0.152685
1.0
0.782051
0.130769
0.577363
0.091648
0.088425
0.510403
0.0
0.045641
1.0
1.0
1.0
1.0
1.0
0.999487

-0.038639
0.0
0.0
0.0
-0.064373
1.0
1.0
0.698681
1.0
0.075531
0.056777
1.0
0.072308
0.027179
1.0
0.999487
1.0
0.578681
1.0
1.0

0.565583
0.0
0.126906
0.0
0.472668
1.0
1.0
0.781465
0.899854
0.16315
0.0
1.0
0.0
0.045641
1.0
0.999194
1.0
1.0
1.0
0.956703

0.387016
-0.771862
0.0
0.209814
0.524598
1.0
1.0
0.040366
0.373407
0.120366
0.0
0.525055
0.0
0.017509
1.0
1.0
1.0
1.0
0.999194
1.0

0.111236
0.136435
-0.171363
0.0
0.0
1.0
0.703223
0.0
1.0
0.067033
0.056777
1.0
0.00696
0.015165
1.0
1.0
1.0
0.774139
0.956703
1.0

0.042161
-0.34278
0.0
0.0
0.285651
1.0
0.388205
0.267326
0.367106
0.059707
0.120366
1.0
0.038901
0.0
0.689451
1.0
1.0
0.865275
0.997729
1.0

0.790307
0.844341
0.0
0.0
0.0
1.0
1.0
0.781465
1.0
0.136484
0.0
1.0
0.045641
0.0
0.690037
1.0
1.0
0.61326
1.0
1.0

0.464192
0.0
0.0
0.0
0.07498
1.0
1.0
0.159927
0.899854
0.015458
0.040073
0.600952
0.012234
0.0
1.0
0.999487
0.999487
1.0
1.0
1.0

1.0
-0.639137
-0.201407
0.0
0.514864
1.0
1.0
1.0
0.799634
0.074359
0.065275
0.844469
0.011062
0.029524
1.0
1.0
1.0
0.812527
0.999487
1.0

0.610543
0.0
-0.027084
0.0
0.0
1.0
0.928571
0.072308
0.992821
0.175897
0.148205
1.0
0.004615
0.046813
0.635385
1.0
1.0
0.75978
1.0
1.0

1.0
-0.169328
-0.06862
0.254277
0.0
1.0
1.0
0.351282
0.367106
0.136484
0.064982
1.0
0.118755
0.030403
1.0
1.0
1.0
1.0
1.0
1.0

0.158729
-0.558716
0.0
0.002047
0.620941
1.0
1.0
0.686227
0.537656
0.083736
0.0
1.0
0.005201
0.00696
1.0
1.0
1.0
0.668791
1.0
1.0

1.0
0.0
0.0
0.0
0.0
1.0
1.0
0.156996
0.799634
0.058535
0.16315
0.576337
0.029524
0.0
1.0
1.0
1.0
0.931941
1.0
1.0

0.734648
-0.746282
-0.04003
0.316932
0.0
1.0
1.0
0.040366
0.992821
0.134139
0.084615
0.502784
0.0
0.028059
0.974286
1.0
1.0
0.430989
1.0
1.0

