flat_horns
Left

0.804928
-1.235132
-0.056346
0.0
-0.247241
1.0
0.644322
0.574286
0.319048
0.029817
0.029817
0.96315
0.730476
0.730476
1.0
0.846227
0.846227
0.512161
0.0
0.0

0.724098
-1.097631
0.0
0.0
0.136247
1.0
0.654872
0.541319
0.361539
0.009011
0.009011
1.0
0.335751
0.335751
1.0
0.69707
0.69707
0.492234
0.0
0.0

0.792613
-1.083061
-0.159692
0.0
0.029841
1.0
0.497802
0.471429
0.287106
0.049158
0.049158
0.882418
0.697363
0.697363
1.0
0.789817
0.789817
0.468205
0.0
0.0

0.81994
-1.083061
0.0
0.0
-0.402899
1.0
1.0
0.272015
0.337509
0.0
0.011355
1.0
0.967839
1.0
1.0
1.0
0.915971
0.240513
0.0
0.0

1.0
-1.544761
0.0
0.0
0.064424
1.0
0.688278
1.0
0.908938
0.029817
0.026886
1.0
1.0
1.0
1.0
0.621172
1.0
0.874359
0.004322
0.0

0.869836
0.0
-0.123268
0.0
0.33367
1.0
1.0
0.848571
0.309524
0.042125
0.023663
1.0
0.736337
0.972381
1.0
0.69707
0.870843
0.257802
0.005495
0.0

0.837151
-0.752758
0.0
0.0
-0.087965
1.0
1.0
1.0
1.0
0.025714
0.032454
0.72696
1.0
1.0
1.0
1.0
1.0
0.581319
0.0
0.004322

0.724098
0.0
0.0
0.0
0.133926
1.0
1.0
0.541319
0.649597
0.0
0.177802
1.0
0.575458
0.697363
1.0
0.38293
1.0
0.501612
0.0
0.0

0.346398
-0.409993
-0.159692
0.0
-0.349507
1.0
0.924176
1.0
0.457216
0.020733
0.13326
1.0
1.0
0.99978
1.0
1.0
1.0
0.555531
0.0
0.0

0.792613
-1.147884
-0.056346
0.0
0.0
1.0
1.0
1.0
1.0
0.0
0.0
1.0
0.736337
0.971648
1.0
1.0
1.0
0.468205
0.0
0.030403

1.0
-2.676935
0.0
0.0
0.448185
1.0
1.0
1.0
0.908938
0.132674
0.0
0.957289
0.810769
0.523736
1.0
0.621172
0.699707
0.166813
0.0
0.067326

0.822521
0.0
0.0
-0.027445
-0.008882
1.0
0.644322
0.486374
0.513333
0.13326
0.016923
1.0
0.999194
0.998315
1.0
1.0
0.999414
0.581319
0.0
0.0

1.0
-1.617582
-0.123268
0.0
0.048503
1.0
0.552601
0.272015
1.0
0.123883
0.088425
1.0
0.618681
0.719341
1.0
1.0
1.0
0.379414
0.030403
0.0

0.837151
0.0
-0.056346
0.0
0.0
1.0
0.562271
0.209744
0.52652
0.0
0.020733
0.90044
1.0
1.0
1.0
1.0
0.817509
0.325495
0.04652
0.0

0.516324
0.0
-0.40578
0.0
-0.006373
1.0
1.0
1.0
0.743517
0.040073
0.0
1.0
0.654286
1.0
1.0
1.0
1.0
0.332088
0.0
0.030403

0.509849
-0.436859
-0.40578
0.0
0.0
1.0
0.679194
0.193626
0.370769
0.014286
0.0
0.842125
0.764469
1.0
1.0
1.0
1.0
1.0
0.0
0.0

1.0
-1.815295
-0.268579
0.0
0.33367
1.0
0.631429
1.0
0.41956
0.033333
0.014286
1.0
1.0
0.669817
1.0
0.870843
1.0
0.651355
0.0
0.0

0.812145
-1.097631
0.0
0.0
-0.402899
1.0
1.0
0.477289
0.529744
0.08315
0.011941
1.0
0.736337
1.0
1.0
1.0
1.0
0.312894
0.0
0.204176

