flat_4
Left

0.559245
-0.579356
-0.437645
-0.146706
-0.059953
1.0
1.0
0.423663
0.187912
0.040073
0.040073
0.379707
0.004615
0.004615
0.358022
0.0
0.0
0.247546
0.0
0.0

0.538978
-0.523197
-0.237155
0.010831
0.204417
1.0
1.0
0.739267
0.26718
0.028938
0.028938
0.616044
0.006667
0.006667
0.266886
0.0
0.0
0.242711
0.001978
0.001978

0.524547
-0.44786
-0.16899
0.110609
0.381621
1.0
1.0
0.625861
0.195385
0.056484
0.056484
0.628205
0.00315
0.00315
0.259121
0.0
0.0
0.190696
0.0
0.0

0.633822
0.0
-0.241808
0.0
0.362934
1.0
1.0
1.0
0.132088
0.079341
0.03978
0.540586
0.0137
0.0
1.0
0.0
0.0
0.880806
0.0
0.0

0.765758
0.0
0.0
-0.469008
0.151669
1.0
1.0
0.661026
1.0
0.081392
0.011648
1.0
0.0
0.055604
0.32989
0.0
0.0
0.54
0.00315
0.000513

0.524547
0.0
0.0
0.0
0.205098
1.0
1.0
1.0
1.0
0.0937
0.058535
1.0
0.0
0.0
0.190403
0.0
0.0
0.307619
0.0
0.007253

1.0
-0.798949
0.0
0.013108
0.138195
1.0
1.0
0.352161
0.819267
0.0137
0.231429
0.801392
0.013993
0.0
1.0
0.0
0.013993
0.190696
0.014579
0.00315

0.819829
0.0
0.0
0.0
-0.25052
1.0
1.0
0.62
0.369158
0.152308
0.011355
1.0
0.0
0.0
0.670696
0.0
0.0
0.307619
0.0
0.0

0.050472
-1.050681
0.0
0.0
0.185494
1.0
1.0
0.726081
1.0
0.034212
0.18967
0.411062
0.0
0.0
0.851502
0.027473
0.0
0.635824
0.0
0.0

0.762037
0.0
0.0
0.0
-0.25052
1.0
1.0
0.511575
1.0
0.068791
0.058535
1.0
0.008132
0.0
0.828645
0.0
0.0
0.070842
0.0
0.0

0.687346
-0.10168
-0.241808
0.263064
0.308149
1.0
1.0
0.287985
1.0
0.079341
0.052967
1.0
0.0
0.0
0.529451
0.001099
0.0
0.171062
0.03978
0.0

0.14101
-1.115641
-0.619772
0.068847
0.074539
1.0
1.0
1.0
0.195385
0.01663
0.028938
0.609158
0.0
0.0
0.388791
0.0
0.0
0.685641
0.0
0.0

0.577768
0.0
0.00809
0.055937
0.469352
1.0
1.0
0.047399
0.819267
0.040073
0.037729
1.0
0.0
0.066447
0.496044
0.0
0.0
0.242711
0.0
0.0

-0.868348
0.0
0.0
0.0
0.216412
1.0
1.0
0.459414
1.0
0.078755
0.077289
0.384396
0.0
0.0
0.682711
0.0
0.027473
0.660879
0.0
0.001978

1.0
0.0
-0.695196
-0.78538
-0.511662
1.0
1.0
0.644908
0.730769
0.023077
0.008718
1.0
0.0
0.017509
1.0
0.0
0.0
0.171062
0.0
0.034505

0.723916
-0.352306
-0.827464
-0.785804
0.381621
1.0
1.0
0.923736
1.0
0.112747
0.043297
0.540586
0.001099
0.005201
0.960073
0.0
0.003443
0.880806
0.021612
0.0

0.316585
-1.050681
-0.610512
0.0
0.462777
1.0
1.0
0.694432
1.0
0.0137
0.152894
0.478755
0.00696
0.0
1.0
0.0
0.0
0.760073
0.0
0.0

0.51187
0.0
0.0
-0.255055
0.168097
1.0
1.0
1.0
0.300586
0.086081
0.040073
1.0
0.006667
0.008425
0.655165
0.025421
0.0
0.262784
0.000513
0.001685

