flat_n
Left

0.932912
-0.015658
0.026078
0.0
0.219532
1.0
1.0
0.601245
0.601832
0.184835
0.184835
0.757143
0.051502
0.051502
1.0
1.0
1.0
0.750989
1.0
1.0

0.738664
-0.404882
-0.093967
0.0
0.058739
1.0
1.0
0.421319
0.371209
0.115385
0.115385
0.867619
0.067033
0.067033
1.0
1.0
1.0
0.764469
1.0
1.0

0.713324
-0.53035
-0.211917
0.0
0.081122
1.0
1.0
0.425275
0.307766
0.135458
0.135458
0.754506
0.04359
0.04359
1.0
1.0
1.0
0.767839
1.0
1.0

0.694147
0.0
-0.292196
-0.067423
0.030388
1.0
1.0
0.532088
1.0
0.0
0.169011
0.725495
0.00315
0.018681
1.0
0.999194
1.0
0.607985
0.997729
1.0

0.836584
0.0
0.254754
0.0
0.0
1.0
0.756117
0.781465
0.636703
0.090476
0.065568
1.0
0.031575
0.018388
1.0
1.0
1.0
0.157143
1.0
1.0

0.2751
0.054564
-0.279883
0.0
0.165131
1.0
1.0
1.0
0.475531
0.08989
0.004615
0.942344
0.002271
0.015165
1.0
1.0
1.0
0.735458
1.0
1.0

0.675744
0.0
0.0
-0.141616
0.364401
1.0
1.0
0.255018
0.51011
0.050916
0.011941
1.0
0.0
0.001099
1.0
1.0
1.0
0.608278
1.0
1.0

-0.678802
0.0
0.0
0.407499
-0.106662
1.0
1.0
0.741612
1.0
0.100879
0.090476
0.638462
0.0
0.00315
1.0
1.0
1.0
0.554652
1.0
1.0

0.954541
-2.519976
0.0
0.066037
0.367197
1.0
0.970842
0.110842
0.961685
0.065568
0.122418
1.0
0.0
0.045934
0.495897
1.0
0.999194
0.810769
1.0
1.0

0.385928
-0.601515
0.0
0.0
-0.067618
1.0
1.0
0.14
1.0
0.151429
0.120073
0.663077
0.0
0.054432
1.0
1.0
1.0
0.608278
1.0
1.0

0.709266
0.0
-0.180029
-0.141616
0.315469
1.0
0.555531
1.0
0.544103
0.067033
0.120073
0.676703
0.010476
0.151429
1.0
0.670989
1.0
1.0
0.079048
1.0

1.0
-1.996393
-0.041255
0.0
0.217962
1.0
1.0
0.218535
0.542051
0.169011
0.060586
0.960513
0.998022
0.0
1.0
1.0
1.0
0.750989
1.0
1.0

-0.251891
-0.652534
0.0
0.844106
0.023314
1.0
1.0
0.814286
1.0
0.075238
0.18718
1.0
0.0
0.009597
1.0
1.0
1.0
0.508352
1.0
1.0

0.713324
-0.269043
0.111557
0.0
-0.187275
1.0
1.0
0.898388
0.51011
0.079048
0.029231
1.0
0.998022
0.013114
0.64652
1.0
1.0
0.608278
1.0
0.095458

1.0
-0.519596
0.0
0.0
0.0
1.0
0.704982
0.774725
0.207399
0.071136
0.071136
1.0
0.151429
0.998022
0.712308
1.0
1.0
1.0
1.0
0.140733

0.357613
-2.519976
0.254754
0.0
0.272082
1.0
0.737949
0.660733
0.504249
0.055604
0.071136
1.0
0.0
0.017216
1.0
1.0
1.0
0.554652
1.0
0.140733

0.769314
0.192188
0.0
0.0
0.367197
1.0
1.0
0.128571
0.307766
0.095751
0.004615
0.663077
0.0
0.013114
0.699414
1.0
1.0
0.228791
0.016337
0.998901

0.849076
0.0
0.0
0.0
0.528625
1.0
1.0
0.421319
0.354799
0.034799
0.008425
1.0
0.018388
0.998022
0.876117
1.0
1.0
1.0
0.997729
1.0

