goody_goody
Left

0.389342
0.026408
0.046412
-0.029302
-0.583483
0.221746
0.055018
0.0
0.011062
0.0
0.0
0.008718
0.0
0.0
0.192881
1.0
1.0
-0.104684
0.0
0.0

0.251044
-0.001978
0.139805
-0.020357
-0.283413
0.125121
0.079634
0.0
-0.012794
0.0
0.0
0.0
0.0
0.0
0.157888
1.0
1.0
0.0
0.0
0.0

0.203948
0.032476
0.081291
-0.053706
-0.310877
0.187252
0.048278
0.0
0.0
0.0
0.0
0.0
0.0
0.0
0.279048
1.0
1.0
0.0
0.0
0.0

0.223709
0.674499
0.247636
0.215426
-0.1695
0.289952
0.0
0.0
0.0
0.0
0.0
-0.112561
0.0
0.0
1.0
1.0
1.0
0.037436
0.0
0.016044

0.47437
-0.06017
-0.113657
0.0
-0.02514
0.429435
0.001978
0.0
0.0
0.005201
0.0
0.014872
0.0
0.0
0.380879
1.0
1.0
0.045934
0.0
0.0

-0.181012
0.195761
0.37509
0.0
0.017125
0.196364
-0.05871
0.117436
0.037729
0.0
0.002857
-0.113083
0.0
0.0
0.533553
1.0
0.956996
0.0
0.0
0.0

-0.054036
0.577029
0.103313
0.0
0.250628
0.221746
0.055311
0.007546
0.0
0.0
0.0
0.057363
0.0
0.0
0.410476
0.956996
1.0
0.22674
0.004322
0.06

0.297849
0.674499
0.074999
0.0
0.205744
0.128866
0.0
0.0
0.0
0.0
0.0
0.410769
0.0
0.006374
1.0
1.0
0.532967
0.080513
0.0
0.060879

0.06053
0.109162
-0.12539
0.029007
0.148517
0.14788
0.185714
0.005788
0.057363
0.0
0.0
0.008718
0.0
0.0
1.0
1.0
1.0
-0.104684
0.0
0.049451

-0.230881
-0.096153
0.254947
0.0
-0.086764
0.47037
0.055018
0.0
0.0
0.0
0.0
0.191868
0.0
0.0
0.277875
0.999487
1.0
0.0
0.0
0.0

-0.025204
0.573837
0.046412
0.088819
0.148517
0.289952
0.194506
0.117436
0.425421
0.0
0.0
0.070549
0.0
0.0
1.0
1.0
0.941685
0.125641
0.0
0.0

0.375192
-0.095852
0.080432
0.156136
0.20715
0.276653
0.0
0.0
0.033626
0.0
0.0
0.23348
0.0
0.0
1.0
1.0
1.0
-0.033253
0.0
0.0

0.375685
0.328773
0.612068
0.041432
-0.058944
0.455644
0.075238
0.0
0.0
0.0
0.0
0.0
0.0
0.0
0.680073
1.0
1.0
0.0
0.0
0.0

0.13755
0.288592
-0.12539
0.0
0.055133
0.775275
0.153773
0.0
0.057363
0.0
0.0
0.170476
0.0
0.000806
1.0
1.0
0.999487
0.124762
0.001685
0.0

0.032523
0.233375
-0.090623
0.0
0.235146
0.665718
-0.119182
0.0
0.204469
0.0
0.0
0.014872
0.0
0.0
1.0
1.0
1.0
0.266886
0.036557
0.0

0.212194
0.559813
0.081291
0.0
0.374031
0.654313
0.075238
0.0
0.0
0.0
0.0
0.006374
0.0
0.0
1.0
1.0
1.0
0.048571
0.021319
0.0

0.570261
0.046976
-0.201356
-0.161493
-0.02514
0.232671
0.164029
0.0
0.0
0.0
0.0
0.972528
0.0
0.0
1.0
1.0
1.0
0.067326
0.0
0.200659

0.375192
0.106666
0.612068
0.215426
0.017125
0.137487
0.0
0.0
0.009249
0.0
0.0
0.007253
0.0
0.0
0.279048
1.0
1.0
-0.033253
0.008718
0.036557

