horns
Left

0.739618
0.004743
-0.127514
0.082569
0.275899
1.0
0.716117
0.3063
0.008425
0.0
0.0
0.552894
1.0
1.0
0.583077
1.0
1.0
0.034799
0.0
0.0

0.609475
-0.061294
-0.056952
0.131737
0.141654
1.0
0.891941
0.259854
0.034212
0.0
0.0
0.528572
1.0
1.0
0.369451
1.0
1.0
0.02337
0.0
0.0

0.654703
-0.091065
-0.034546
0.109981
0.033247
1.0
0.727692
0.401978
0.054432
0.000806
0.000806
0.6137
1.0
1.0
0.628645
1.0
1.0
0.047985
0.0
0.0

1.0
0.107015
0.172689
0.0
0.213825
1.0
0.743956
0.055604
0.00989
0.043004
0.015458
0.632308
1.0
0.99978
1.0
1.0
1.0
0.149963
0.040952
0.059121

0.9712
-0.011536
0.087748
0.0
-0.008374
1.0
0.943004
0.47978
0.043004
0.0
0.0
0.6137
0.99978
0.998608
0.369451
1.0
1.0
0.104542
0.0
0.0

0.95005
0.223641
0.081613
-0.012216
-0.211987
1.0
1.0
0.533553
0.191093
0.0
0.0
1.0
1.0
1.0
0.628645
0.671575
1.0
0.184249
0.0
0.0

0.572584
-0.097111
0.0
0.0
-0.045528
1.0
0.83685
0.0
0.061892
0.027766
0.019853
0.486667
1.0
1.0
1.0
1.0
0.671575
0.161099
0.0
0.0

1.0
0.264042
0.034072
0.243664
-0.211286
1.0
0.570183
0.544982
0.0
0.0
0.0
0.4263
0.99978
0.998315
0.571502
1.0
1.0
0.028059
0.0
0.0

0.742689
-0.052059
0.023583
0.374862
0.15115
1.0
1.0
0.055897
0.0
0.003443
0.043004
0.78
0.850916
1.0
1.0
1.0
0.999487
0.0
0.0
0.0

0.656853
-0.052059
0.0
0.129914
-0.147908
1.0
0.658095
0.556117
0.146154
0.015458
0.0
1.0
0.998608
1.0
0.838022
0.999487
1.0
0.029524
0.059121
0.0

-0.026252
-0.052993
-0.272829
0.0
0.141654
1.0
1.0
0.133846
0.0
0.0
0.006374
1.0
1.0
0.99978
1.0
1.0
1.0
0.220293
0.0
0.0

1.0
0.245257
0.147031
0.030369
0.248989
1.0
0.754799
0.038315
0.034212
0.003443
0.0
0.936117
1.0
1.0
0.319341
1.0
1.0
0.028059
0.033626
0.0

0.609475
0.224508
-0.380312
0.0
0.101035
1.0
1.0
0.055897
0.024249
0.0
0.031868
1.0
0.998608
1.0
1.0
1.0
0.964322
0.0
0.0
0.0

0.739618
0.636453
0.0
0.067004
-0.008374
1.0
0.83685
0.991502
0.090183
0.031868
0.0
0.631429
0.998315
1.0
0.571502
1.0
1.0
0.149963
0.002271
0.012527

0.95005
-0.249064
0.081613
0.0
0.091633
1.0
0.793773
0.055604
0.035971
0.019853
0.000513
1.0
0.999194
0.999194
0.961392
1.0
1.0
0.0
0.0
0.0

1.0
0.245257
0.0
0.0
-0.046323
1.0
0.863663
0.21619
0.043004
0.0
0.006374
0.717875
1.0
0.998315
1.0
1.0
1.0
0.079048
0.0
0.0

0.472085
-0.171672
0.030995
0.109981
1.030524
1.0
0.822198
0.946154
0.028645
0.022491
0.0
0.919194
1.0
0.759194
0.43729
1.0
1.0
0.02337
0.005495
0.0

0.740689
0.107015
-0.056952
-0.012216
0.148562
1.0
0.927253
0.533553
0.065275
0.0
0.0
0.556996
1.0
0.99978
1.0
1.0
1.0
0.095165
0.0
0.0

