k
Left

0.30399
0.039181
0.036278
0.0
0.002544
0.996923
0.112454
0.011355
0.073187
0.0
0.0
0.684762
0.0
0.0
1.0
0.66718
0.66718
0.998022
0.995458
0.995458

0.322302
0.245123
0.111132
0.0
0.037764
1.0
0.134725
0.012527
0.059796
0.0
0.0
0.457363
0.0
0.0
1.0
0.886374
0.886374
0.973114
1.0
1.0

0.293006
0.277246
0.00853
0.0
0.002798
0.995495
0.196703
0.012234
-0.026569
0.0
0.0
0.317583
0.0
0.0
1.0
1.0
1.0
0.998022
0.985714
0.985714

0.293006
0.704832
0.0
0.0
0.780163
1.0
0.120659
0.0
0.0
0.0
0.0
1.0
0.0
0.0
1.0
0.512161
0.959634
0.847985
1.0
1.0

0.466219
0.536154
0.08643
0.0
0.0
1.0
0.203736
0.00696
0.415165
0.001392
0.0
0.637436
0.0
0.0
1.0
1.0
1.0
0.764176
0.999487
1.0

0.387066
0.206728
0.0
0.139738
0.0
0.69358
0.213553
0.019267
0.171195
0.0
0.0
1.0
0.007253
0.0
1.0
1.0
1.0
0.978681
1.0
0.72022

0.425984
0.311041
0.334386
0.08526
0.394424
0.74262
0.0
0.0
0.0
0.0
0.0
0.75685
0.0
0.0
0.906154
1.0
0.66718
0.876117
1.0
0.491062

0.317668
0.118885
-0.068622
0.0
0.0
0.382012
0.375604
0.0
0.096167
0.0
0.0
0.554359
0.0
0.0
1.0
0.451941
0.889597
0.942344
0.659561
1.0

0.372357
0.145194
0.0
0.0
0.050677
0.368254
0.24315
0.001392
0.052213
0.009304
0.0
0.994213
0.0
0.0
1.0
1.0
1.0
0.973114
0.999194
1.0

0.144797
0.273861
0.00853
0.0
0.001407
1.0
0.120659
0.0
0.022491
0.0
0.009304
0.424835
0.0
0.0
1.0
1.0
1.0
0.998022
1.0
1.0

0.260304
0.211669
-0.058723
0.0
0.050677
1.0
0.19685
0.0
0.006081
0.0
0.0
0.788791
0.0
0.0
1.0
1.0
1.0
0.973553
1.0
1.0

0.246038
0.329285
-0.029631
0.0
0.105365
1.0
0.112454
0.0
0.014032
0.0
0.0
0.872015
0.032454
0.0
1.0
1.0
1.0
0.970476
0.995458
1.0

0.387066
0.329285
-0.051139
0.10292
0.159553
0.382012
0.414579
0.019267
0.094872
0.0
0.0
0.622637
0.0
0.0
1.0
1.0
1.0
0.973114
0.99978
1.0

0.716889
0.273861
-0.125017
-0.063995
0.0
0.808976
0.386154
0.0
0.052213
0.0
0.001685
0.51685
0.02337
0.057363
1.0
1.0
1.0
1.0
1.0
0.713626

0.458346
0.088026
0.0
0.0
0.0
1.0
0.002857
0.0
0.25956
0.0
0.0
1.0
0.0
0.0
0.977802
1.0
1.0
1.0
0.915092
0.762418

0.476175
0.704832
0.197763
0.0
0.0
1.0
0.0
0.0
0.0
0.0
0.0
0.304103
0.0
0.013407
1.0
0.959634
1.0
0.953187
1.0
1.0

0.344355
-0.054976
0.036278
0.023766
0.001407
1.0
0.141758
0.0
0.006081
0.0
0.0
0.97663
0.0
0.0
1.0
1.0
1.0
1.0
1.0
0.995458

0.555006
0.148553
0.357359
0.0
0.0
0.995495
0.134725
0.0
0.117915
0.0
0.0
1.0
0.0
0.0
1.0
1.0
1.0
1.0
1.0
1.0

