l
Left

0.892047
-0.128463
0.0
0.0
0.040507
0.0
-0.096166
-0.088225
0.424249
0.0
0.0
1.0
1.0
1.0
1.0
1.0
1.0
0.958755
1.0
1.0

0.685982
-0.102608
0.0
0.0
0.009658
0.0
-0.112336
-0.077231
0.178388
0.0
0.0
1.0
1.0
1.0
1.0
1.0
1.0
0.991868
1.0
1.0

0.681604
-0.20873
-0.037282
0.0
0.00189
0.0
-0.19346
-0.133004
0.19685
0.0
0.0
0.912161
1.0
1.0
1.0
1.0
1.0
0.998022
1.0
1.0

0.538026
-0.102608
0.0
0.0
0.036667
0.0
-0.096166
0.0
0.317289
0.0
0.0
0.912454
1.0
1.0
1.0
1.0
0.798755
0.89956
1.0
0.999487

0.382728
-0.002507
0.0
0.0
0.396251
0.046385
-0.160311
0.206092
0.295897
0.015458
0.013114
1.0
0.998315
1.0
1.0
1.0
0.054725
0.760366
0.998901
0.998901

0.713658
-0.205046
-0.006819
0.0
-0.081538
0.0
0.036264
-0.050207
0.482857
0.0
0.0
1.0
1.0
1.0
1.0
1.0
1.0
1.0
1.0
0.998901

0.54672
-0.018354
0.0
0.0
0.040507
0.0
0.0
-0.043559
0.0
0.0
0.0
0.981319
1.0
1.0
1.0
1.0
1.0
1.0
1.0
0.998901

0.299028
-0.128463
0.0
-0.156311
0.0
0.0
0.255751
-0.009541
0.252528
0.0
0.0
1.0
0.998608
1.0
1.0
1.0
0.840659
0.99978
1.0
1.0

0.406987
-0.27155
0.0
0.0
0.107589
0.0
-0.147687
-0.101535
0.494286
0.0
0.0
0.99978
1.0
0.998315
1.0
1.0
1.0
1.0
1.0
1.0

0.123207
-0.27155
0.0
0.0
-0.535812
0.0
-0.059939
0.056976
0.122711
0.0
0.0
1.0
0.987766
1.0
1.0
1.0
1.0
1.0
1.0
1.0

0.754524
-0.122468
0.0
0.0
0.013863
0.0
-0.213105
-0.056833
0.263223
0.0
0.0
1.0
1.0
1.0
0.961978
1.0
1.0
0.845348
0.99978
1.0

0.956495
-0.07554
-0.114702
0.0
0.036667
0.0
-0.331764
0.0
0.700293
0.0
0.015458
1.0
0.662198
1.0
0.827766
0.794213
1.0
0.88696
0.835824
1.0

0.529531
-0.226903
0.0
-0.028849
0.020009
0.0
-0.342979
-0.088225
0.29033
0.013114
0.0
0.859414
0.998315
0.998608
0.218466
1.0
0.999487
1.0
0.81663
0.735458

0.656419
-0.20873
0.040523
0.0
0.0
0.0
0.058527
0.005788
0.199341
0.0
0.0
1.0
0.99978
0.967839
0.83011
1.0
0.709963
1.0
1.0
1.0

-0.108027
-0.206689
-0.121083
0.0
0.007035
0.0
-0.049108
-0.056833
0.348645
0.0
0.0
1.0
1.0
1.0
1.0
0.794213
1.0
1.0
0.825128
0.999487

0.619793
-0.018354
-0.102659
0.0
0.036667
0.0
-0.160311
-0.152555
0.317289
0.015458
0.0
1.0
1.0
1.0
1.0
0.598022
1.0
1.0
1.0
0.999487

0.406987
0.246287
-0.073136
0.0
0.002157
0.040781
-0.363636
-0.060241
0.518315
0.0
0.0
0.888278
1.0
1.0
1.0
1.0
1.0
1.0
1.0
0.81663

0.133816
-0.013016
0.0
0.007751
0.0
0.0
-0.19346
0.0
0.68652
0.0
0.0
0.976044
1.0
1.0
0.218466
1.0
0.999121
0.702637
0.735458
0.826886

