m
Left

0.4625
-0.318852
0.0
0.34461
0.444049
1.0
1.0
0.064689
0.708352
1.0
1.0
1.0
1.0
1.0
0.331062
1.0
1.0
0.710549
0.684469
0.684469

0.558307
-0.387813
0.0
0.41627
0.484384
1.0
1.0
0.118901
0.661026
1.0
1.0
1.0
0.793626
0.793626
0.278022
1.0
1.0
0.72989
0.601538
0.601538

0.516548
-0.185965
0.0
0.383287
0.201277
1.0
1.0
0.042125
0.674213
0.9737
0.9737
1.0
1.0
1.0
0.272747
1.0
1.0
0.886227
0.651941
0.651941

1.0
-1.529415
0.0
0.0
0.380021
1.0
1.0
0.0
1.0
1.0
1.0
0.344689
0.966374
0.99978
1.0
1.0
0.875531
0.663663
0.601538
1.0

0.4625
0.0
0.0
0.0
0.066358
1.0
1.0
0.042711
0.732088
0.954066
0.886081
1.0
0.713333
0.89663
0.754799
1.0
1.0
0.378242
1.0
0.246813

0.38933
-0.318852
0.0
0.372331
0.121109
1.0
1.0
0.0
0.510256
1.0
1.0
1.0
0.719194
0.976044
1.0
1.0
1.0
0.345714
0.474066
1.0

0.747917
0.0
-0.057152
0.051984
0.0
1.0
1.0
0.295311
0.783223
0.443004
1.0
1.0
0.472308
0.471282
0.278022
1.0
0.899267
1.0
1.0
0.566667

0.678047
0.0
0.0
0.077609
0.140442
1.0
1.0
0.0
1.0
1.0
1.0
1.0
0.622051
0.688864
0.331062
0.806374
0.875531
0.647253
1.0
1.0

0.944543
-0.507196
0.0
0.280671
0.008411
1.0
1.0
0.329744
1.0
1.0
1.0
1.0
0.957582
0.746154
0.685934
1.0
0.564908
0.983077
1.0
1.0

0.935671
0.0
0.0
0.081244
0.120645
1.0
1.0
0.0
0.333407
0.954066
0.443004
1.0
0.793626
0.869817
1.0
0.854725
0.959341
0.886227
0.997729
1.0

0.516548
-0.523675
-0.023225
0.0
0.336797
1.0
1.0
0.0
1.0
1.0
1.0
0.843883
0.748352
0.886667
1.0
1.0
0.217949
0.780293
0.474066
0.601538

0.956938
0.076744
-0.001873
0.139947
0.322083
1.0
1.0
0.0
0.868498
1.0
1.0
0.84652
0.840659
0.232308
0.605055
0.702784
0.787033
0.357436
0.999194
1.0

0.60913
-1.250018
0.0
-0.457256
0.201205
1.0
1.0
0.043297
1.0
1.0
1.0
1.0
1.0
0.795238
0.602271
1.0
1.0
0.757729
0.4263
0.246813

0.38933
0.0
0.0
0.184106
0.228011
1.0
1.0
0.126227
0.868498
0.999487
1.0
1.0
0.998608
0.923297
1.0
1.0
1.0
0.807546
1.0
1.0

0.265199
0.0
0.0
0.41627
0.765861
1.0
1.0
0.164615
1.0
1.0
1.0
0.467619
0.969304
0.898388
0.346154
1.0
1.0
0.903077
1.0
1.0

0.787249
0.0
0.0
0.081244
0.066358
1.0
1.0
0.059414
1.0
1.0
1.0
0.843883
0.998608
1.0
1.0
1.0
0.941612
0.768278
1.0
0.434212

1.0
0.0
0.0
0.025794
0.087488
1.0
1.0
0.507179
1.0
1.0
1.0
0.705861
0.685055
0.706593
1.0
1.0
0.619121
0.461172
1.0
1.0

0.902708
-0.059257
0.0
0.00781
0.682662
1.0
1.0
0.004029
0.675385
1.0
0.954066
0.816337
0.632015
0.633773
0.424249
0.999194
0.998828
0.822198
0.142637
0.362271

