open_8
Left

0.095335
-0.330954
0.0
0.057242
0.023175
0.3462
0.121538
0.024249
0.338388
0.0
0.0
1.0
0.673333
0.673333
0.821026
0.002271
0.002271
0.060586
0.009011
0.009011

0.225745
-0.231424
0.0
0.124781
-0.060528
0.416056
0.195531
0.021319
0.325202
0.0
0.0
1.0
1.0
1.0
0.689157
0.004322
0.004322
0.026886
0.065568
0.065568

0.051238
-0.173143
-0.044509
0.196937
-0.284489
0.437848
0.113187
0.005201
0.207253
0.0
0.0
0.904249
0.999707
0.999707
0.543224
0.001392
0.001392
0.002564
0.02044
0.02044

0.202308
0.071351
0.0
0.747094
-0.087003
0.346571
0.210916
0.0
0.163883
0.0
0.0
1.0
0.313773
0.044176
0.156557
0.0
0.005495
0.015751
0.0
0.0

0.202404
0.553747
-0.133101
0.482611
0.117373
0.341572
0.195531
0.001099
0.426007
0.0
0.0
1.0
1.0
1.0
0.781465
0.008718
0.0
0.0
0.004908
0.0

0.051238
0.146122
-0.112439
0.291512
-0.084409
0.191318
0.202711
0.0
0.147326
0.0
0.0
0.904249
1.0
1.0
0.689157
0.0
0.0
0.0
0.0
0.0

-0.119835
-0.266195
0.113025
0.156539
-0.101065
0.460411
0.218242
0.0
0.561978
0.0
0.0
0.336044
0.027179
1.0
0.221758
0.0
0.0
0.012821
0.004908
0.0

-0.250343
0.749189
-0.192091
0.965198
-0.207312
0.640183
0.0
0.0
0.308498
0.0
0.0
0.947912
1.0
0.458535
0.324762
0.0
0.0
-0.029794
0.0
0.0

0.051238
-0.306508
-0.326854
0.265412
-0.060528
0.375821
0.0
0.0
0.164469
0.0
0.0
1.0
0.493553
0.113626
0.548498
0.0
0.002857
-0.055773
0.0
0.0

0.321026
0.073424
0.0
0.079981
-0.217901
0.460411
0.123883
0.0
0.164469
0.0
0.0
1.0
0.612088
0.32989
0.548498
0.0
0.0
0.0
0.0
0.0

0.423143
0.24442
-0.019957
0.134153
-0.033622
0.294887
0.32022
0.021612
0.2263
0.0
0.0
0.336044
0.458535
0.80989
0.498535
0.005201
0.0
0.060586
0.0
0.0

0.202404
-0.330954
-0.192091
0.177582
-0.113576
0.3462
0.251941
0.0
0.095751
0.0
0.013993
0.031962
0.025128
1.0
0.229377
0.0
0.0
-0.042155
0.0
0.0

0.106319
0.073424
-0.089245
0.057242
0.228319
0.640183
0.104835
0.0
0.222344
0.0
0.0
1.0
0.313773
0.571355
0.781465
0.0
0.0
0.0
0.0
0.0

0.042744
0.0
0.039826
-0.19787
0.142454
0.45333
0.32022
0.004029
0.421612
0.0
0.0
0.031962
0.763297
0.053553
0.614432
0.0
0.0
0.054432
0.0
0.0

0.144111
-0.143836
0.102896
0.206818
-0.026886
0.617205
0.056484
0.0
0.103077
0.0
0.0
0.947912
1.0
1.0
0.821026
0.0
0.0
0.0
0.0
0.0

-0.014745
-0.025106
0.102896
0.143281
-0.030663
0.65065
0.0
0.0
0.421612
0.016923
0.0
0.992527
0.534725
0.768278
0.339121
0.024249
0.0
-0.029794
0.0
0.0

0.21608
0.067945
0.0
0.016701
-0.18321
0.89148
0.169011
0.0
0.193687
0.0
0.0
0.510842
0.028645
1.0
0.248865
0.0
0.0
0.0
0.0
0.0

0.020083
0.24442
0.0
-0.19787
-0.104852
0.500729
0.005201
0.0
0.2263
0.0
0.0
1.0
0.355092
0.378242
1.0
0.0
0.0
0.028645
0.0
0.0

