p
Left

0.669064
-1.328956
-0.236035
0.0
0.001143
1.0
0.201539
0.015458
0.238022
0.006081
0.006081
0.854139
0.060586
0.060586
1.0
1.0
1.0
0.998022
1.0
1.0

0.68577
-1.555431
-0.412373
0.0
0.004305
1.0
0.20652
0.017509
0.129011
0.0
0.0
0.748938
0.048864
0.048864
1.0
1.0
1.0
0.993333
1.0
1.0

0.618263
-2.03785
-0.561106
0.0
-0.008435
1.0
0.195238
0.011062
0.120659
0.0
0.0
0.728425
0.059414
0.059414
1.0
1.0
1.0
0.919194
1.0
1.0

0.685877
-0.968656
0.0
0.0
0.05099
1.0
0.0
0.0
0.224542
0.0
0.0
0.784982
0.154066
0.054725
1.0
1.0
1.0
0.997143
0.998901
0.997729

0.542936
-1.328956
0.0
0.0
0.0
1.0
0.377656
0.015458
0.239048
0.0
0.0
0.520659
0.142051
0.021612
1.0
1.0
1.0
1.0
0.944396
0.999487

0.720817
0.328778
0.0
0.121407
0.0
1.0
0.0
0.0
0.129011
0.0
0.0
0.996557
0.060586
0.012527
1.0
1.0
1.0
1.0
1.0
1.0

0.951257
-1.19181
0.0
0.0
0.0
1.0
0.192161
0.0
0.337509
0.0
0.0
0.745421
0.065861
0.027179
1.0
1.0
0.227912
0.893114
1.0
1.0

0.811598
0.476227
0.0
0.0
-0.158792
0.783641
0.175751
0.0
0.214139
0.0
0.0
1.0
0.059414
0.148205
1.0
1.0
1.0
0.770916
0.572234
1.0

0.81304
0.100088
-0.236014
0.0
0.039018
1.0
0.623223
0.0
0.06967
0.0
0.0
1.0
0.22967
0.135751
1.0
0.406667
1.0
1.0
0.997729
1.0

1.0
-0.542696
-0.561106
0.0
0.0
1.0
0.077875
0.0
0.326667
0.0
0.0
0.626154
0.060586
0.406374
1.0
0.526813
1.0
0.79348
1.0
0.726081

0.831455
-0.922134
-0.845705
-0.011385
0.007658
1.0
0.377656
0.0
0.178974
0.0
0.0
1.0
0.317289
0.017216
1.0
1.0
0.712894
1.0
1.0
1.0

0.69443
0.566157
-0.270834
0.0
-0.022997
1.0
0.132674
0.0
0.170476
0.0
0.0
1.0
0.017509
0.013993
1.0
1.0
1.0
0.824542
0.999487
0.565641

0.811598
0.077453
0.0
0.0
0.0
1.0
0.11641
0.0
0.065568
0.0
0.0
0.600659
0.004322
0.1863
1.0
1.0
1.0
0.979194
0.997729
0.999487

0.722335
0.460629
-0.270834
0.0
-0.018027
1.0
0.142637
0.0
0.040366
0.0
0.0
1.0
0.027179
0.22967
1.0
1.0
1.0
1.0
1.0
0.849011

0.773492
0.022886
0.0
0.0
0.152503
1.0
0.452381
0.022784
0.39348
0.0
0.0
1.0
0.055311
0.050623
0.859414
1.0
1.0
1.0
0.624689
0.999487

0.788843
-0.375084
0.00736
0.0
0.0
1.0
0.012234
0.0
0.106154
0.0
0.0
1.0
0.277436
0.059414
1.0
1.0
1.0
0.998022
1.0
0.998901

0.94828
-1.328956
0.0
0.0
-0.158792
1.0
0.481685
0.034212
0.051795
0.0
0.0
0.541319
0.052674
0.167546
1.0
0.571941
0.712894
1.0
0.998901
1.0

0.894313
-1.126228
0.0
0.0
-0.081161
0.783641
0.305861
0.0
0.341026
0.0
0.0
1.0
0.043004
0.302051
1.0
1.0
0.95055
0.994945
1.0
1.0

