r
Left

0.545928
-0.341793
0.230705
0.243806
0.649582
1.0
1.0
0.201539
0.164615
0.011355
0.011355
0.0
0.079634
0.079634
0.766813
1.0
1.0
0.615604
1.0
1.0

0.462462
-0.339843
0.306601
0.049919
0.561841
1.0
1.0
0.320513
0.183663
0.012527
0.012527
0.026886
0.122711
0.122711
0.957289
1.0
1.0
0.651355
1.0
1.0

0.522182
-0.225497
0.342396
0.115755
0.162156
1.0
1.0
0.311136
0.158901
0.0
0.0
0.16022
0.040659
0.040659
0.868205
1.0
1.0
0.900293
1.0
1.0

0.718796
-0.72776
-0.00604
0.047061
-0.003538
1.0
1.0
0.149963
0.260733
0.0
0.0
-0.001399
0.013993
0.0
0.865861
0.719341
1.0
0.508938
1.0
1.0

0.522425
-0.858105
0.230705
0.243806
0.087913
1.0
0.965495
0.311136
0.581612
0.0
0.0
0.0
0.067912
0.032454
1.0
1.0
1.0
0.860293
1.0
1.0

1.0
-0.370182
0.297458
0.0
0.047144
1.0
1.0
0.141319
0.040366
0.0137
0.003443
0.124762
0.00315
0.037729
1.0
1.0
1.0
0.471575
1.0
1.0

0.419454
-0.44613
0.002605
0.115755
0.649582
1.0
1.0
0.171941
0.369744
0.0
0.011648
0.0
0.040659
0.026886
1.0
1.0
1.0
0.59641
1.0
1.0

0.619552
-0.504246
-0.092002
-0.060085
0.323573
1.0
1.0
0.75978
0.260733
0.0
0.0
0.0
0.05619
0.0
1.0
1.0
1.0
0.429524
1.0
0.999194

1.0
-0.473553
0.206867
0.234647
0.03568
1.0
1.0
0.321099
0.212381
0.0
0.0
0.026886
0.0
0.285788
0.607106
1.0
1.0
0.966777
1.0
0.99978

0.419454
0.373177
-0.053596
0.003706
0.228368
1.0
1.0
0.0
0.146154
0.0
0.00022
0.16022
0.0
0.047106
0.528718
1.0
1.0
0.792894
1.0
0.999194

0.393055
-0.858105
0.144839
0.230644
0.144385
1.0
0.56989
0.138388
0.114799
0.0
0.016923
0.0
0.032454
0.0
0.50044
1.0
1.0
0.210916
1.0
0.999487

0.475039
0.420052
0.013988
0.0
0.162156
1.0
0.498681
0.62293
0.299707
0.0
0.0
0.065861
0.0
0.0
0.778681
1.0
1.0
0.806227
1.0
0.997582

0.141245
0.420052
0.039747
0.234647
0.363735
1.0
0.381612
0.141026
0.112454
0.0
0.003443
0.0
0.285788
0.0
0.684469
1.0
1.0
0.625275
1.0
1.0

1.0
-0.72776
0.174506
0.0
0.118794
1.0
1.0
0.165495
0.369744
0.0
0.0
0.093407
0.0
0.0
0.768425
1.0
1.0
0.806227
1.0
0.806081

0.735755
-0.341793
0.412368
0.0
0.174555
1.0
0.305275
0.0
0.040366
0.0
0.0
0.0
0.0
0.0
0.634359
1.0
1.0
0.598608
1.0
0.99978

0.562227
0.032135
0.181929
0.0
0.479692
1.0
1.0
0.159341
0.947766
0.0
0.0
0.0
0.03011
0.0
0.66718
1.0
1.0
0.683297
1.0
0.999194

0.370623
-0.745299
0.300996
0.168984
0.209993
1.0
1.0
0.62293
0.198901
0.0
0.0
0.064396
0.013993
0.0
1.0
1.0
1.0
0.694286
1.0
1.0

0.72152
-0.339843
0.483765
0.115755
0.122907
1.0
0.365348
0.708205
0.531502
0.0
0.011648
0.106007
0.0
0.19304
0.634359
1.0
1.0
0.59348
1.0
1.0

