spread_open_e
Left

0.47415
0.470594
-0.064248
-0.216214
-0.341431
1.0
0.659267
0.422491
-0.178698
1.0
1.0
-0.200432
0.765934
0.765934
-0.014298
0.549231
0.549231
0.007546
0.520806
0.520806

0.17559
0.543951
0.009384
-0.377887
-0.051558
0.800211
0.13326
0.02044
0.015703
1.0
1.0
-0.094078
1.0
1.0
0.0
1.0
1.0
0.431575
0.652821
0.652821

0.282745
0.463429
-0.072687
-0.411479
-0.474349
0.89332
0.215604
0.040366
-0.097539
1.0
1.0
-0.194989
0.841099
0.841099
-0.165508
1.0
1.0
0.046227
0.358022
0.358022

0.057309
0.454779
-0.072687
-0.231457
-0.730714
0.446236
0.0
0.022198
0.071429
1.0
1.0
0.0
0.501612
0.762857
-0.049001
1.0
1.0
0.0
0.183956
0.504835

0.489013
0.712372
0.010232
-0.324382
-0.198725
0.869013
0.42337
0.045348
0.024315
1.0
1.0
-0.139257
1.0
0.998901
-0.124837
1.0
0.549231
0.0
0.797289
0.947326

0.026737
0.727505
0.219865
0.330879
-0.450762
0.89332
0.125055
0.0
-0.119557
0.99978
0.803736
-0.216781
0.844176
0.982051
-0.119976
0.712601
0.522711
-0.123057
0.73619
0.982198

0.31884
0.592998
0.002966
-0.091485
-0.340138
0.517786
0.411795
0.0
0.0
1.0
1.0
-0.11816
1.0
1.0
-0.115044
1.0
0.891062
0.176923
0.797289
1.0

0.079698
0.566153
-0.107347
0.009643
-0.622525
0.585863
0.0
0.06967
-0.044513
1.0
1.0
-0.237146
0.735458
1.0
-0.025457
1.0
0.53326
0.0
0.199634
0.350403

0.120797
0.718532
-0.160597
-0.251328
-0.49203
0.586455
0.0
0.062344
-0.117955
0.920073
1.0
-0.218264
1.0
0.962564
-0.069887
1.0
1.0
0.0
0.73619
0.199634

-0.356743
0.522415
0.941339
0.330879
-0.103625
0.423851
0.0
0.104835
-0.038677
1.0
1.0
-0.256979
1.0
0.998608
-0.115044
1.0
1.0
-0.158075
0.626886
1.0

0.314614
0.775417
-0.140844
-0.124309
-0.44384
0.534622
0.112454
0.0
0.029817
1.0
1.0
-0.049161
0.735458
0.998022
-0.26322
1.0
1.0
0.060879
0.683297
1.0

0.364717
0.324905
0.303664
0.590823
-0.321515
0.273145
0.072894
0.0
0.336044
1.0
1.0
-0.175754
0.90337
0.762857
-0.063176
0.528132
0.847106
0.0
0.321685
0.444176

0.274415
0.789957
0.421019
0.291057
-0.474779
0.800211
0.0
0.039194
0.015703
1.0
1.0
0.028645
0.742491
0.998901
-0.073481
1.0
1.0
0.0
0.965495
0.306447

0.354201
0.550444
-0.001978
-0.246861
-0.584273
0.29674
0.006081
0.053846
0.336044
1.0
1.0
-0.237146
0.998022
0.918608
-0.025457
0.8137
0.53326
0.013993
0.639341
0.322271

0.437091
0.896516
-0.140844
-0.231457
-0.244196
0.692005
0.121245
0.0
0.140879
1.0
1.0
-0.189202
0.998022
1.0
-0.170929
1.0
0.549231
0.006374
0.306447
1.0

0.186788
0.682638
0.145655
-0.805293
-0.730714
0.455141
0.0
0.0
-0.040519
1.0
1.0
0.0
0.867766
1.0
-0.115044
1.0
1.0
0.0
0.638755
0.321685

0.228969
0.775417
0.049029
0.590823
-0.23599
0.092163
0.257802
0.0
-0.227232
1.0
1.0
-0.093928
0.844176
1.0
0.0
1.0
1.0
0.046227
0.585128
0.185714

0.284923
1.460997
-0.194864
-0.411479
-0.705279
0.709996
0.045348
0.104835
0.071722
1.0
1.0
-0.11816
1.0
0.998315
0.052636
0.891062
1.0
0.0
0.33707
0.852967

