spread_e
Left

0.76241
0.485343
-0.140402
-0.25789
-0.363025
1.0
1.0
1.0
-0.205608
1.0
1.0
-0.226882
0.932674
0.932674
0.046741
0.642564
0.642564
0.069841
1.0
1.0

0.855146
0.555585
-0.136267
-0.328088
-0.467864
1.0
1.0
1.0
-0.276731
1.0
1.0
-0.271562
0.910989
0.910989
-0.110026
0.703223
0.703223
0.046479
0.867619
0.867619

0.669474
0.54237
-0.028548
-0.281619
-0.423229
1.0
1.0
1.0
-0.122122
1.0
1.0
-0.28822
0.731648
0.731648
-0.109007
0.750989
0.750989
0.030696
0.59011
0.59011

0.649931
0.616455
-0.056923
-0.083678
-0.403587
1.0
1.0
1.0
0.130037
1.0
1.0
-0.24393
0.8937
0.99978
-0.070207
0.693553
1.0
0.069841
0.248132
0.820147

0.325631
1.468847
0.026486
-0.040759
-0.423229
1.0
1.0
0.471722
0.228498
1.0
1.0
-0.224557
0.600366
1.0
-0.093507
0.703223
1.0
0.051502
0.735751
0.273626

0.502356
0.287714
-0.140343
-0.285754
-0.359413
1.0
1.0
1.0
-0.17376
0.99978
1.0
-0.29113
1.0
0.8937
-0.176459
0.642564
1.0
0.084744
0.314652
0.372088

0.688354
0.485343
-0.200749
0.006895
-0.528076
1.0
1.0
0.824542
-0.067138
1.0
1.0
0.061172
0.998022
1.0
-0.066876
1.0
0.526227
0.0
0.439048
0.679194

0.446138
0.821743
0.061787
-0.509354
-0.026431
1.0
1.0
1.0
-0.106965
1.0
1.0
0.007546
0.818388
0.900147
-0.16671
1.0
1.0
-0.008704
0.351868
0.774432

0.95319
0.111396
-0.282651
0.012087
-0.095289
1.0
1.0
1.0
0.0937
1.0
1.0
0.074945
1.0
0.73663
-0.220126
1.0
0.535604
0.361978
0.246667
0.999194

0.461378
0.657125
0.080553
-0.159799
-0.721217
1.0
1.0
0.0
0.071429
1.0
1.0
-0.029615
1.0
1.0
-0.144691
0.447839
0.729304
0.025872
0.951282
0.98044

0.47337
0.616455
0.139237
-0.151624
-0.026431
1.0
1.0
1.0
0.243151
1.0
1.0
-0.273536
1.0
0.994615
-0.160692
1.0
0.567546
0.073187
0.950549
1.0

0.679976
0.905384
-0.136267
0.756668
-0.54213
1.0
1.0
1.0
-0.187669
1.0
1.0
-0.248634
1.0
1.0
0.253114
1.0
1.0
0.005201
0.830989
1.0

0.690418
0.111396
-0.282651
0.006136
-0.257549
1.0
1.0
1.0
0.168847
1.0
1.0
0.061172
1.0
1.0
-0.110026
1.0
1.0
0.0
0.482857
0.802564

0.458507
1.040309
0.463754
0.785349
-0.407612
1.0
1.0
0.685348
0.0
1.0
1.0
-0.054209
1.0
1.0
-0.169854
1.0
1.0
0.072601
0.351868
0.3337

-0.325086
0.542492
0.103358
-0.142338
-0.363025
1.0
1.0
1.0
0.228498
1.0
1.0
-0.225552
0.670696
0.986007
-0.055028
0.526227
0.999414
0.038022
0.451795
0.786447

0.430626
0.748633
0.156956
-0.129566
-0.295205
1.0
1.0
0.420147
0.169744
1.0
0.99978
-0.000803
1.0
1.0
-0.120721
1.0
0.987766
0.0
0.802564
0.951282

0.429954
0.527543
-0.12708
-0.093212
-0.516683
1.0
1.0
1.0
-0.191967
1.0
1.0
-0.143318
1.0
1.0
-0.069611
0.999194
1.0
0.051502
0.3337
0.703956

0.47337
0.606728
0.716645
-0.195633
-0.370374
1.0
1.0
0.581905
-0.040801
1.0
1.0
-0.273536
0.900147
1.0
0.021308
0.751575
1.0
0.437436
0.922125
0.743956

