t
Left

0.295827
0.028613
0.0
0.0
0.002197
1.0
1.0
0.0
0.940879
1.0
1.0
1.0
1.0
1.0
1.0
1.0
1.0
0.998022
1.0
1.0

0.342918
0.078179
-0.141065
0.0
0.001951
1.0
1.0
0.010769
0.764762
1.0
1.0
0.897802
1.0
1.0
1.0
1.0
1.0
0.998022
1.0
1.0

0.287292
5.4e-05
-0.195739
0.0
0.002003
1.0
1.0
0.0
0.99978
1.0
1.0
0.853846
1.0
1.0
1.0
1.0
1.0
0.998022
1.0
1.0

0.241793
-0.00936
0.0
0.0
0.00837
1.0
1.0
0.03685
1.0
1.0
0.99978
1.0
1.0
1.0
1.0
0.999487
0.999487
1.0
1.0
1.0

0.345106
0.0
0.0
0.0
0.0
1.0
0.555531
0.0
0.858681
1.0
1.0
0.899267
0.998315
1.0
1.0
1.0
1.0
0.948498
1.0
1.0

0.582862
0.0
0.0
0.0
0.144853
1.0
0.451648
0.0
1.0
0.894872
1.0
1.0
1.0
1.0
1.0
1.0
1.0
1.0
0.99978
0.999194

0.287292
-0.031122
0.0
0.0
0.0
1.0
1.0
0.0
1.0
1.0
1.0
1.0
0.99978
0.999194
1.0
1.0
1.0
1.0
1.0
0.99978

0.502355
0.0
0.0
0.0
0.147864
1.0
1.0
0.0
1.0
1.0
1.0
0.931209
0.998608
1.0
1.0
1.0
1.0
1.0
1.0
1.0

0.582862
0.0
0.0
0.0
0.020907
1.0
1.0
0.0
0.858681
1.0
1.0
1.0
1.0
1.0
1.0
1.0
1.0
0.270549
1.0
0.998901

0.343318
-0.031122
-0.405185
0.0
0.147864
1.0
1.0
0.047399
1.0
1.0
1.0
0.691795
1.0
0.998608
1.0
0.999487
0.999487
0.918755
1.0
1.0

0.360656
0.0
0.0
0.0
0.0
1.0
1.0
0.0
0.859707
0.99978
1.0
1.0
1.0
0.998608
0.85663
1.0
1.0
1.0
0.999487
1.0

0.345106
5.4e-05
0.0
0.0
0.215707
1.0
0.581612
0.0
0.724029
1.0
1.0
1.0
0.99978
0.955605
1.0
1.0
1.0
0.539121
1.0
1.0

0.294581
0.0
-0.40308
0.0
-0.000327
1.0
1.0
0.0
1.0
1.0
1.0
1.0
1.0
1.0
1.0
1.0
0.920073
0.836557
1.0
1.0

0.450363
0.000167
0.0
0.0
0.0
1.0
0.536484
0.0
0.764762
1.0
1.0
0.778242
0.717875
1.0
1.0
1.0
1.0
0.998022
1.0
1.0

0.477664
0.078179
-0.141065
0.0
0.0
1.0
1.0
0.093407
0.872894
1.0
1.0
1.0
0.998608
1.0
1.0
1.0
1.0
1.0
0.999194
1.0

0.582862
0.0
0.0
0.0
0.0
1.0
0.2537
0.0
0.793919
1.0
0.671282
1.0
1.0
0.998608
1.0
1.0
1.0
1.0
1.0
1.0

0.451871
0.0
-0.476002
0.0
0.108532
1.0
1.0
0.0
1.0
1.0
1.0
1.0
0.999194
1.0
1.0
1.0
1.0
1.0
1.0
0.99978

-0.107392
0.000196
0.0
0.0
0.0
1.0
1.0
0.0
0.86674
1.0
1.0
0.96696
0.512161
1.0
1.0
0.857363
1.0
1.0
1.0
1.0

