x
Left

0.254981
-0.076055
-0.003696
-0.006934
-0.028543
1.0
1.0
0.38293
0.290623
1.0
1.0
0.9737
0.9063
0.9063
0.685641
0.812527
0.812527
0.435092
0.977216
0.977216

0.327193
-0.068224
0.0
0.19065
0.193287
1.0
1.0
0.677143
0.241408
1.0
1.0
1.0
1.0
1.0
0.407253
0.542784
0.542784
0.855898
1.0
1.0

0.536149
-0.048148
0.0
0.421634
0.316463
1.0
1.0
0.443297
0.28359
1.0
1.0
1.0
0.978462
0.978462
0.507326
0.586447
0.586447
0.817509
1.0
1.0

0.824569
-0.288324
0.0
0.0
-0.040539
1.0
1.0
0.347473
0.121604
0.464689
1.0
1.0
0.903663
1.0
0.492381
0.69326
0.999487
0.999414
0.944689
1.0

1.0
-0.281295
-0.025315
-0.189375
0.316463
1.0
1.0
0.738095
0.274505
0.657509
1.0
0.909817
1.0
0.829084
0.616777
0.919487
1.0
0.65282
0.840366
1.0

1.0
-0.360983
-0.055058
0.0
0.357825
1.0
1.0
0.149084
0.509524
0.4263
1.0
0.890916
0.985568
0.985568
1.0
1.0
1.0
1.0
1.0
1.0

1.0
-0.449477
0.080422
-0.053031
-0.009784
1.0
1.0
1.0
0.194212
1.0
0.992527
1.0
0.954066
0.879048
1.0
1.0
1.0
0.58337
1.0
1.0

-0.23764
0.0395
0.0
0.0
0.046119
1.0
1.0
0.240806
0.618242
0.948718
0.674945
1.0
0.903663
1.0
0.519487
1.0
1.0
1.0
1.0
1.0

1.0
-0.199347
0.184607
0.0
0.322416
1.0
1.0
1.0
0.35011
1.0
1.0
0.746007
1.0
0.905714
1.0
1.0
0.854139
0.680073
0.99978
1.0

-0.575402
-0.288324
-0.158565
0.011053
0.193287
1.0
1.0
0.157582
0.293553
0.648425
1.0
0.71641
0.94293
0.99978
1.0
0.729304
0.729304
0.817509
0.999194
1.0

1.0
0.0572
-0.229784
0.0
0.165025
1.0
1.0
1.0
0.434212
0.368278
0.378242
1.0
0.99978
0.879048
0.60652
1.0
1.0
0.754506
1.0
1.0

0.536149
-0.199347
-0.003696
0.0
0.0
1.0
1.0
1.0
0.192747
0.905421
0.67304
1.0
1.0
1.0
0.495165
1.0
1.0
0.482564
1.0
1.0

0.825558
0.083444
0.0
0.0
0.124432
1.0
1.0
1.0
0.194212
0.870549
0.852381
1.0
0.978462
0.879048
1.0
1.0
1.0
0.702198
1.0
1.0

0.231887
-0.452372
0.0
0.0
0.0
1.0
1.0
1.0
0.367106
1.0
0.412528
0.924762
1.0
0.960806
1.0
1.0
1.0
0.698828
1.0
1.0

0.702163
0.177984
0.0
0.0
0.561277
1.0
1.0
0.412234
0.478462
0.535897
0.4263
1.0
1.0
0.985568
0.61619
1.0
1.0
0.787033
0.99978
1.0

-0.987351
-0.16286
0.0
-0.006934
0.019411
1.0
1.0
0.863223
0.35011
0.898095
0.674945
0.924762
0.976044
0.695898
0.826886
0.65956
0.69326
0.671722
1.0
1.0

0.735763
-0.273383
0.0
0.022758
0.193287
1.0
1.0
1.0
0.17788
1.0
0.905421
0.738681
0.903663
1.0
1.0
0.832161
1.0
0.88315
1.0
0.997729

0.785421
-0.281295
0.0
-0.053031
0.165025
1.0
1.0
1.0
0.404176
0.632308
1.0
1.0
1.0
1.0
0.99978
1.0
0.729304
0.764176
0.944689
1.0

