3
Left

0.371092
0.251335
-0.302441
0.0
0.017318
0.0
-0.118773
-0.087595
0.085201
0.0
0.0
0.164029
0.0
0.0
1.0
1.0
1.0
0.982784
1.0
1.0

0.138444
0.230256
-0.300862
0.0
0.06887
0.0
-0.33113
-0.1875
0.022784
0.0
0.0
0.21033
0.0
0.0
1.0
1.0
1.0
0.939414
1.0
1.0

0.538102
0.497693
0.161466
0.0
0.213653
0.0
-0.238189
-0.183979
0.089011
0.0
0.0
0.188645
0.0
0.0
1.0
1.0
1.0
0.814872
1.0
1.0

0.42888
-0.029799
-0.395784
0.0
0.0
0.071931
0.032161
-0.071686
0.008132
0.0
0.0
0.188645
0.0
0.0
0.411355
0.803883
0.738095
1.0
1.0
0.689744

0.385608
0.443475
-0.333851
0.026791
0.120687
0.0
-0.026626
-0.02596
-0.012416
0.0
0.0
0.275238
0.0
0.0
0.871722
1.0
1.0
0.891355
1.0
0.720073

0.680393
0.178209
-0.46114
0.0
0.053748
0.265875
0.049744
-0.027232
0.01956
0.0
0.0
0.48696
0.0
0.0
1.0
0.999487
0.827179
0.702051
1.0
1.0

0.42888
0.109874
-0.004423
0.061479
0.018152
0.041193
0.032161
-0.145516
0.060293
0.0
0.0
0.119634
0.0
0.0
1.0
1.0
1.0
0.575458
1.0
1.0

0.800855
0.178209
0.130571
0.0
0.112189
0.0
0.0
-0.016698
-0.012416
0.0
0.0
0.161099
0.0
0.0
0.75304
1.0
1.0
0.697656
0.827179
1.0

-0.004993
0.230256
-0.177534
0.05798
0.127324
0.0
-0.109044
-0.020201
0.028645
0.0
0.0
0.004029
0.0
0.0
0.759487
1.0
1.0
0.898974
0.689744
1.0

-0.245472
0.447107
-0.015088
0.0
0.142745
0.056407
0.298535
-0.063662
-0.04797
0.0
0.0
0.12359
0.0
0.0
0.732234
1.0
1.0
1.0
1.0
1.0

0.605109
0.497693
-0.383917
0.089803
0.06887
0.0
-0.226726
0.0
0.049158
0.0
0.0
0.0
0.0
0.0
0.849744
1.0
1.0
0.662784
1.0
0.827179

0.31186
0.443475
-0.522578
-0.006379
0.0
0.0
-0.024288
0.0
0.0
0.0
0.0
0.48696
0.0
0.0
1.0
1.0
0.738095
0.679927
1.0
0.999194

-0.725646
-0.329601
-0.360563
0.007188
0.122216
0.265875
-0.21166
-0.145516
0.015458
0.0
0.0
0.188645
0.0
0.0
0.840073
1.0
1.0
1.0
0.827179
1.0

-0.245472
-0.145756
0.130571
0.0
0.144659
0.0
-0.058418
0.0
-0.251961
0.0
0.0
0.004029
0.0
0.0
0.556117
1.0
1.0
1.0
0.654286
0.619707

0.30565
0.296445
-0.374565
0.076058
0.0
0.0
-0.104546
0.030696
0.092821
0.0
0.0
0.473773
0.0
0.0
0.3337
1.0
0.970183
0.679927
1.0
1.0

0.413347
0.526457
-0.316215
0.238471
0.0
0.0
-0.046364
-0.146245
0.075531
0.0
0.0
0.0
0.0
0.0
0.871722
1.0
0.999487
0.663663
0.720073
0.53033

0.30565
0.227902
0.129714
0.0
0.180355
0.0
0.094872
-0.020201
0.011062
0.0
0.028352
0.370916
0.0
0.0
1.0
1.0
0.970183
0.530037
1.0
0.99978

-0.207961
0.246534
-0.015088
0.0
0.120687
0.027272
0.0
-0.066272
-0.04797
0.0
0.0
0.0
0.0
0.0
0.75304
1.0
1.0
0.737216
1.0
0.697656

