4
Left

-0.183329
0.0
-0.153443
0.259637
0.404208
1.0
1.0
1.0
0.0
0.0
0.0
0.0
0.0
0.0
-0.05272
0.0
0.0
-0.040008
0.0
0.0

-0.19786
0.034207
-0.146419
0.211943
0.48832
1.0
1.0
1.0
0.0
0.0
0.0
0.0
0.0
0.0
-0.04849
0.0
0.0
-0.01863
0.0
0.0

-0.206948
0.075526
-0.076715
0.346849
0.480749
1.0
1.0
1.0
0.0
0.0
0.0
0.0
0.0
0.0
-0.053899
0.0
0.0
0.0
0.0
0.0

0.492758
0.674767
0.093259
-0.174199
-0.658945
1.0
1.0
0.032747
0.131502
0.0
0.0
0.02337
0.0
0.0
0.0
0.0
0.0
0.0
0.0
0.0

0.332976
0.512081
-0.097058
-0.335399
-0.006666
1.0
1.0
0.0
0.0
0.0
0.0
0.030989
0.0
0.0
0.008642
0.0
0.0
0.0
0.0
0.0

-0.271478
0.26203
-0.008156
-0.251994
-0.183841
1.0
1.0
1.0
0.054725
0.0
0.0
0.0
0.0
0.0
-0.107773
0.0
0.0
-0.101333
0.0
0.0

0.454081
0.632532
0.033309
-0.022973
-0.065844
1.0
0.936484
0.337363
0.0
0.0
0.0
0.0
0.0
0.0
0.031868
0.0
0.0
0.0
0.0
0.0

0.481584
0.477834
0.038078
-0.174199
-0.443811
1.0
1.0
0.293846
0.0
0.0
0.0
-0.027583
0.0
0.0
-0.016028
0.0
0.0
0.035092
0.0
0.0

0.585445
0.478675
0.017217
0.346849
-0.340668
1.0
1.0
0.314359
-0.081352
0.0
0.0
0.0
0.0
0.0
-0.053899
0.0
0.0
-0.01863
0.0
0.0

0.502084
0.539914
0.143798
0.291674
0.404208
1.0
1.0
0.939707
0.0
0.0
0.0
0.039568
0.0
0.0
0.0
0.0
0.0
0.0
0.0
0.0

0.332976
0.558649
0.194187
0.048011
-0.057446
1.0
1.0
0.032747
0.022784
0.0
0.0
0.0
0.0
0.0
0.03978
0.0
0.0
0.0
0.0
0.0

0.35409
0.575232
0.098614
-0.159161
-0.603632
1.0
1.0
1.0
-0.034635
0.0
0.0
-0.028888
0.0
0.0
0.0
0.0
0.0
0.0
0.0
0.0

0.450398
0.617646
0.08028
-0.207906
0.480749
1.0
0.799634
0.123297
0.054725
0.0
0.0
0.0
0.0
0.0
0.0
0.0
0.0
-0.095737
0.0
0.0

0.363913
0.6768
0.024886
-0.149972
-0.327917
1.0
1.0
0.0
-0.069463
0.0
0.0
0.0
0.0
0.0
0.0
0.0
0.0
-0.005263
0.0
0.0

0.560717
0.403087
0.217106
-0.396124
-0.646114
1.0
1.0
0.0
-0.017853
0.0
0.0
0.0
0.0
0.0
-0.016028
0.0
0.0
0.0
0.0
0.0

0.089534
0.381995
0.234576
-0.253091
-0.183841
1.0
1.0
0.072015
0.005236
0.0
0.0
0.0
0.0
0.0
-0.106645
0.0
0.0
0.0
0.0
0.0

0.47734
0.618067
-0.094079
-0.150376
-0.382438
1.0
1.0
0.150549
0.0
0.0
0.0
0.02337
0.0
0.0
0.005495
0.0
0.0
0.0
0.0
0.0

-0.142099
0.684036
-0.146419
-0.138419
-0.340668
1.0
1.0
0.391136
-0.080437
0.0
0.0
0.0
0.0
0.0
-0.14733
0.0
0.0
-0.03936
0.0
0.0

