5
Left

0.261419
0.375453
-0.122196
-0.434189
-0.782722
0.175703
0.0
0.0
-0.051545
0.0
0.0
-0.000247
0.0
0.0
-0.044129
0.0
0.0
0.0
0.0
0.0

0.267422
0.438988
-0.084964
-0.373451
-0.746362
0.179804
0.0
0.0
-0.058989
0.0
0.0
-0.018407
0.0
0.0
-0.054727
0.0
0.0
0.0
0.0
0.0

0.349158
0.463675
-0.072781
-0.360593
-0.818814
0.243496
0.0
0.0
-0.042799
0.0
0.0
-0.016208
0.0
0.0
-0.048425
0.0
0.0
0.0
0.0
0.0

0.306056
0.331629
0.184257
-0.237192
-0.782722
0.094726
0.0
0.018681
0.0
0.0
0.0
0.0
0.0
0.0
0.0
0.0
0.004615
-0.032713
0.0
0.0

0.099691
0.380635
0.303044
-0.699824
0.858823
0.146693
0.0
-0.063654
-0.074402
0.0
0.0
0.195096
0.0
0.0
-0.149949
0.0
0.0
-0.088488
0.0
0.0

0.137922
0.871347
0.04672
0.037768
-0.480399
0.318841
0.0
0.0
0.004029
0.0
0.0
-0.003281
0.0
0.007839
-0.070031
0.0
0.0
-0.091208
0.0
0.001685

0.326687
0.591983
-0.012195
0.168535
-0.364964
0.141669
0.0
-0.155456
-0.067182
0.0
0.0
0.0
0.0
0.0
-0.01218
0.0
0.0
-0.004586
0.0
0.0

0.349158
0.299514
-0.129044
-0.228266
-0.465648
0.0
-0.054958
0.016044
0.0
0.014286
0.023077
0.0
0.0
0.0
-0.054727
0.0
0.0
-0.084968
0.0
0.0

0.436501
0.417755
0.184257
-0.467265
-0.818814
0.061564
0.104835
0.0
-0.058989
0.0
0.0
-0.068921
0.0
0.0
-0.081321
0.0
0.0
-0.120717
0.0
0.0

0.362056
0.438949
0.089331
-0.213788
-0.517791
0.141669
0.0
0.0
-0.038074
0.0
0.0
-0.025038
0.0
0.0
0.0
0.0
0.0
0.0
0.001685
0.0

1.0
0.306391
-0.012195
-0.148648
-0.465648
0.186148
0.0
-0.155456
-0.100596
0.0
0.0
0.0
0.0
0.0
-0.149483
0.004615
0.0
-0.065964
0.0
0.0

-0.354059
0.542129
-0.186342
-0.227255
-0.923473
0.139113
0.0
0.0
-0.029629
0.0
0.0137
0.0
0.0
0.0
-0.01218
0.025714
0.0
-0.032713
0.0
0.001685

0.301075
0.385261
0.226136
-0.148648
-0.692578
0.174959
0.0
0.0
-0.058989
0.0
0.0
0.0
0.0
0.0
-0.01218
0.0
0.0
-0.080667
0.0
0.0

-0.201132
0.463675
0.222163
-0.305987
-0.322446
0.396346
0.058242
0.004615
-0.075586
0.0
0.0
-0.000247
0.0
0.0
0.035385
0.004615
0.0
-0.050472
0.0
0.0

0.30099
0.910585
0.192897
-0.227255
-0.945313
0.106849
0.0
0.0
-0.057318
0.004908
0.0
-0.008024
0.0
0.0
0.0
0.025714
0.0
-0.065964
0.0
0.0

0.431027
0.404568
-0.012195
-0.175684
-0.61936
0.031194
0.0
0.0
-0.067182
0.0
0.023077
0.0
0.0
0.0
-0.145746
0.0
0.0
-0.056716
0.0
0.0

0.229929
0.348273
0.142753
-0.434189
-0.364964
0.483643
0.012778
0.0
-0.027744
0.0
0.0
-0.127448
0.0
0.0
0.010476
0.0
0.0
-0.050472
0.0
0.0

0.201531
0.414938
-0.118933
-0.006853
-1.236534
0.027391
-0.092587
-0.004462
-0.025556
0.0137
0.0
0.0
0.0
0.0
-0.116322
0.0
0.023956
-0.039398
0.0
0.0

