7
Left

0.323781
1.351557
0.879041
0.513928
0.056024
1.0
0.764762
0.278608
-0.154168
0.0
0.0
-0.120149
0.0
0.0
0.204762
1.0
1.0
0.0
0.0
0.0

0.303657
1.389267
0.714968
0.389548
-0.023532
1.0
0.81326
0.339267
-0.219245
0.0
0.0
-0.126522
0.0
0.0
0.176044
1.0
1.0
-0.019583
0.0
0.0

0.32935
1.450493
0.76127
0.454066
0.117605
1.0
0.790696
0.278022
-0.168076
0.0
0.0
-0.11232
0.0
0.0
0.139414
1.0
1.0
0.0
0.0
0.0

0.285197
0.335454
0.084145
-0.105828
-0.064408
1.0
0.274212
0.200073
-0.059598
0.0
0.0
0.0
0.0
0.0
0.349231
1.0
0.267619
0.002564
0.0
0.0

1.0
0.69651
-0.645691
0.454066
-0.058599
1.0
0.282564
0.065275
-0.019679
0.0
0.0
0.0
0.0
0.0
0.357143
1.0
0.999487
0.138095
0.035092
0.0

0.523875
0.421872
0.048427
0.158994
0.117605
1.0
1.0
0.0
-0.127443
0.0
0.0
0.0
0.0
0.0
0.356557
1.0
0.765934
0.047692
0.0
0.0

0.860372
0.338634
-0.324585
0.382671
0.15646
1.0
0.390696
0.082271
-0.019679
0.0
0.0
0.104542
0.0
0.0
0.316703
1.0
1.0
0.0
0.0
0.0

0.596093
-0.0363
0.054769
0.227292
-0.249359
1.0
0.576777
0.065275
-0.143848
0.0
0.0
0.0
0.0
0.0
0.24022
1.0
1.0
0.048571
0.0
0.0

0.718478
0.633001
-0.099019
-0.241672
0.06673
1.0
1.0
0.002857
0.0
0.0
0.0
0.149963
0.0
0.0
0.648132
0.839487
0.884908
0.032747
0.0
0.023956

0.958658
0.366865
0.207366
-0.227344
0.093078
1.0
0.790696
0.018681
-0.02612
0.0
0.0
0.014872
0.0
0.0
0.327546
1.0
0.660147
0.035678
0.0
0.0

0.741942
0.335454
-0.028151
0.247929
-0.11812
1.0
0.207692
0.037729
0.0
0.0
0.0
0.033626
0.0
0.0
0.280952
0.201245
1.0
0.080806
0.108938
0.0

0.776756
1.450493
0.164943
0.024658
-0.183523
1.0
1.0
0.0
-0.104445
0.0
0.0
0.104542
0.0
0.0
0.151136
1.0
0.676557
0.002564
0.0
0.035092

0.860334
0.715806
0.164943
0.413694
0.119163
1.0
1.0
0.161392
-0.081629
0.0
0.0
0.025421
0.0
0.0
0.280952
1.0
1.0
0.05326
0.0
0.0

0.664543
0.570416
0.063119
-0.133838
0.013918
1.0
0.207692
0.079048
-0.073021
0.0
0.0
0.430696
0.0
0.0
0.263956
1.0
1.0
0.006667
0.0
0.0

0.758405
0.369642
0.276905
0.454066
0.200557
1.0
0.262784
0.0
0.001685
0.0
0.0
0.104542
0.0
0.0
0.316703
1.0
0.6663
0.087546
0.04652
0.0

0.735513
0.152371
-0.324585
-0.078549
-0.252382
1.0
0.81326
0.278608
-0.081629
0.0
0.0
0.133407
0.0
0.0
0.590696
1.0
1.0
0.080806
0.04652
0.0

0.865427
0.614227
0.128973
0.019875
0.011272
1.0
1.0
0.0
-0.113924
0.0
0.0
-0.11232
0.0
0.0
0.828059
1.0
1.0
0.016923
0.0
0.0

0.720989
1.351557
0.76127
-0.250911
-0.193829
1.0
0.726081
0.0
0.0
0.0
0.0
0.242271
0.0
0.0
0.308938
1.0
0.201245
0.048864
0.0
0.0

