8
Left

0.341865
0.274386
-0.039691
0.280404
-0.200932
1.0
0.566667
0.417802
-0.140963
0.0
0.0
0.134432
1.0
1.0
-0.001978
0.0
0.0
0.0
0.0
0.0

0.303062
0.311727
-0.054233
0.374244
-0.206927
1.0
0.814286
0.498974
-0.075751
0.0
0.0
0.074652
1.0
1.0
-0.020103
0.0
0.0
0.0
0.0
0.0

0.177638
0.414496
0.0
0.429445
-0.306913
1.0
0.46293
0.218828
-0.058638
0.0
0.0
0.176337
1.0
1.0
-0.041798
0.0
0.0
-0.098539
0.0
0.0

0.876989
0.250297
0.29232
0.060111
-0.310261
1.0
0.46293
0.417802
0.057656
0.0
0.0
0.999414
0.644322
0.999707
0.161685
0.017509
0.0
0.0
0.0
0.0

0.341865
0.089759
0.13008
0.401689
-0.129313
1.0
0.619267
0.166081
0.0
0.0
0.0
0.601245
1.0
0.850623
0.264249
0.0
0.0
0.0
0.0
0.01663

0.73141
0.39407
-0.077161
0.184742
-0.200932
1.0
0.566667
0.218828
0.004615
0.001978
0.0
0.356557
0.936777
1.0
0.153187
0.0
0.0
-0.027317
0.0
0.0

0.597511
-0.291488
0.234487
0.01349
-0.096459
1.0
0.110696
0.0
0.012234
0.004908
0.0
1.0
0.954359
0.998315
0.24315
0.0
0.019267
0.00315
0.0
0.0

0.69503
0.257409
0.233118
0.442203
-0.898555
1.0
0.294579
0.115531
0.006374
0.048571
0.0
0.265568
0.722857
0.136923
0.153187
0.0
0.0
-0.129465
0.0
0.0

0.937744
-0.003969
0.050456
0.401689
-0.200932
1.0
0.376777
0.435385
0.068035
0.047106
0.004908
0.509817
0.586886
0.581612
0.171941
0.0
0.0
-0.164017
0.0
0.0

0.7736
0.089759
0.124016
0.234517
-0.748377
1.0
0.499267
0.085495
0.132179
0.0
0.001685
0.457363
0.644322
0.796557
0.273187
0.0
0.0
0.0
0.0
0.0

0.730757
0.489762
0.334172
0.309977
-0.36157
1.0
0.139121
0.052088
0.012234
0.0
0.0
0.451209
0.960513
1.0
0.451795
0.0
0.0
-0.023941
0.0
0.0

0.764049
0.237067
0.042496
0.125721
-0.359726
1.0
1.0
0.944689
0.009597
0.0
0.0
0.431722
0.998315
0.809597
0.494872
0.0
0.00696
0.0
0.0
0.0

0.84016
0.414496
0.167251
0.272737
-0.346812
0.946089
0.844469
0.0
0.001099
0.0
0.0
1.0
0.729304
0.581612
0.181465
0.018388
0.022491
0.0
0.0
0.0

0.927835
1.367126
-0.02834
-0.163367
-0.237928
1.0
0.624103
0.030989
0.0
0.0
0.0
0.457363
0.442711
1.0
0.67348
0.0
0.019267
0.008425
0.01956
0.0

0.69503
0.181104
0.233118
0.657313
-0.25347
1.0
0.662198
0.653407
0.0
0.0
0.0
0.693553
0.257802
1.0
0.299414
0.022491
0.0
0.0
0.0
0.01956

0.620058
-0.211927
0.136893
-0.021446
-0.603753
1.0
0.670403
0.514799
0.010769
0.0
0.0
0.469524
0.21033
0.960513
0.144689
0.0
0.0
0.042711
0.0
0.0

0.675952
0.254597
-0.163449
0.401689
-0.764811
1.0
0.188791
0.200513
-0.075751
0.0
0.0
0.074652
1.0
0.712747
0.306447
0.005788
0.018388
0.00315
0.0
0.0

0.752696
-0.003195
0.00758
0.160897
-0.09316
1.0
0.041832
0.006667
0.0
0.0
0.0
0.394945
0.513919
1.0
0.181465
0.0
0.0
0.0
0.0
0.0

