bent_v
Left

-0.103323
0.456786
-0.32599
0.0
-0.242349
1.0
0.663663
1.0
0.21825
1.0
1.0
-0.046027
1.0
1.0
1.0
1.0
1.0
0.559048
1.0
1.0

-0.24124
0.181401
-0.439855
0.0
-0.282838
1.0
0.616777
1.0
0.275092
1.0
1.0
0.003324
1.0
1.0
1.0
1.0
1.0
0.742637
1.0
1.0

-0.35825
0.176987
-0.455472
-0.048909
-0.425155
1.0
0.736923
1.0
0.319194
1.0
1.0
-0.045426
1.0
1.0
0.963443
1.0
1.0
0.708645
1.0
1.0

0.5595
0.465133
-0.074698
0.0
0.174568
1.0
0.982491
0.310549
0.037143
1.0
1.0
-0.107029
1.0
1.0
0.870256
1.0
1.0
0.833773
0.66337
0.398022

0.361816
0.645802
-0.552748
0.072617
0.070625
1.0
1.0
1.0
0.035092
0.875824
1.0
-0.025077
0.602857
0.813553
1.0
1.0
1.0
0.535311
1.0
0.999194

-0.103323
0.658907
-0.032611
0.0
0.333433
1.0
1.0
1.0
-0.040051
1.0
1.0
0.0
1.0
0.96696
0.962271
1.0
1.0
0.794359
0.999194
0.99978

0.486518
0.625036
-0.440704
0.0
0.502846
1.0
0.257509
1.0
0.053553
0.574872
1.0
0.0
0.684322
0.859121
1.0
1.0
1.0
0.535311
1.0
1.0

0.46467
0.441588
-0.763385
0.04321
0.07871
1.0
0.663663
1.0
0.054419
1.0
1.0
0.0
0.722857
0.998315
0.605055
1.0
0.999487
0.788498
1.0
1.0

0.228992
0.131958
-0.552748
0.0
0.0
1.0
1.0
0.168425
-0.035326
1.0
1.0
-0.037853
0.998022
0.918608
1.0
1.0
0.907766
1.0
0.398022
1.0

0.653299
0.56541
-0.763385
0.0
0.209761
1.0
1.0
0.316703
-0.035326
1.0
0.847985
-0.028878
0.869377
0.54967
1.0
1.0
1.0
0.918901
1.0
1.0

0.940042
0.441588
-0.148073
0.0
0.098595
1.0
1.0
0.368278
0.032387
1.0
1.0
-0.087784
0.625861
1.0
0.879048
1.0
1.0
0.794359
1.0
0.999194

0.631212
0.613474
-0.199551
0.0
0.137144
1.0
1.0
0.238169
0.017802
0.99978
0.672747
0.0
0.99978
0.859121
1.0
1.0
1.0
1.0
0.999487
1.0

-0.24124
0.407409
-0.057811
0.0
0.719786
1.0
0.736923
0.0
0.21825
1.0
1.0
0.0
0.60652
0.998022
0.681245
1.0
1.0
0.876117
1.0
0.66337

0.869479
0.334227
-0.439855
0.131988
0.282068
1.0
1.0
0.238169
0.044176
1.0
1.0
-0.107029
0.859121
0.709963
0.888865
1.0
1.0
0.581319
1.0
1.0

0.514867
0.490249
-0.232656
0.209504
-0.023641
1.0
0.421758
0.063516
0.086667
1.0
1.0
-0.11927
0.449451
0.684322
1.0
0.999487
1.0
1.0
0.998901
1.0

0.653299
0.56541
-0.247572
0.107109
0.681302
1.0
0.688865
0.085495
0.032387
1.0
1.0
0.082349
0.896337
0.998022
0.707033
1.0
1.0
0.794359
1.0
1.0

0.498146
0.456786
-0.024905
-0.043317
0.282068
1.0
0.407986
0.205641
0.032747
0.753333
1.0
0.0
1.0
0.99978
1.0
1.0
1.0
0.523443
1.0
1.0

0.210883
0.460481
-0.032611
0.0
0.893553
1.0
1.0
0.456923
0.035092
1.0
1.0
-0.046027
0.779414
0.449451
0.575311
1.0
1.0
0.54337
0.66337
0.999487

