c
Left

0.737778
-0.20739
-0.812383
-0.572947
-0.259345
1.0
0.117436
0.068791
-0.102755
0.27978
0.27978
-0.184992
0.391429
0.391429
-0.05909
0.113626
0.113626
0.0
0.0
0.0

0.722202
-0.249976
-0.67421
-0.448354
-0.253955
0.92018
0.125934
0.089597
0.0
0.417363
0.417363
-0.106602
0.532088
0.532088
-0.050813
0.500147
0.500147
0.0
0.078169
0.078169

0.733348
-0.17528
-0.687264
-0.399819
-0.220343
0.980959
0.150843
0.075531
-0.01763
0.47348
0.47348
-0.090993
0.62293
0.62293
-0.010244
0.329597
0.329597
0.0
0.065275
0.065275

0.9146
-0.21302
-0.31626
-0.402533
-0.355722
0.559078
0.776777
0.414872
0.038901
1.0
0.981026
0.061465
0.027473
0.427473
0.0
0.406081
0.406081
0.092527
0.477875
0.066447

0.767247
-0.358088
-0.467071
-0.576046
-0.065172
1.0
0.760366
0.508645
0.028645
0.401685
1.0
0.054432
0.444762
0.26381
0.0
0.127985
0.305421
0.0
0.268352
0.161392

0.88709
-0.176188
-1.499748
-0.572947
0.255552
0.864737
0.445641
0.0
0.294139
0.436264
0.391136
0.028645
0.523004
0.549817
0.057949
0.440952
1.0
0.028352
0.002857
0.002857

0.920109
-0.652047
-0.476034
0.104384
-0.399333
1.0
0.0
0.030403
0.0
0.485495
0.147766
0.265128
0.682418
0.41663
0.061172
0.391722
0.313773
0.216191
0.048278
0.365055

0.808363
-0.725915
-0.437812
-0.32977
-0.460289
1.0
0.0
0.158022
0.07641
0.328865
1.0
0.108246
0.018095
0.421319
0.0
0.603297
0.532967
0.083736
0.067912
0.283297

0.885405
0.190855
-0.955124
-0.340011
-0.176901
1.0
0.310549
0.060879
0.024249
1.0
0.029231
0.0
0.492821
0.646227
0.225291
1.0
0.714652
0.072015
0.597143
0.067912

0.80265
0.21499
0.084635
-0.572947
-0.439594
1.0
0.0
0.0
0.08022
0.328865
0.986887
0.042125
0.327985
0.49663
-0.047548
0.693553
1.0
0.092527
0.038608
0.057656

0.950457
-0.188236
0.347916
-0.491991
-0.195552
0.92018
0.125934
0.0
0.037436
1.0
0.47348
0.207253
0.027473
0.498974
0.142637
1.0
0.40989
0.203883
0.314066
0.997729

0.767247
-0.639063
-0.680017
-0.63852
-0.197093
0.761879
0.150843
0.0
0.105714
0.99978
1.0
0.374139
0.314652
0.26381
0.057949
0.40989
0.722857
0.028352
0.365055
0.0

0.80713
-0.679032
-0.718196
-0.399819
-0.465621
0.30396
0.809744
0.414872
0.226936
0.656923
0.47348
0.019853
0.411209
0.90381
0.13033
0.277729
0.430256
0.216191
0.62674
0.008425

0.80007
-0.21302
-0.65111
-0.494006
0.719428
1.0
0.0
0.0
0.0
0.5463
0.656923
0.052674
0.403297
0.532088
0.032161
0.256923
0.54967
0.133993
0.375311
0.027179

1.0
0.497667
-0.572432
-0.531116
-0.366449
1.0
0.364762
0.126813
0.064689
0.27978
1.0
0.307912
0.426886
0.616484
0.059121
0.440952
0.518901
0.170183
0.368865
0.383223

0.808363
-0.188509
0.145942
-0.493185
-0.220343
0.937385
0.0
0.073773
0.0
0.070549
0.981026
0.270989
0.411209
0.403297
-0.047548
0.425421
0.430256
0.055018
0.038608
0.774432

0.950457
-0.839699
-0.312467
0.233313
-0.104825
1.0
0.05326
0.399927
0.077582
0.959341
0.27978
0.052674
0.498974
0.537802
0.028352
0.414286
0.406081
0.216191
0.283297
0.51978

0.821172
-0.114992
-0.399169
-0.624873
-0.29744
1.0
0.074652
0.07641
0.037436
1.0
1.0
-0.184992
0.558755
0.361392
-0.001279
0.391722
0.012821
0.135018
0.375311
0.301758

