curved_l
Left

0.29563
0.228883
0.0
0.0
-0.009854
0.0
-0.15459
-0.106281
0.009597
0.315971
0.315971
1.0
1.0
1.0
1.0
1.0
1.0
0.983333
1.0
1.0

0.438491
0.074466
0.0
0.0
0.0
0.078226
0.0
0.0
0.138974
0.182491
0.182491
1.0
1.0
1.0
1.0
1.0
1.0
1.0
1.0
1.0

0.539673
0.041931
0.0
0.0
0.0
0.0
-0.004254
-0.002925
0.339854
0.305861
0.305861
1.0
1.0
1.0
1.0
1.0
1.0
1.0
1.0
1.0

0.562011
0.311063
0.0
0.0
-0.094522
0.038673
-0.186383
-0.038149
0.50044
0.182491
0.261026
1.0
0.99978
0.99978
1.0
1.0
1.0
0.362711
0.824103
0.781758

0.022055
0.263088
-0.080765
-0.010788
0.0
0.0
-0.025271
0.0
0.284176
0.346886
0.347473
0.710842
1.0
1.0
0.961245
1.0
1.0
0.998022
1.0
0.99978

1.0
-0.013231
0.0
0.0
-4.6e-05
0.0
-0.01518
0.0
0.337802
0.399048
0.98337
0.99978
0.998608
1.0
1.0
1.0
1.0
0.998022
0.761978
0.824103

-0.309974
0.671079
-0.028198
0.0
0.0
0.0
0.0
-0.082984
0.654872
0.504249
0.287399
1.0
1.0
0.825714
1.0
1.0
1.0
1.0
1.0
0.998901

0.352013
-0.020028
0.0
0.0
0.031517
0.0
-0.363636
-0.137136
0.132967
0.890476
0.448718
1.0
1.0
1.0
1.0
1.0
1.0
0.925055
1.0
1.0

1.0
0.255382
0.0
0.075287
-0.162002
0.0
0.0
-0.043965
1.0
0.337509
0.502784
0.80022
0.960293
1.0
0.616777
1.0
1.0
0.94337
1.0
1.0

0.352013
-0.060025
0.0
0.0
0.001897
0.0
0.033333
-0.029867
0.56022
0.197436
0.837143
0.939707
0.984542
0.998022
0.941905
0.49956
1.0
1.0
0.997729
1.0

1.0
0.002978
0.0
0.0
0.0
0.0
0.055897
-0.057127
0.281832
0.175458
0.330476
1.0
1.0
1.0
0.685348
1.0
1.0
1.0
1.0
1.0

-0.090431
0.008255
0.174114
0.0
0.001585
0.0
-0.2011
-0.078347
0.128467
0.305861
0.448718
1.0
0.998022
1.0
1.0
0.76652
1.0
0.729158
1.0
0.99978

0.824882
0.228883
0.174114
0.0
0.161366
0.001432
-0.113201
0.0
0.0
0.169304
0.017802
1.0
1.0
0.938095
1.0
1.0
1.0
0.570476
1.0
1.0

0.058804
0.0
0.0
0.0
-0.094522
0.0
-0.1294
-0.057127
0.218535
0.287399
0.354799
1.0
0.998608
1.0
1.0
1.0
1.0
0.432454
0.999194
0.999194

0.447027
-0.068381
0.0
0.046296
0.000699
0.0
-0.046577
-0.10485
0.337216
0.502784
0.305861
0.694139
1.0
0.948791
1.0
1.0
1.0
1.0
1.0
0.998901

0.33669
0.219533
0.0
0.052136
0.0
0.0
-0.363636
0.0
0.496923
0.409597
0.805788
1.0
0.938095
0.998608
1.0
1.0
0.956703
1.0
0.761978
1.0

0.303429
-0.051671
0.105394
0.0
-0.046665
0.0
-0.244123
-0.156751
0.082857
0.354799
0.25033
1.0
1.0
0.999194
1.0
1.0
1.0
1.0
1.0
1.0

0.738686
0.0
0.0
0.0
0.0
0.0
-0.257475
0.0
0.539853
0.282711
0.282711
0.741905
1.0
1.0
1.0
1.0
0.350989
1.0
1.0
1.0

