curved_1
Left

-0.073273
0.03478
-0.173693
0.0
-0.251233
1.0
0.627619
1.0
-0.062768
0.646081
0.646081
0.681245
1.0
1.0
1.0
1.0
1.0
0.368278
1.0
1.0

-0.072234
-0.138806
-0.150183
0.0
-0.324598
1.0
0.530623
1.0
0.000427
0.523004
0.523004
0.578388
1.0
1.0
1.0
1.0
1.0
0.367546
1.0
1.0

-0.14635
-0.107263
-0.075049
0.0
-0.270979
1.0
0.545568
1.0
0.026317
0.307326
0.307326
0.796703
1.0
1.0
1.0
1.0
1.0
0.509524
1.0
1.0

1.0
0.185388
0.0
0.0
0.105408
1.0
0.999487
0.317875
0.067912
0.098388
0.278608
0.999707
0.999194
0.998022
1.0
1.0
1.0
0.894286
1.0
0.998901

0.560933
-0.138806
0.0
0.610767
0.632141
1.0
1.0
0.634652
0.146886
0.226154
0.945275
1.0
1.0
1.0
0.951429
1.0
1.0
0.508938
0.999487
0.129744

-0.073273
0.211209
0.0
-0.004325
0.0
1.0
1.0
0.188352
0.457949
0.318755
1.0
1.0
1.0
0.999194
1.0
0.851795
1.0
1.0
0.998901
1.0

0.92943
0.160468
-0.021321
0.407057
0.044343
1.0
1.0
0.174432
0.221087
1.0
0.831282
1.0
1.0
0.99978
1.0
1.0
1.0
0.752161
1.0
1.0

0.946891
0.165758
-0.087441
0.0
0.0
1.0
0.843297
1.0
0.043004
1.0
0.264542
1.0
1.0
1.0
1.0
1.0
1.0
0.560366
0.997729
1.0

0.560933
0.251228
0.0
0.0
0.080852
1.0
1.0
0.635092
0.072601
0.134725
0.119194
1.0
1.0
0.998608
1.0
1.0
1.0
1.0
1.0
1.0

0.409003
-0.038101
0.0
0.0
0.126749
1.0
0.89956
0.877875
0.17663
0.552601
0.780586
1.0
1.0
0.998315
1.0
1.0
1.0
1.0
0.999194
0.99978

0.92943
0.110446
-0.068
0.0
-0.048535
1.0
0.911575
1.0
0.026317
0.115531
0.134725
1.0
1.0
1.0
0.433626
1.0
1.0
0.55641
0.99978
1.0

-0.073273
-0.07012
0.0
0.0
0.080852
0.926006
0.944103
1.0
0.049744
1.0
0.119194
0.915678
1.0
1.0
0.638755
1.0
1.0
0.951136
1.0
1.0

0.422432
0.424612
-0.167152
0.0
0.270248
1.0
1.0
0.988645
0.225487
0.248278
0.711429
0.819853
1.0
1.0
1.0
1.0
1.0
0.894286
1.0
0.998901

0.788587
0.223678
-0.075049
0.0
0.045619
1.0
1.0
0.635092
0.387326
0.278608
0.245788
0.720513
0.999194
1.0
1.0
1.0
1.0
1.0
0.814872
1.0

0.735448
0.120668
-0.009015
0.0
0.126329
1.0
0.911575
0.247839
0.268645
0.098388
0.559634
1.0
1.0
0.998022
1.0
0.143516
1.0
0.876703
1.0
1.0

0.798491
-0.248956
0.0
0.0
0.448659
1.0
0.858242
0.711722
0.000427
1.0
1.0
0.823516
1.0
1.0
1.0
1.0
1.0
1.0
1.0
0.99978

0.262469
-0.092171
0.0
0.610767
0.0482
1.0
1.0
1.0
0.29707
0.659121
0.71641
0.915678
1.0
1.0
0.88696
1.0
1.0
0.895311
0.999194
1.0

1.0
0.234887
-0.225495
0.0
0.0
1.0
1.0
1.0
0.346886
0.650769
0.780586
0.819853
1.0
1.0
0.481099
1.0
1.0
0.536191
1.0
0.998901

