curved_v
Left

-0.364947
0.288973
-0.379951
0.0
-0.202651
1.0
0.581026
1.0
0.033626
0.411941
0.411941
0.0
0.481245
0.481245
1.0
1.0
1.0
0.622344
1.0
1.0

-0.301995
0.286409
-0.369868
0.0
-0.074347
1.0
0.627326
1.0
0.090476
0.71641
0.71641
0.096923
0.550843
0.550843
1.0
1.0
1.0
0.612381
1.0
1.0

-0.33945
0.291419
-0.338857
0.0
-0.148693
1.0
0.687399
1.0
0.03685
0.582931
0.582931
0.025128
0.55304
0.55304
1.0
1.0
1.0
0.576777
1.0
1.0

0.619986
0.344993
-0.174389
0.0
0.137497
1.0
1.0
0.666154
0.082857
0.35011
0.422491
0.152601
0.550843
0.178828
1.0
1.0
1.0
0.610916
1.0
0.99978

0.585869
0.275326
0.0735
0.0
-0.165628
1.0
1.0
0.0
0.006374
1.0
0.155238
0.025128
0.066447
0.322564
1.0
0.999487
1.0
0.870843
1.0
0.999194

0.318835
0.362318
-0.275296
0.0
0.488812
1.0
0.45619
0.244615
0.030696
0.551429
0.69956
0.023077
0.386447
0.110549
1.0
1.0
1.0
0.839194
0.998901
0.538535

0.83594
1.345052
-0.43584
-0.098281
0.21301
1.0
0.381758
0.036264
0.187766
0.422491
1.0
0.0
0.072601
0.085788
0.306447
1.0
1.0
0.708205
1.0
1.0

0.585869
0.291419
-0.312221
0.0
0.231094
1.0
1.0
0.644176
0.0
0.834212
0.263809
0.086667
0.261319
0.081978
1.0
1.0
0.390256
0.893993
0.907619
0.794652

0.759297
0.286409
-0.00633
0.140372
0.159916
1.0
1.0
0.058535
0.142637
0.155238
1.0
0.0
0.220879
0.01663
1.0
1.0
1.0
0.309231
1.0
0.999487

0.612046
0.291419
-0.186599
-0.031406
0.396181
1.0
1.0
0.666154
0.093407
0.4137
0.292381
0.022784
0.270696
0.005201
1.0
1.0
1.0
0.263077
1.0
1.0

0.228441
0.380466
-0.347813
-0.063708
0.287325
1.0
1.0
0.341319
0.13956
0.92315
0.428059
0.052381
0.220879
0.304396
1.0
1.0
1.0
0.560806
0.999194
1.0

0.133463
1.345052
0.0735
0.0
0.132249
1.0
1.0
0.459414
-0.00798
0.146593
0.69956
0.16022
0.793187
0.133114
0.826007
1.0
1.0
0.735751
1.0
1.0

0.856426
0.124039
-0.312221
0.068112
0.132249
1.0
1.0
1.0
0.000806
0.151429
0.411941
0.0
0.261319
0.077875
0.650476
1.0
1.0
0.601538
1.0
0.997729

0.447722
0.349665
0.337042
-0.066448
0.251563
1.0
1.0
0.061172
0.0
0.153773
0.146593
0.0
0.486081
0.518022
0.906007
1.0
1.0
0.507033
1.0
1.0

0.560424
0.089151
-0.349625
0.0
0.071743
1.0
1.0
0.079927
0.030696
0.207106
0.405202
0.043297
0.079634
0.285348
0.99707
1.0
1.0
0.520073
1.0
1.0

0.755678
0.380466
-0.349625
0.0
-0.202651
1.0
1.0
0.0
0.084908
0.290476
0.173114
-0.004956
0.197143
0.285348
1.0
0.999487
1.0
0.322418
1.0
1.0

0.62624
1.166484
-0.545209
0.029919
0.313978
1.0
0.33033
0.341319
0.082857
0.397582
0.405202
0.262198
0.322564
0.124176
1.0
1.0
0.999487
0.32315
1.0
1.0

-0.301995
1.345052
-0.342389
0.0
0.145182
1.0
1.0
0.822491
0.003443
0.212088
0.35011
0.0
0.066447
0.081978
1.0
1.0
0.999487
0.797289
0.587179
1.0

