curved_h
Left

-0.464161
0.344589
0.179753
0.0
0.321901
1.0
0.860586
1.0
0.047111
1.0
1.0
0.056259
0.886227
0.886227
1.0
1.0
1.0
0.532674
1.0
1.0

-0.502705
0.01218
0.00936
0.0
0.275849
1.0
0.597729
1.0
0.030863
0.855311
0.855311
0.184249
0.750989
0.750989
1.0
1.0
1.0
0.520366
1.0
1.0

-0.546845
0.0
-0.017012
0.0
0.380224
1.0
0.632601
1.0
0.020038
0.712454
0.712454
0.215819
0.596117
0.596117
1.0
1.0
1.0
0.490476
1.0
1.0

0.487186
-0.291375
-0.434626
0.0
0.209419
1.0
1.0
0.751282
0.123736
1.0
0.093407
0.132381
0.352747
0.205348
0.99978
1.0
1.0
0.872454
1.0
1.0

0.433117
0.459546
-0.183341
0.000115
0.351615
1.0
0.878755
0.089304
0.227912
0.2663
1.0
0.051795
0.274213
0.199341
1.0
1.0
1.0
0.431282
1.0
1.0

0.416593
-0.2565
-0.21196
0.167949
0.510276
1.0
1.0
0.050623
0.310696
0.255751
0.773846
0.544982
0.010769
0.423956
1.0
1.0
1.0
1.0
1.0
1.0

0.489719
-0.527109
-0.2424
0.0
0.50707
1.0
1.0
0.095165
0.182555
0.628059
0.617656
0.0
0.072308
0.106007
1.0
1.0
1.0
0.862784
1.0
0.85326

-0.502705
-0.211119
-0.409018
0.0
0.0
1.0
1.0
1.0
0.051795
1.0
0.721392
0.58337
0.17956
0.032454
1.0
0.999194
1.0
0.789963
0.999487
1.0

0.68231
-0.021104
-0.345157
0.0
0.493995
1.0
1.0
0.142051
0.112747
0.331062
0.469963
0.12359
0.790549
0.384689
0.711868
1.0
1.0
0.846667
1.0
1.0

-0.194902
0.994988
0.123485
0.0
0.0
1.0
1.0
1.0
0.054725
0.296191
0.096337
0.038022
0.551429
0.072308
0.711868
1.0
1.0
0.843443
1.0
0.998901

0.764729
-0.271772
0.179753
0.111085
0.0
1.0
1.0
0.079048
0.041538
1.0
0.296191
0.0
0.010769
0.412528
1.0
1.0
1.0
0.83685
1.0
0.99978

0.433117
-0.105409
-0.195566
0.0
0.510276
1.0
0.59978
0.148645
0.310696
1.0
0.469963
0.246374
0.149084
0.937656
1.0
1.0
0.999487
0.524176
1.0
1.0

0.917557
-0.2565
-0.097313
0.0
0.245439
1.0
1.0
0.561392
0.272308
0.331062
0.380733
0.269084
0.200806
0.152454
1.0
1.0
1.0
1.0
1.0
1.0

-0.464161
0.203766
-0.323622
0.0
0.321901
1.0
1.0
0.13707
0.094872
0.99011
1.0
0.498095
0.603004
0.263663
0.746007
1.0
0.999487
1.0
1.0
1.0

0.969001
-0.409452
-0.372107
0.0
0.194706
1.0
1.0
0.141465
0.030863
0.219414
0.617656
0.132381
0.152454
0.274213
0.840659
1.0
1.0
0.632894
1.0
1.0

0.669624
-0.527109
0.004398
0.0
0.333849
1.0
0.914212
1.0
0.306154
0.469963
0.163004
0.452674
0.551429
0.285934
1.0
1.0
0.999487
0.632894
0.999194
0.999194

0.595739
-0.105409
-0.434626
0.143437
0.428786
1.0
1.0
0.281538
0.16022
0.166081
0.263663
0.225568
0.457656
0.310843
1.0
1.0
1.0
0.815311
1.0
0.997729

0.886457
-0.584543
0.179753
0.111085
0.0
1.0
0.850916
0.040952
0.041538
0.628059
0.166081
0.133846
0.384689
0.149084
1.0
1.0
1.0
0.520366
1.0
1.0

