f
Left

0.773266
-0.063717
-0.004311
-0.491016
-0.479243
0.888553
0.016337
0.506886
0.213407
1.0
1.0
0.0
0.0
0.0
-0.038665
0.0
0.0
-0.000553
0.0
0.0

0.670714
-0.111784
0.008957
-0.466434
-0.671699
0.95227
0.052088
0.395531
0.245641
0.990183
0.990183
0.0
0.0
0.0
-0.138418
0.0
0.0
-0.133201
0.0
0.0

0.698376
-0.085346
0.145123
-0.349314
-0.606303
0.887975
0.0
0.358022
0.364176
0.817509
0.817509
0.043297
0.0
0.0
-0.112829
0.0
0.0
-0.143214
0.0
0.0

0.755789
-0.205216
-0.07838
-0.314688
-0.389935
1.0
0.067619
0.343077
0.333407
0.894286
1.0
0.083443
0.0
0.0
0.0
0.0
0.0
-0.074552
0.0
0.0

1.0
-0.134938
-0.008769
0.014023
-0.718214
1.0
0.001099
0.185421
0.232894
0.997656
0.667033
0.043297
0.0
0.0
-0.112829
0.018974
0.0
-0.127272
0.0
0.0

0.88086
-0.04455
-0.267735
0.0
-0.588538
0.924951
0.0
0.0
0.327253
0.701758
0.968132
0.022491
0.004615
0.016923
0.0
0.0
0.0
-0.217806
0.0
0.0

0.848716
-0.490495
-0.057566
-0.142362
-0.479243
1.0
0.0
0.242564
1.0
1.0
1.0
0.0
0.018974
0.0
-0.083295
0.0
0.033333
-0.022807
0.037729
0.0

0.663193
-0.057776
-0.223044
-0.147955
-0.6867
0.736246
0.175311
0.0
0.353626
1.0
0.968132
0.098388
0.0
0.0
0.0
0.0
0.0
-0.000553
0.0
0.0

0.869511
-0.041506
-0.812787
-0.113717
-0.281699
0.950493
0.234945
0.928572
0.184835
1.0
0.366813
0.306154
0.0
0.0
0.0
0.0
0.0
0.0
0.0
0.0137

0.695036
0.936366
-0.407127
-0.156591
-0.547454
1.0
0.0
0.149377
0.353626
0.525055
0.334872
0.071722
0.0
0.016923
-0.009591
0.0
0.0
-0.370468
0.0
0.014286

0.780135
-0.336902
-0.016486
-0.147955
-0.281699
1.0
0.067619
0.185421
0.90337
0.793773
1.0
0.098388
0.0
0.0
0.207136
0.0
0.0
-0.357301
0.0
0.0

0.724767
-0.216624
0.035938
0.180803
-0.800934
1.0
0.159194
0.089011
0.752454
1.0
0.366813
0.0
0.0
0.0
-0.033032
0.0
0.0
-0.067409
0.037729
0.0

0.686434
-0.085346
-0.003122
-0.219001
-0.448379
1.0
0.013114
0.304835
0.529011
0.894286
0.897509
0.022491
0.0
0.0
-0.261642
0.0
0.0
-0.202373
0.0
0.0

1.0
-0.255854
-0.026472
-0.07987
-0.285195
1.0
0.001099
0.070256
0.459707
0.236117
0.328132
0.274799
0.055897
0.0
-0.116361
0.0
0.0
-0.038146
0.0
0.0

0.742884
0.067475
0.440469
-0.097892
-0.732961
0.800719
0.290037
0.112454
0.405495
0.873626
0.817509
0.089011
0.0
0.0
0.0
0.0
0.004908
-0.069344
0.014286
0.017802

0.800055
-0.232625
0.145123
-0.156591
-0.800934
1.0
0.204762
0.0
0.459707
0.793773
0.360952
0.179267
0.0
0.0
0.043883
0.0
0.0
-0.315642
0.0
0.0

0.794717
-0.091931
-0.135684
-0.58837
-0.333666
0.825028
0.290037
1.0
0.365055
1.0
1.0
0.043297
0.0
0.0
0.0
0.0
0.0
-0.25896
0.0
0.0

0.742884
-0.664121
0.044395
-0.467161
-0.581522
1.0
0.052088
0.724029
0.426593
0.217656
1.0
0.0
0.061758
0.0
-0.26441
0.0
0.0
-0.350066
0.0
0.0

