flatspread_5
Left

-0.236372
0.694825
0.253378
0.523557
0.163451
1.0
1.0
1.0
-0.010702
0.025421
0.025421
0.0
0.0
0.0
-0.216832
0.0
0.0
-0.092025
0.0
0.0

-0.411696
0.665769
0.180342
0.476464
0.225855
1.0
1.0
1.0
0.0
0.009304
0.009304
0.0
0.0
0.0
-0.281627
0.0
0.0
-0.152511
0.0
0.0

-0.481325
0.722951
0.199452
0.522124
0.324014
1.0
1.0
1.0
-0.044034
0.015165
0.015165
-0.033854
0.0
0.0
-0.319739
0.0
0.0
-0.23753
0.0
0.0

-0.419473
1.010706
-0.038385
-0.279269
-0.542628
1.0
1.0
0.371795
0.0
0.0
0.0
-0.170237
0.0
0.0
-0.019826
0.0
0.0
0.0
0.0
0.0

0.564547
0.538252
0.00999
-0.229028
-0.474621
1.0
1.0
0.241392
0.0
0.0
0.0
-0.074471
0.0
0.0
0.0
0.0
0.0
-0.191603
0.0
0.0

0.318361
0.457376
0.199452
0.122172
-0.775238
1.0
1.0
0.966227
0.017216
0.0
0.0
-0.089602
0.0
0.0
-0.064763
0.0
0.0
0.0
0.0
0.0

0.468347
0.19931
-0.019958
-0.207861
-0.346296
1.0
0.917436
0.80989
-0.159341
0.055311
0.0
0.0
0.0
0.0
0.0
0.0
0.0
-0.030705
0.0
0.0

0.543988
0.493378
0.370876
-0.297317
-0.65301
1.0
0.723443
0.0
-0.044034
0.0
0.055311
-0.065579
0.0
0.0
-0.221807
0.0
0.0
0.015165
0.0
0.0

0.555604
0.319258
0.755696
-0.21912
-1.250766
1.0
1.0
0.077875
0.017216
0.0
0.0
0.0
0.0
0.0
0.0
0.0
0.0
0.0
0.0
0.0

-0.09984
0.319258
-0.07349
-0.192805
-0.255869
1.0
1.0
1.0
-0.176943
0.0
0.0
-0.121542
0.0
0.0
-0.003049
0.0
0.0
-0.071287
0.0
0.0

0.318361
0.043917
-0.354472
-0.081537
-0.27051
1.0
1.0
0.99978
-0.159341
0.025421
0.0
-0.153961
0.0
0.0
-0.020131
0.0
0.0
-0.086225
0.0
0.0

0.309232
0.682841
-0.038385
0.522124
-0.65301
1.0
1.0
0.926813
-0.112849
0.0
0.002564
-0.020624
0.0
0.0
-0.076564
0.0
0.0
0.0
0.0
0.0

0.879271
0.176617
-0.068172
0.036851
-0.04172
1.0
0.872894
0.771502
-0.231298
0.055311
0.0
-0.085717
0.0
0.0
-0.019826
0.0
0.0
0.0
0.0
0.0

0.50784
0.489396
-0.176091
-0.144542
-0.542628
1.0
1.0
0.466154
0.027473
0.0
0.0
0.0
0.0
0.0
-0.065092
0.0
0.0
0.0
0.0
0.0

0.614164
0.682841
-0.354472
-0.270671
-0.65301
1.0
0.956264
0.174139
0.0
0.0
0.002564
0.0
0.0
0.0
-0.221807
0.0
0.0
-0.023009
0.0
0.0

0.543988
0.549328
-0.070257
-0.161525
-0.307861
1.0
0.956264
0.80989
-0.010702
0.0
0.0
0.121324
0.0
0.0
-0.11377
0.0
0.0
0.0
0.0
0.0

0.219527
0.297228
-0.086647
-0.199054
-1.132734
1.0
1.0
1.0
0.030403
0.002564
0.0
0.045055
0.0
0.0
0.0
0.0
0.0
-0.191603
0.0
0.0

0.318858
0.521501
0.044894
-0.228729
-0.426136
1.0
1.0
0.34044
-0.044034
0.0
0.003736
-0.198486
0.0
0.0
-0.003049
0.0
0.0
0.0
0.0
0.0

