flat_4
Left

-0.905278
0.0
0.0
-0.183919
0.186162
1.0
1.0
1.0
1.0
0.18967
0.18967
1.0
0.070842
0.070842
0.56315
0.039194
0.039194
0.201245
0.021319
0.021319

-0.95101
0.0
0.0
-0.139827
0.081237
1.0
1.0
1.0
1.0
0.231429
0.231429
1.0
0.064103
0.064103
0.808132
0.027473
0.027473
0.256923
0.011648
0.011648

-0.950427
0.0
0.0
-0.214394
-0.014501
1.0
1.0
1.0
1.0
0.185128
0.185128
1.0
0.055604
0.055604
0.655165
0.031575
0.031575
0.262784
0.002271
0.002271

0.681171
-1.021562
0.0
-0.374377
0.204417
1.0
1.0
1.0
1.0
0.075531
0.034212
0.609158
0.064103
0.006667
1.0
0.0
0.0
0.277729
0.0
0.0

0.749657
0.0
-0.296604
0.0
0.080367
1.0
1.0
0.459414
0.369158
0.091648
0.060586
0.379707
0.0
0.02044
0.851502
0.060879
0.0
0.190696
0.0
0.028352

0.10088
0.0
0.0
0.040425
0.19772
1.0
1.0
0.228498
0.351429
0.028938
0.090476
1.0
0.0
0.0
0.734286
0.0
0.0
0.324615
0.0
0.0

0.907478
0.0
0.0
0.0
0.168097
1.0
1.0
0.694432
1.0
0.086081
0.152894
0.594799
0.064103
0.00696
1.0
0.0
0.0
0.408864
0.002271
0.0

0.538978
0.099196
0.0
-0.398909
0.633004
1.0
1.0
1.0
1.0
0.023077
0.086081
0.628205
0.008132
0.0
0.613846
0.0
0.060879
0.760073
0.001685
0.0

0.10088
-1.115641
-0.275674
0.121529
-0.372916
1.0
1.0
0.047399
0.440073
0.084908
0.090476
0.554652
0.0
0.029231
0.259121
0.0
0.011062
0.225128
0.0
0.028352

0.846327
-0.130382
-0.84168
0.0
0.525395
1.0
1.0
0.047399
0.233187
0.097216
0.054139
1.0
0.006667
0.02044
1.0
0.0
0.0
0.175458
0.0
0.0

0.506769
0.0
0.0
-0.469008
0.216412
1.0
1.0
0.644908
0.222637
0.040073
0.037729
0.704689
0.00696
0.0
0.816044
0.060879
0.0
0.300733
0.0
0.031575

0.661963
0.126004
-0.16899
-0.779681
0.469352
1.0
1.0
0.626593
0.440073
0.078755
0.231429
1.0
0.0
0.0
0.310256
0.0
0.039194
0.75304
0.0
0.0

0.772419
0.0
-0.46362
0.010831
0.168097
1.0
1.0
0.830403
0.132088
0.055897
0.079341
0.530623
0.0
0.0
1.0
0.0
0.0
0.486081
0.0
0.008425

0.846327
-0.7504
0.0
-0.374377
0.090676
1.0
1.0
1.0
1.0
0.0137
0.028352
1.0
0.0137
0.02044
0.258388
0.0
0.001099
0.134725
0.016337
0.0

-0.04353
-0.062107
0.0
-0.044615
0.074539
1.0
1.0
0.694432
1.0
0.045641
0.02044
1.0
0.02044
0.0
0.103663
0.013993
0.0
0.735751
0.00315
0.0

0.830407
-1.307828
-0.511725
-0.036611
0.205098
1.0
1.0
0.336337
1.0
0.091648
0.037729
1.0
0.0
0.0
0.266886
0.0
0.0
0.408864
0.081392
0.014872

0.799289
0.0
0.0
0.110609
0.396429
1.0
1.0
0.739267
1.0
0.152894
0.091355
0.597729
0.0
0.0
0.310256
0.0
0.0
0.309377
0.006667
0.0

0.908344
-1.115641
-1.03306
-0.374377
0.151669
1.0
1.0
1.0
0.132088
0.078755
0.086081
0.384396
0.0
0.0
0.41956
0.0
0.001392
0.612381
0.0
0.0

