flat_m
Left

0.598548
-0.094197
0.091912
0.443652
0.547304
1.0
0.898388
0.422491
0.648132
0.241539
0.241539
0.77326
0.143516
0.143516
0.218242
0.237289
0.237289
0.206813
1.0
1.0

0.334153
-0.294981
0.012331
0.292446
0.404961
1.0
0.850037
0.845348
0.559634
0.301612
0.301612
0.744835
0.138388
0.138388
0.1863
0.227326
0.227326
0.148498
1.0
1.0

0.383969
-0.058823
-0.003238
0.210748
0.36881
1.0
0.829817
0.751282
0.90337
0.142637
0.142637
0.845641
0.084322
0.084322
0.217216
0.148791
0.148791
0.183516
1.0
1.0

0.780426
0.0
0.159353
0.0
0.0
1.0
0.746593
0.16315
0.199927
0.082857
0.079634
1.0
0.0
0.059707
0.589524
0.0
0.048864
0.404176
1.0
0.324615

0.780954
-0.740831
-0.299484
0.0
0.781347
1.0
0.363004
0.74044
1.0
0.062637
0.163443
1.0
0.0
0.0
0.630549
0.0
0.0
0.390549
0.997729
0.729597

0.640237
-0.038777
0.04174
0.647369
0.963282
1.0
0.953187
0.088425
1.0
0.006081
0.035678
1.0
0.0
0.022784
1.0
0.0
0.0
0.308938
1.0
1.0

0.668031
-0.057866
0.012331
0.443652
0.404961
1.0
0.66674
0.693846
0.90337
0.068791
0.077289
0.761978
0.066447
0.143516
0.218242
0.001392
0.0
0.724029
1.0
0.187473

0.785166
-0.740831
-0.290292
0.180029
0.0
1.0
0.808718
0.354799
1.0
0.054725
0.082857
1.0
0.000806
0.010769
0.837143
0.006374
0.0
1.0
1.0
0.999194

0.780426
0.0
0.0
0.134255
0.712131
1.0
1.0
0.530037
1.0
0.058828
0.090769
1.0
0.143516
0.003736
0.222051
0.0
0.0
0.404176
0.733993
1.0

0.987764
-0.146144
0.0
0.134255
0.0
1.0
1.0
0.922564
1.0
0.043297
0.050916
0.692674
0.00022
0.0
1.0
0.16696
0.013407
0.650183
0.124029
0.175165

0.932456
0.021959
0.0
0.443652
0.406214
1.0
0.939121
0.627326
0.175458
0.186007
0.083736
0.852821
0.0
0.0
0.821465
0.0
0.091941
0.351282
1.0
0.729597

0.778672
-0.502419
0.0
0.083291
0.0
1.0
0.363004
0.358901
1.0
0.077289
0.079634
0.62674
0.0
0.000806
0.883736
0.0
0.0
1.0
0.673187
1.0

0.771386
-0.228998
-0.082863
0.120275
0.0
1.0
1.0
0.729597
0.279927
0.068791
0.063223
0.845641
0.066447
0.070549
0.671282
0.16696
0.251941
1.0
0.149084
0.247253

0.664731
-0.313022
0.0
-0.317177
0.0
1.0
1.0
0.920073
1.0
0.055897
0.090769
0.454139
0.004322
0.0
0.736044
0.0
0.16696
1.0
0.999194
1.0

1.0
-0.160966
-0.122759
-0.006237
0.0
1.0
1.0
0.16315
0.197436
0.128571
0.062637
1.0
0.000806
0.00315
0.526227
0.001392
0.0
0.494579
1.0
0.176777

0.932456
-0.658587
-0.082863
0.205214
0.547304
1.0
1.0
0.530037
0.245201
0.082857
0.14293
0.744835
0.0
0.00022
0.589524
0.091941
0.0
0.565934
1.0
0.999487

0.601148
0.0
-0.004825
0.0
0.006345
1.0
0.839487
0.422491
0.464396
0.241539
0.175311
0.902784
0.022784
0.028059
0.618242
0.044469
0.139707
0.799927
0.998901
0.291795

0.383969
-0.191813
0.0
-0.183578
0.0
1.0
1.0
0.093993
0.638755
0.041245
0.090769
0.556996
0.0
0.021905
0.283297
0.0
0.0
0.450623
0.673187
0.997729

