flat_horns
Left

-0.251229
-0.036112
-0.123268
-0.000717
-0.053565
1.0
0.579414
0.998022
0.984835
0.142051
0.142051
0.842125
1.0
1.0
0.998462
1.0
1.0
0.190256
0.004029
0.004029

-0.307428
0.0
-0.005028
0.0
-0.02219
1.0
0.623516
1.0
1.0
0.240806
0.240806
0.992821
1.0
1.0
1.0
1.0
1.0
0.240513
0.030989
0.030989

-0.160506
0.0
-0.039747
0.0
0.013124
1.0
0.631429
1.0
1.0
0.132674
0.132674
0.920366
1.0
1.0
1.0
1.0
1.0
0.257802
0.0
0.0

0.640606
0.0
-0.137958
0.0
0.063803
1.0
0.654872
0.288571
0.659854
0.146154
0.109377
1.0
0.998608
0.998608
1.0
0.846227
0.795824
0.379414
0.0
0.035678

0.821594
0.0
0.0
0.0
-0.119901
1.0
0.760952
1.0
1.0
0.004322
0.040073
1.0
1.0
0.654286
1.0
1.0
0.718169
0.779414
0.078755
0.049451

0.469117
-0.047325
0.031466
0.0
-0.064436
1.0
1.0
1.0
0.560073
0.240806
0.13326
0.72696
1.0
1.0
1.0
1.0
1.0
0.085788
0.0
0.0

1.0
-2.312956
0.0
0.0
-0.070487
1.0
0.472894
1.0
0.184542
0.004322
0.0
0.892821
1.0
1.0
1.0
1.0
1.0
0.492234
0.0
0.0

0.377633
-1.46884
0.031466
-0.027445
-0.088996
1.0
1.0
0.468791
0.414139
0.0
0.023663
1.0
0.651941
1.0
1.0
0.999487
1.0
0.953187
0.0
0.004029

0.813097
0.0
-0.079823
0.0
0.063803
1.0
0.730623
1.0
0.319048
0.054139
0.054139
1.0
1.0
1.0
1.0
1.0
1.0
1.0
0.049451
0.0

0.643404
-1.55802
0.0
0.0
0.354466
1.0
0.873773
0.471429
0.619707
0.074359
0.045055
0.818242
0.764469
1.0
1.0
1.0
0.999487
0.779414
0.0
0.0

0.469117
-1.083061
-0.268579
0.0
0.063803
1.0
0.730623
0.587912
0.649597
0.054139
0.030696
1.0
0.998608
1.0
1.0
0.364762
0.870843
0.091355
0.0
0.204176

0.819807
-1.815295
0.0
0.0
0.0
1.0
1.0
0.719341
0.527692
0.023663
0.021612
0.758022
1.0
0.851209
1.0
0.999487
1.0
0.312308
0.030989
0.0

0.792613
-1.55802
0.0
0.0
0.022722
1.0
0.472894
1.0
0.337509
0.08315
0.011355
1.0
1.0
1.0
1.0
1.0
0.915971
0.312308
0.0
0.005495

0.813097
-0.239252
-0.143572
0.0
-0.34686
1.0
1.0
1.0
0.659854
0.059121
0.177802
0.816337
1.0
0.686813
1.0
0.845055
1.0
0.535897
0.0
0.010476

0.643404
-1.215236
0.0
0.0
-0.119901
1.0
0.876337
1.0
0.319048
0.020733
0.094286
1.0
1.0
0.99978
1.0
0.739854
1.0
0.348205
0.078755
0.0

0.736314
-1.617582
-0.33104
0.0
-0.008882
1.0
0.623516
0.471429
0.649597
0.117729
0.00022
0.992821
1.0
1.0
1.0
1.0
1.0
0.930476
0.0
0.005495

0.822521
0.326816
0.0
0.0
1.348131
1.0
0.95641
0.262491
1.0
0.029817
0.112454
1.0
1.0
0.678169
1.0
1.0
1.0
0.468205
0.0
0.0

0.65648
-2.676935
-0.111953
0.0
0.060696
1.0
0.654872
0.275531
0.237143
0.021612
0.040073
0.72696
0.57033
1.0
1.0
1.0
1.0
0.227619
0.0
0.004322

