flat_ily
Left

-0.094314
0.0
0.0
0.0
-0.233547
0.0
-0.081545
-0.005146
1.0
0.077289
0.077289
1.0
1.0
1.0
1.0
1.0
1.0
0.706886
0.0
0.0

-0.416118
0.0
0.0
0.0
-0.206015
0.0
-0.159174
0.083022
1.0
0.073187
0.073187
1.0
1.0
1.0
1.0
1.0
1.0
0.698242
0.0
0.0

-0.121447
0.0
0.0
0.0
-0.223562
0.0
-0.033083
0.068904
1.0
0.037436
0.037436
1.0
1.0
1.0
1.0
1.0
1.0
0.634945
0.0
0.0

-0.416118
0.0
0.0
0.0
0.065537
0.326318
-0.054973
0.329451
0.830403
0.021612
0.0
1.0
1.0
0.690623
1.0
0.455018
1.0
0.796557
0.0
0.0

-0.370881
-0.408672
0.0
0.0
-0.264045
0.176686
-0.163636
0.012527
0.082564
0.072015
0.024249
1.0
0.904835
0.864689
1.0
1.0
1.0
0.961099
0.0
0.004322

-0.245669
0.0
0.0
0.0
0.510629
0.301687
0.0
0.0
1.0
0.081392
0.073187
0.99978
0.998608
0.965494
1.0
0.513626
0.52652
0.417802
0.0
0.027766

-0.341411
0.0
-0.000513
0.0
-0.233547
0.176686
-0.033083
0.346007
0.930037
0.084029
0.0
1.0
1.0
0.99978
1.0
0.455018
1.0
0.719194
0.0
0.099121

-0.438178
0.0
0.0
0.0
0.0
0.326318
1.0
0.0
0.915092
0.05326
0.084029
1.0
1.0
0.912015
1.0
1.0
0.405202
0.808132
0.0
0.0

-0.304729
0.0
0.0
0.0
0.0
0.187148
0.0
-0.129895
1.0
0.0
0.148059
1.0
1.0
0.828205
1.0
1.0
1.0
0.666593
0.0
0.0

-0.121447
-0.688718
0.0
0.0
0.0
0.0
0.0
-0.129895
0.930037
0.0
0.03978
0.930622
0.844908
0.797289
1.0
1.0
1.0
1.0
0.0
0.0

0.396121
0.0
0.0
0.0
0.139821
0.391779
0.055311
0.016923
1.0
0.0
0.081392
1.0
0.828205
0.990769
1.0
0.979414
0.979414
1.0
0.00315
0.161099

-0.184515
0.0
0.0
0.0
-0.111913
0.0
0.098681
0.163736
1.0
0.024249
0.05326
1.0
0.690623
0.914799
1.0
0.515238
1.0
0.634945
0.006374
0.038901

-0.23884
-0.443373
-0.247207
0.0
0.002353
0.0
0.052967
-0.048176
1.0
0.061758
0.061758
0.99978
1.0
1.0
1.0
1.0
1.0
1.0
0.0
0.002857

-0.51923
-0.106885
0.0
0.0
0.0
0.731006
0.038608
0.0
1.0
0.0
0.044469
0.999487
0.832454
0.702931
1.0
0.828352
1.0
0.417802
0.0
0.0

-0.723286
0.0
0.0
0.0
-0.111913
0.0
0.002564
0.035678
1.0
0.0
0.0
1.0
0.99978
1.0
1.0
0.979414
1.0
0.487839
0.0
0.006081

-0.470392
-0.762064
0.0
0.0
0.510629
0.745529
0.038608
0.0
1.0
0.045348
0.024249
1.0
1.0
0.924469
1.0
0.572235
1.0
1.0
0.127692
0.079927

-0.341411
0.0
6.6e-05
0.0
-0.054534
0.253106
0.0
0.0
1.0
0.108059
0.115824
1.0
0.704542
0.912015
1.0
1.0
0.553333
0.698242
0.0
0.038901

-0.094314
0.0
0.0
0.0
0.0
0.0
-0.33418
0.068904
1.0
0.05326
0.11685
1.0
1.0
0.998608
1.0
0.758901
0.964322
0.718901
0.091062
0.011941

