flat_n
Left

-0.519315
-0.419635
-0.095016
-0.165422
-0.187275
1.0
0.531795
1.0
0.605934
0.090476
0.090476
0.915531
0.037143
0.037143
0.351868
1.0
1.0
0.157143
1.0
1.0

-0.678802
-0.310739
-0.003741
-0.227331
-0.33601
1.0
0.699121
1.0
0.784542
0.120073
0.120073
0.997143
0.045934
0.045934
0.597729
1.0
1.0
0.228791
1.0
1.0

-0.34561
-0.097847
-0.05791
0.066037
0.023314
1.0
0.635238
1.0
0.850623
0.281538
0.281538
0.854725
0.10718
0.10718
0.495897
1.0
1.0
0.159634
1.0
1.0

0.534242
0.0
0.0
-0.080058
0.367197
1.0
1.0
0.278315
0.354799
0.115385
0.0
1.0
0.015165
0.009597
1.0
1.0
0.670989
0.242564
1.0
1.0

0.993456
0.0
-0.302806
0.0
0.555084
1.0
1.0
0.054432
0.767106
0.141905
0.063516
0.867619
0.017802
0.013114
1.0
1.0
1.0
0.767839
1.0
1.0

0.795358
-0.326138
-0.095016
0.0
-0.256906
1.0
0.390843
0.164322
0.605934
0.01663
0.042418
0.887253
0.061172
0.010476
1.0
0.999487
1.0
0.693114
1.0
1.0

0.172976
0.0
-0.530803
0.0
0.0
1.0
1.0
1.0
0.941465
0.042711
0.007253
0.710256
0.035678
0.008425
0.597729
1.0
1.0
0.712601
1.0
0.999487

0.769314
0.0
0.0
-0.105822
0.172195
1.0
0.774432
1.0
1.0
0.055604
0.067033
1.0
0.172234
0.0
0.712308
1.0
1.0
0.695311
0.998901
1.0

0.923069
0.0
0.0
0.0
0.0
1.0
1.0
0.141612
0.417802
0.139121
0.139121
1.0
0.001392
1.0
0.699414
1.0
1.0
0.159634
1.0
1.0

0.795358
0.0
0.0
0.0
0.304435
1.0
1.0
0.054432
0.348059
0.071136
0.0
0.800806
0.006374
0.035678
1.0
1.0
0.999194
1.0
0.998901
1.0

0.727526
-0.291544
0.0
0.0
0.393879
1.0
1.0
1.0
0.380293
0.135458
0.050916
0.642857
0.081685
0.018388
0.699414
1.0
1.0
1.0
1.0
0.140733

0.382376
-0.652534
0.0
0.0
0.447659
1.0
1.0
0.371062
0.448278
0.281538
0.080806
0.843883
0.0
0.002271
0.756557
1.0
0.999487
0.701465
0.997729
1.0

1.0
-0.015658
0.0
-0.067423
0.555084
1.0
0.737949
0.282418
1.0
0.080806
0.088718
0.915531
0.013114
0.00315
1.0
1.0
1.0
1.0
1.0
1.0

0.827045
-0.204468
-0.25336
0.0
0.528625
1.0
1.0
0.216191
0.940293
0.029231
0.004615
0.586886
0.045934
0.0
1.0
1.0
0.999194
0.603004
0.079048
1.0

0.932912
-0.913531
0.0
0.0
0.081388
1.0
0.804615
0.278315
0.544103
0.095751
0.0
1.0
0.0
0.017802
1.0
1.0
0.999487
0.885202
1.0
0.99978

0.484068
0.0
0.0
-0.084778
0.128271
1.0
0.390843
0.725055
0.850623
0.055311
0.067033
0.867619
0.081685
0.010476
1.0
1.0
1.0
1.0
1.0
1.0

0.167873
-0.061319
0.0
-0.107251
0.418661
1.0
0.850916
0.898388
0.767106
0.015751
0.092234
1.0
0.998022
0.001392
0.968718
1.0
0.999487
0.68271
1.0
1.0

1.0
-0.326138
-0.302806
0.0
0.464694
1.0
0.704982
0.141612
1.0
0.024835
0.007253
0.877289
0.10718
0.001099
1.0
1.0
1.0
0.767839
0.999194
1.0

