g
Left

0.435919
-0.057026
0.017359
0.0
-0.827989
1.0
0.0
0.0
0.857363
0.115971
0.115971
0.961685
1.0
1.0
1.0
1.0
1.0
0.447692
1.0
1.0

0.349604
-0.047647
0.036587
0.0
-0.896383
1.0
0.0
0.0
0.872894
0.124615
0.124615
0.860293
1.0
1.0
1.0
1.0
1.0
0.420733
1.0
1.0

0.308111
-0.169597
-0.006463
-0.403477
-0.893341
1.0
0.0
0.0
0.676264
0.178974
0.178974
0.604469
1.0
1.0
0.762125
1.0
1.0
0.29326
1.0
1.0

-0.224345
-1.105369
0.0
0.0
0.316652
1.0
0.02337
0.0
1.0
0.0
0.0
1.0
1.0
1.0
1.0
1.0
1.0
1.0
0.918755
1.0

0.484388
-0.887345
0.0
0.004884
0.154502
1.0
0.001392
0.035092
0.634945
0.011355
0.0
1.0
0.998315
1.0
1.0
1.0
1.0
1.0
1.0
1.0

0.308111
0.012693
-0.0131
0.0
0.035346
1.0
1.0
0.0
1.0
0.088425
0.0
1.0
1.0
1.0
1.0
1.0
1.0
1.0
1.0
1.0

0.555401
-0.592014
0.0
0.0
0.0
1.0
0.0
0.0
0.410183
0.054432
0.08315
1.0
1.0
0.998315
1.0
1.0
1.0
1.0
1.0
1.0

0.839428
-1.109937
-0.240727
0.0
0.189204
1.0
0.0
0.0
0.219854
0.0
0.063223
1.0
0.751575
0.998608
1.0
1.0
0.999487
0.799048
0.998901
1.0

0.484388
0.257909
0.0
0.0
0.0
1.0
0.582784
0.0
0.338828
0.0
0.0
1.0
1.0
0.998022
0.762125
0.999194
1.0
1.0
1.0
1.0

0.290897
-0.667211
0.036587
0.0
0.376562
1.0
0.818681
0.0
0.219854
0.0
0.012821
1.0
1.0
1.0
1.0
0.999487
1.0
1.0
1.0
1.0

0.809556
-0.077709
0.0
0.0
0.0
1.0
0.371502
0.0
0.874652
0.0
0.081685
1.0
1.0
0.864689
0.765055
1.0
1.0
1.0
1.0
1.0

0.440182
-0.169597
-0.305159
0.0
0.0
1.0
0.005201
0.0
0.90337
0.0
0.195092
1.0
1.0
1.0
1.0
1.0
1.0
1.0
1.0
1.0

0.460769
-0.817508
0.0
-0.01023
0.0
1.0
0.908352
0.0
1.0
0.017509
0.115971
1.0
1.0
0.984176
1.0
1.0
1.0
1.0
0.998901
1.0

0.951044
-1.151478
0.0
0.0
0.113772
1.0
0.438315
0.0
0.872894
0.0
0.033626
0.799341
0.998022
1.0
1.0
1.0
1.0
0.998022
1.0
0.99978

0.530055
-0.047647
0.0
0.0
0.154502
1.0
0.419268
0.0
0.206081
0.0
0.091648
1.0
1.0
1.0
1.0
1.0
0.999194
1.0
0.997729
0.999487

0.646052
-1.075266
0.0
0.0
0.0
1.0
0.449011
0.0
0.515678
0.017509
0.033626
1.0
0.999194
1.0
1.0
1.0
1.0
1.0
1.0
1.0

0.684956
-0.593572
0.0
0.0
0.113772
1.0
0.0
0.0
0.75685
0.0
0.050916
0.895751
1.0
0.999194
1.0
1.0
1.0
1.0
0.999487
0.999487

0.645034
-0.817508
0.0
0.0
0.0
0.738761
0.0
0.114799
0.399048
0.011355
0.0
1.0
1.0
1.0
1.0
1.0
1.0
1.0
1.0
1.0

