h
Left

0.354089
0.036181
0.356408
0.0
0.588103
1.0
0.838169
0.489597
0.0
0.0
0.0
0.002857
0.0
0.0
1.0
1.0
1.0
0.444176
1.0
1.0

0.295794
0.012275
0.420123
0.0
0.558715
1.0
0.908352
0.605641
0.0
0.0
0.0
0.005788
0.0
0.0
1.0
1.0
1.0
0.486081
1.0
1.0

0.404495
0.142379
0.409898
0.006222
0.600747
1.0
0.758462
0.469377
0.0
0.0
0.0
0.050916
0.0
0.0
0.995018
1.0
1.0
0.333553
1.0
1.0

0.614269
-0.316173
-0.457383
0.0
0.277043
1.0
1.0
1.0
0.074652
0.000806
0.000806
0.494286
0.003736
0.0
1.0
1.0
1.0
0.482857
1.0
1.0

1.0
-0.654224
-0.27114
0.0
0.250451
1.0
0.758462
0.212381
0.0
0.041245
0.0
0.838315
0.0
0.004029
1.0
1.0
0.999487
0.484176
1.0
1.0

0.611637
-0.4582
-0.40873
0.006222
0.0
1.0
1.0
0.600659
0.072308
0.02044
0.0
0.0
0.0
0.0
1.0
1.0
1.0
1.0
1.0
0.998901

0.71821
-0.724193
-0.071271
0.223263
0.502113
1.0
1.0
0.0
0.159341
0.00315
0.0
0.99978
0.0
0.001392
1.0
1.0
1.0
1.0
1.0
1.0

0.611003
-0.62682
-0.000185
0.0
0.378122
1.0
1.0
0.489597
0.020733
0.0
0.015751
0.659854
0.043297
0.0
1.0
0.999487
0.999194
0.909084
0.997143
1.0

0.660195
-0.540741
-0.37846
0.0
0.244189
1.0
1.0
0.428059
-0.160631
0.0
0.0
0.494286
0.0
0.0
1.0
1.0
1.0
0.772381
1.0
1.0

0.784908
-0.26227
-0.273393
0.0
0.0
1.0
0.572528
0.605641
-0.160631
0.0
0.041245
0.412674
0.0
0.0
1.0
1.0
1.0
1.0
1.0
0.999194

0.694455
-0.142948
-0.512448
0.0
0.310492
1.0
0.908352
1.0
-0.208259
0.0
0.009011
0.935604
0.001685
0.0
1.0
1.0
0.999487
1.0
1.0
1.0

1.0
-0.937819
0.356408
0.0
0.568496
1.0
1.0
0.129744
0.095751
0.0
0.0
-0.216561
0.0
0.0
1.0
1.0
1.0
0.418681
0.737509
0.998901

0.574401
-0.343112
-0.27114
0.0
0.160045
1.0
1.0
0.322271
0.195092
0.0
0.0
-0.216561
0.0
0.004908
1.0
1.0
1.0
0.205202
1.0
1.0

1.0
0.544671
0.0
0.0
0.502692
1.0
1.0
0.212381
0.105568
0.0
0.0
0.032747
0.001099
0.0
0.995018
1.0
1.0
0.828205
1.0
1.0

1.0
0.036181
-0.840964
0.0
0.0
1.0
0.360366
0.887399
0.0
0.0
0.0
0.20359
0.003736
0.0
0.850916
1.0
1.0
0.418681
0.99978
1.0

0.71821
0.131678
-1.251713
0.0
0.0
1.0
1.0
0.185128
0.140586
0.009011
0.015458
0.498974
0.0
0.0
1.0
1.0
1.0
0.614872
0.99978
1.0

0.237781
-0.674115
-0.452762
0.0
0.190173
1.0
1.0
0.091648
0.226297
0.002564
0.0
0.137949
0.0
0.004908
1.0
1.0
1.0
1.0
1.0
0.99978

0.638646
-0.654224
0.011086
0.0
0.600747
1.0
0.955824
0.089304
0.30718
0.006667
0.02044
0.242857
0.0
0.0
1.0
1.0
0.999194
1.0
1.0
1.0

