horns
Left

0.4515
0.294663
0.018423
0.0
1.030524
1.0
0.847106
1.0
0.090183
0.019853
0.019853
0.936117
1.0
1.0
1.0
1.0
1.0
0.0
0.0
0.0

0.416203
0.245257
0.084102
0.0
1.023924
1.0
0.610183
1.0
0.074945
0.005495
0.005495
0.667619
1.0
1.0
1.0
1.0
1.0
0.0
0.0
0.0

0.472085
0.223641
0.111219
0.0
0.805726
1.0
0.512161
1.0
0.08696
0.002271
0.002271
0.697363
1.0
1.0
1.0
1.0
1.0
0.0
0.0
0.0

0.740689
-0.273139
0.0
0.243664
-0.046323
1.0
0.847106
0.0
0.135024
0.0
0.0
0.487985
0.999194
1.0
1.0
1.0
1.0
0.034799
0.0
0.0

0.992289
-0.09119
0.0
0.0
0.275899
1.0
1.0
0.152747
0.167839
0.013993
0.0
0.490476
1.0
1.0
1.0
1.0
0.938388
0.049451
0.0
0.040952

0.90823
0.258107
0.0
0.173718
1.030524
1.0
1.0
0.569011
0.018681
0.0
0.0
0.4263
0.998608
1.0
0.637582
1.0
1.0
0.181905
0.0
0.034799

1.0
-0.052993
0.0
0.0
0.131788
1.0
0.63304
0.58044
0.018681
0.005495
0.0
0.78293
1.0
0.850916
1.0
1.0
1.0
0.038608
0.0
0.0

0.571153
0.278776
0.0
0.0
-0.127844
1.0
0.847106
0.01956
0.197436
0.0
0.0
1.0
0.771502
0.839487
1.0
1.0
1.0
0.184249
0.018388
0.0

0.72932
0.336584
0.0
0.067004
0.141654
1.0
1.0
0.533553
0.117069
0.031575
0.0
0.56696
1.0
1.0
1.0
1.0
1.0
0.149963
0.0
0.034799

0.538248
-0.259107
-0.019945
0.078316
0.169753
1.0
0.787619
0.663956
0.022491
0.013993
0.039194
1.0
1.0
1.0
1.0
1.0
1.0
0.131209
0.034799
0.059121

0.5574
-0.040602
0.104433
0.283182
-0.051936
1.0
0.927253
0.259854
0.03978
0.0
0.0
0.808718
0.99978
1.0
0.325788
1.0
1.0
0.025714
0.0
0.0

1.0
-0.249064
-0.035922
0.098721
0.167162
1.0
1.0
0.074066
0.025128
0.001392
0.011648
0.701905
0.999194
1.0
0.428938
1.0
1.0
0.085495
0.0
0.0

0.628189
-0.061971
-0.127514
0.045094
0.169753
1.0
0.871722
0.178974
0.156996
0.0
0.001392
0.432161
1.0
1.0
0.557582
0.938388
1.0
0.036264
0.0
0.0

0.632859
0.06638
0.0
-0.021841
-0.011691
1.0
0.891941
0.569011
0.364615
0.0
0.0
0.539707
0.998608
0.99978
1.0
1.0
1.0
0.153187
0.018388
0.0

1.0
0.295414
0.0
0.108048
0.160742
1.0
0.745421
0.946154
0.072601
0.0
0.0
0.487985
1.0
0.999194
1.0
1.0
1.0
0.079048
0.0
0.0

0.779149
0.488409
-0.127514
0.0
0.253081
1.0
0.743956
1.0
0.069377
0.003443
0.0
0.914212
0.759194
1.0
0.943223
1.0
1.0
0.029817
0.0
0.0

0.640051
0.06638
0.0349
0.0
0.320076
1.0
0.570183
0.173114
0.059707
0.043004
0.0
0.973407
1.0
1.0
0.345714
1.0
1.0
0.161099
0.0
0.055311

1.0
-0.052993
0.0
0.173718
-0.211987
1.0
1.0
0.814725
0.167839
0.0
0.0
0.942344
0.99978
1.0
0.428938
1.0
1.0
0.035678
0.021612
0.0

