ily
Left

1.0
0.582092
0.0
0.0
0.40652
0.0
-0.363636
-0.1875
0.267766
0.0
0.0
1.0
1.0
1.0
1.0
1.0
1.0
0.063223
0.0
0.0

1.0
0.478278
0.0
0.0
0.63032
0.0
-0.363636
-0.1875
0.288571
0.0
0.0
1.0
1.0
1.0
1.0
1.0
1.0
0.0
0.0
0.0

0.955095
0.271492
0.0
0.0
0.200277
0.0
-0.237847
-0.16352
0.372674
0.0
0.0
1.0
1.0
1.0
1.0
1.0
1.0
0.158315
0.0
0.0

0.005491
-0.287183
0.001311
0.167289
0.152456
0.0
0.177216
0.006081
0.224542
0.0
0.034799
0.348059
1.0
1.0
1.0
1.0
1.0
0.244908
0.0
0.0

0.209309
0.271492
0.0
0.0
-0.042567
0.019944
0.0
0.0
0.372674
0.0
0.047399
0.640513
0.786007
1.0
0.297656
1.0
1.0
0.040659
0.0
0.0

0.585187
-0.107154
0.0
0.0
0.444781
0.0
0.0
-0.088301
0.288571
0.005495
0.0
0.714359
0.998608
0.572967
1.0
1.0
1.0
0.245201
0.063516
0.024542

0.3984
0.047877
0.0
0.0
0.215373
0.13981
-0.047045
-0.055672
-0.040256
0.0
0.0
0.348059
0.998608
1.0
0.756264
0.871136
1.0
0.217656
0.0
0.0

0.430371
-0.176648
-0.187083
0.0
-0.076573
0.194203
0.0
0.0
0.04652
0.0
0.008132
1.0
0.786007
1.0
1.0
1.0
1.0
-0.042228
0.0
0.0

0.434624
0.178217
0.0
0.0
-0.061447
0.0
-0.363636
-0.070475
0.315678
0.0
0.0
1.0
1.0
0.998608
1.0
1.0
0.89956
0.0
0.02337
0.0

0.181132
-0.242492
0.0
-0.060459
0.167523
0.438475
-0.01914
-0.070475
-0.055065
0.0
0.0
1.0
0.99978
1.0
1.0
1.0
1.0
0.0
0.04359
0.0

0.955095
-0.056993
0.0
0.0
-0.282536
0.123806
0.0
-0.061464
0.224542
0.0
0.0
1.0
0.775604
1.0
1.0
0.897949
1.0
0.0
0.0
0.0

0.254276
0.015979
0.0
0.0
-0.333283
0.352208
-0.363636
0.0
0.317582
0.0
0.00022
1.0
1.0
1.0
1.0
1.0
1.0
0.0
0.13619
0.279194

0.093561
0.0
0.0
-0.060459
0.155287
0.0
0.015165
0.0
-0.169607
0.0
0.014579
1.0
0.998022
1.0
1.0
1.0
0.83685
0.0
0.0
0.0

0.191571
-0.185785
-0.19607
0.0
-0.181726
0.013297
0.02337
-0.048151
0.562564
0.0
0.0
1.0
1.0
0.927692
0.268791
1.0
1.0
0.041832
0.052381
0.0

0.230471
0.337102
-0.436087
0.010344
-0.042567
0.198002
0.0
0.0
-0.109343
0.0
0.0
1.0
1.0
1.0
0.297656
0.998315
0.587766
0.217656
0.0
0.033626

0.230471
-0.086321
0.0
-0.140523
0.352772
0.0
-0.003974
0.0
0.040952
0.0
0.0
0.551722
0.775604
0.999194
0.039973
1.0
1.0
0.707326
0.0
0.0

0.558271
0.072781
0.0
-0.100218
0.167432
0.0
-0.076185
-0.1875
0.726813
0.0
0.0
1.0
1.0
1.0
1.0
1.0
0.582198
-0.115624
0.0
0.0

0.27027
-0.056993
0.0
0.010344
-0.333283
0.0
0.201245
0.047399
0.224542
0.0
0.0
1.0
0.998608
0.998608
0.911282
1.0
1.0
-0.042228
0.0
0.0

