k
Left

0.144797
0.704832
-0.029894
0.0
0.352433
1.0
0.19685
0.00696
0.132088
0.0
0.0
0.212674
0.0
0.0
1.0
1.0
1.0
0.726667
1.0
1.0

0.157319
0.708354
0.043371
0.0
0.242251
1.0
0.200366
0.00696
0.196557
0.0
0.0
0.305861
0.0
0.0
1.0
1.0
1.0
0.825421
1.0
1.0

0.088553
0.7726
-0.005257
0.0
0.266092
1.0
0.227473
0.002271
0.195092
0.0
0.0
0.27348
0.0
0.0
1.0
1.0
1.0
0.79641
1.0
1.0

0.338354
0.326642
0.043371
0.0
0.056179
1.0
0.078755
0.0
-0.008291
0.0
0.0
0.994213
0.008132
0.009597
0.870256
1.0
1.0
0.824542
0.99978
0.678901

0.260304
0.021452
0.119875
-0.026787
0.002348
0.808976
0.21707
0.0
0.558169
0.0
0.0
0.684762
0.018681
0.0
1.0
1.0
0.889597
0.93707
1.0
1.0

0.322302
0.118885
0.0
0.0
0.0
1.0
0.220586
0.0
0.117915
0.0
0.010769
0.554359
0.0
0.0
1.0
1.0
1.0
1.0
0.891502
1.0

0.555935
0.401554
0.08643
0.0
0.0
1.0
0.141758
0.0
0.324322
0.0
0.0
0.424835
0.0
0.0
0.776777
1.0
1.0
0.91978
1.0
0.985714

0.261278
0.414226
0.0
0.0
0.0
0.880251
0.41956
0.0
-0.026884
0.0
0.0
0.441245
0.0
0.0
0.901758
1.0
1.0
0.7463
1.0
0.999487

0.362332
0.329521
0.119875
0.0
0.512684
1.0
0.210623
0.0
0.0
0.0
0.0
0.487692
0.0
0.0
0.945275
1.0
1.0
1.0
0.707326
0.891502

0.181321
0.317207
-0.120279
0.018144
0.935858
1.0
0.249011
0.011355
0.325495
0.0
0.0
0.749231
0.0
0.0
1.0
1.0
1.0
0.953187
1.0
1.0

0.555935
0.414226
-0.08294
0.106253
0.0
1.0
0.216777
0.0
0.05707
0.0
0.0
0.441245
0.0
0.0
0.776777
1.0
1.0
0.7463
0.713626
1.0

0.217789
0.260588
-0.051039
0.083072
0.352433
1.0
0.182491
0.0
-0.026569
0.0
0.0
0.97663
0.098242
0.0
1.0
1.0
0.688864
1.0
1.0
0.891502

0.555006
-0.208831
0.357359
0.0
0.0
0.600951
0.220586
0.004615
0.022491
0.0
0.0
0.97663
0.023956
0.032454
1.0
1.0
1.0
1.0
0.99978
0.915092

0.352472
0.206728
0.036278
0.0
0.0
0.762682
0.19685
0.015751
0.060293
0.0
0.004908
0.457949
0.0
0.0
1.0
1.0
1.0
0.726667
1.0
1.0

0.217789
0.116276
-0.068622
0.023766
-0.005379
1.0
0.216777
0.0
0.0
0.004908
0.0
1.0
0.008132
0.001099
1.0
1.0
0.959634
0.942344
1.0
1.0

0.496554
0.277246
0.271496
0.0
0.192018
0.368254
0.120659
0.0
-0.109071
0.0
0.0
1.0
0.0
0.0
1.0
1.0
1.0
0.764176
0.713626
1.0

0.362332
0.086074
-0.034428
0.0
0.031545
0.74262
0.22293
0.0
0.153805
0.0
0.0
1.0
0.012527
0.0
1.0
1.0
0.999487
0.973114
0.999487
0.999194

0.181321
0.401554
0.043371
0.0
0.056179
1.0
0.0
0.0
0.0
0.0
0.0
0.457363
0.0
0.0
1.0
1.0
1.0
0.92652
0.999194
0.891502

