n
Left

0.531428
0.0
0.175913
-0.005983
0.427172
1.0
1.0
0.147912
1.0
1.0
1.0
0.649451
0.993407
0.993407
0.931502
1.0
1.0
0.405202
1.0
1.0

0.964045
0.0
0.156616
0.0
0.754518
1.0
1.0
0.1063
1.0
1.0
1.0
0.64989
0.64359
0.64359
1.0
1.0
1.0
0.574579
1.0
1.0

0.805974
0.0
0.231139
0.0
0.642699
1.0
1.0
0.161685
1.0
1.0
1.0
0.598608
0.872601
0.872601
1.0
1.0
1.0
0.568132
1.0
1.0

0.553466
-0.346763
0.035218
0.0
0.0
1.0
1.0
0.0
1.0
0.99978
1.0
0.649451
0.998608
1.0
1.0
1.0
1.0
1.0
1.0
1.0

0.877495
0.0
0.0
0.0
0.003876
1.0
1.0
0.0
1.0
1.0
1.0
1.0
0.930916
0.998608
1.0
1.0
0.30967
1.0
1.0
0.997729

0.606481
0.0
0.0
0.0
0.438567
1.0
1.0
0.0
1.0
1.0
1.0
1.0
0.872601
1.0
1.0
0.999487
0.712161
1.0
0.997729
1.0

1.0
-0.015775
0.0
0.0
0.09298
1.0
1.0
0.0
0.875311
1.0
1.0
0.810916
1.0
1.0
1.0
1.0
1.0
1.0
1.0
0.704103

0.647405
0.0
0.0
0.0
0.0
1.0
1.0
0.0
0.937509
1.0
1.0
1.0
1.0
1.0
0.681978
0.999487
1.0
1.0
1.0
1.0

1.0
0.0
0.0
-0.020807
0.0
1.0
1.0
0.036264
1.0
1.0
1.0
1.0
0.043297
1.0
1.0
1.0
1.0
0.884908
0.577802
0.998901

0.395325
0.0
0.231139
0.0
0.0
1.0
1.0
0.0
1.0
1.0
1.0
0.96381
0.998608
0.834798
0.707033
1.0
1.0
0.220147
1.0
0.999194

0.610687
0.0
0.0
-0.005983
0.230169
1.0
1.0
0.0
0.954359
1.0
0.654872
1.0
1.0
0.998608
1.0
1.0
0.999487
0.998022
0.364176
0.364176

1.0
-0.2776
-0.034504
0.0
0.01589
1.0
1.0
0.0
0.95055
0.3
0.775311
0.713773
0.854725
1.0
0.426886
1.0
1.0
1.0
0.998901
1.0

0.699973
0.0
0.231139
0.0
0.0
1.0
1.0
0.033919
0.794945
1.0
0.823077
1.0
1.0
0.998608
1.0
1.0
1.0
1.0
1.0
1.0

0.383234
-0.090527
0.075734
0.0
0.0
1.0
1.0
0.0
1.0
1.0
0.935897
0.810916
1.0
0.906887
1.0
1.0
1.0
0.597143
1.0
1.0

0.454356
0.0
0.041548
0.0
0.0
1.0
1.0
0.0
0.942051
1.0
1.0
0.754212
0.289011
1.0
1.0
0.999487
1.0
0.986594
0.99978
1.0

0.082338
0.0
0.0
0.0
0.0
1.0
1.0
0.0
0.708498
1.0
1.0
1.0
0.998315
0.788205
1.0
1.0
1.0
1.0
1.0
0.892234

0.454356
-0.25847
0.0
0.0
0.230169
1.0
1.0
0.0
1.0
1.0
0.935897
1.0
0.998608
0.995092
0.797289
1.0
0.992601
1.0
1.0
1.0

0.545011
0.0
0.0
0.0
0.0
1.0
1.0
0.0
1.0
0.654872
1.0
0.951355
1.0
0.998608
1.0
1.0
1.0
1.0
1.0
0.998901

