o
Left

0.692973
-0.407958
-0.242832
-0.28074
-0.283456
0.998297
0.195092
1.0
0.232161
1.0
1.0
0.438901
1.0
1.0
0.231722
1.0
1.0
0.030403
1.0
1.0

0.69403
-0.33995
-0.115537
-0.165448
-0.231823
0.958071
0.211502
1.0
0.277436
1.0
1.0
0.442418
1.0
1.0
0.224982
1.0
1.0
0.007839
1.0
1.0

0.640634
-0.183023
-0.0274
-0.108978
-0.174117
1.0
0.292234
1.0
0.300586
1.0
1.0
0.465275
0.972528
0.972528
0.206081
0.982051
0.982051
0.0
0.991355
0.991355

0.912126
-0.415338
0.0
0.0
-0.512851
0.511057
0.470256
0.61326
0.272601
1.0
1.0
0.51978
0.496923
0.628791
0.224982
0.981099
1.0
0.207985
0.566227
0.522418

0.914142
-0.125113
-0.08972
0.333142
0.017905
0.533895
0.73033
0.242857
0.240513
0.389817
0.94381
0.514066
0.470843
0.192454
0.206081
1.0
0.54
0.086081
0.175311
0.192454

0.278483
-0.198795
0.076819
0.02851
-0.174117
0.714191
0.300293
0.593626
0.645495
1.0
0.940879
0.61282
0.300879
0.22293
0.49663
0.797875
0.525641
0.0
1.0
0.967839

0.597479
-0.974602
-0.088977
-0.374889
0.487615
0.843358
0.095165
0.233187
0.140586
0.827179
0.776484
0.854579
0.955531
0.893993
0.508938
0.981099
1.0
0.161978
1.0
0.352747

0.803926
-0.281592
-0.515078
-0.421369
0.117981
1.0
0.195092
0.338095
0.277436
1.0
1.0
0.648132
0.764029
0.472308
0.562857
0.418535
1.0
0.63011
1.0
0.269231

0.830363
-0.328849
0.010099
0.092631
-0.163402
1.0
0.0
0.348059
0.30337
0.858681
0.855897
0.340879
0.655458
0.703517
0.524469
0.600366
0.245202
0.308791
0.344835
0.647253

0.793309
-0.257829
-0.204933
0.090011
-0.121112
1.0
0.028938
1.0
0.411941
0.700586
0.776484
0.69033
0.470843
0.595971
0.381465
0.853114
1.0
0.574139
0.393187
0.304689

0.698219
-0.349081
-0.598305
-0.512065
-0.203895
1.0
0.040073
0.577802
0.817216
0.987839
1.0
0.628498
0.450623
0.559341
0.417802
1.0
0.245202
0.342344
0.462491
0.611209

0.8258
-0.409523
-0.004463
-0.172935
0.40036
0.902416
0.227326
0.242857
0.798462
0.389817
0.728132
1.0
0.448571
0.6537
0.678315
0.565788
0.853114
0.27011
1.0
0.306007

0.918217
-0.183023
-0.0274
0.189606
0.213162
1.0
0.019853
0.212381
0.663077
1.0
0.868938
0.560513
1.0
0.464982
0.266007
0.907473
0.198608
0.113333
0.304689
0.152894

0.822604
-0.49402
-0.673537
0.208491
0.086331
0.371242
0.085201
0.3
0.618681
0.96989
1.0
0.932381
0.959341
0.6537
0.348498
1.0
0.793773
0.248425
0.352747
0.093407

0.69403
-0.482944
-0.205428
0.0
0.544514
1.0
0.059414
1.0
0.60022
0.827179
0.255897
1.0
0.300879
0.655458
0.121245
0.245202
1.0
0.1737
1.0
1.0

0.795192
-0.729083
0.058479
-0.446321
0.026904
1.0
0.314799
0.348059
0.742198
1.0
1.0
0.60359
0.508938
0.192454
0.491648
1.0
0.849744
0.207106
0.606227
0.491062

0.773034
-0.603692
0.0
0.387274
-0.100921
0.53215
0.078462
1.0
0.568132
0.973993
1.0
1.0
0.636703
0.657802
0.285055
0.799048
1.0
0.619414
0.670549
0.912161

0.805036
-0.604713
0.0
-0.295476
0.329668
1.0
0.397289
0.242857
0.287985
1.0
0.700586
0.793187
0.192454
0.604469
0.190696
1.0
0.907473
0.278755
0.912161
0.675678

