open_f
Left

0.54289
-0.737417
0.204946
-0.538637
-1.108169
1.0
0.0
0.0
0.093993
0.409158
0.409158
0.0
0.0
0.0
-0.059966
0.0
0.0
-0.166357
0.0
0.0

0.473402
-1.13594
0.19466
-0.547767
-1.043994
1.0
0.0
0.0
0.084615
0.335604
0.335604
0.0
0.0
0.0
-0.044813
0.0
0.0
-0.105842
0.0
0.0

0.394932
-1.150929
0.14546
-0.484842
-1.097622
1.0
0.0
0.0
0.146593
0.376191
0.376191
0.0
0.0
0.0
-0.036298
0.0
0.0
-0.114592
0.0
0.0

0.901909
0.223455
0.437214
0.131568
-0.867321
0.839582
0.0
0.0
0.066154
0.090183
0.032747
0.064396
0.0
0.0
-0.148478
0.0
0.005495
-0.124439
0.0
0.0

1.0
-0.217695
0.067446
-0.291763
-0.982229
1.0
0.242857
0.0
1.0
0.32315
0.173114
-0.023882
0.0
0.0
-0.08652
0.0
0.0
0.0
0.0
0.033919

1.0
0.098474
-0.363957
-0.450692
-0.380983
0.758761
0.0
0.0
0.094872
0.179853
0.26044
-0.003205
0.024542
0.0
-0.21617
0.0
0.0
0.0
0.0
0.031282

0.916678
-0.531065
-0.147059
-0.44036
-0.845052
0.758761
0.302051
0.0
0.144103
0.063516
0.231722
0.0
0.0
0.0
-0.191596
0.0
0.0
-0.417867
0.0
0.0

0.912808
-0.44343
0.143145
-0.218431
-0.765174
0.584258
0.017509
0.0
0.319341
0.274212
1.0
0.0
0.0
0.0
-0.123268
0.0
0.0
-0.290213
0.0
0.00022

1.0
-0.071852
0.001978
-0.46143
-0.697102
0.571686
0.246227
0.0
0.158169
0.072894
0.638755
-0.110942
0.0
0.0
-0.164772
0.015458
0.0
-0.031507
0.045934
0.0

1.0
1.089677
-0.253822
-0.068942
-1.097622
0.481294
0.15348
0.0
0.048864
0.26044
0.050623
0.0
0.0
0.0
-0.268672
0.0
0.0
-0.483837
0.0
0.0

0.995199
-0.627097
-0.147059
-0.547767
-1.014367
0.90155
0.23641
0.0
0.09663
0.131502
0.157875
0.0
0.0
0.0
0.0
0.0
0.0
-0.290213
0.0
0.0

0.916678
0.161689
-0.363957
0.340491
-1.014709
0.758761
0.260733
0.0
0.319048
0.157875
0.046227
-0.002731
0.0
0.0
-0.2107
0.0
0.0
-0.107756
0.0
0.0

0.916678
0.14976
-0.312932
-0.2949
-0.626463
0.555066
0.161392
0.0
0.552308
0.090183
0.396117
0.0
0.0
0.0
-0.084083
0.0
0.0
-0.483837
0.0
0.0

0.394932
0.537048
0.067446
-0.484842
-0.115929
1.0
0.0
0.0
0.0
0.073187
0.290769
-0.175222
0.0
0.0
0.0
0.0
0.0
-0.111647
0.0
0.0

0.891764
-0.531065
-0.188782
0.131568
-1.036369
1.0
0.0
0.0
0.261319
0.168132
0.092821
0.033626
0.0
0.0
-0.059966
0.0
0.0
-0.002435
0.0
0.0

0.913114
-0.547737
-0.268162
-0.743914
-0.597061
0.94734
0.162857
0.0
0.037729
0.409158
0.257216
-0.096666
0.0
0.0
-0.183366
0.0
0.0
-0.031507
0.0
0.0

0.901909
0.288011
0.032476
-0.46143
-0.100997
0.574144
0.027179
0.0
0.491209
0.26044
0.399634
-0.175222
0.0
0.0
-0.236302
0.005495
0.018681
0.0
0.0
0.007839

1.0
0.068536
0.19466
-0.490227
-0.867321
0.555066
0.204176
0.0
0.066154
0.032747
0.135311
0.0
0.0
0.0
0.0
0.0
0.0
-0.483837
0.0
0.0

