p
Left

0.355119
0.546226
0.0
0.0
-0.006836
0.957599
0.0
0.0
0.05326
0.0
0.0
1.0
0.0
0.0
1.0
1.0
1.0
0.984542
1.0
1.0

0.37389
0.477159
0.0
0.0
-0.015332
0.963631
0.0
0.0
0.065568
0.0
0.0
1.0
0.0
0.0
1.0
1.0
1.0
0.956117
1.0
1.0

0.345198
0.460629
0.0
0.0
-0.01173
0.949941
0.033919
0.0
0.071429
0.0
0.0
1.0
0.0
0.0
1.0
1.0
1.0
0.975824
1.0
1.0

0.37389
0.791164
0.00168
0.0
0.0
1.0
0.711429
0.0
0.05326
0.0
0.0
1.0
0.195971
0.017216
1.0
1.0
0.95055
0.836557
1.0
0.998901

0.677282
-0.960884
0.0
0.0
0.0
1.0
0.24022
0.0
0.300147
0.0
0.004029
1.0
0.031575
0.027179
1.0
1.0
0.406667
0.893114
0.999487
0.248865

0.894313
-1.191393
0.0
0.0
0.0
0.867644
0.181758
0.0
0.008718
0.0
0.0
1.0
0.290769
0.01663
1.0
1.0
1.0
0.827766
1.0
0.881978

0.831455
0.290251
0.0
0.0
0.0
0.987427
0.655897
0.0
0.006081
0.0
0.004029
0.600659
0.351868
0.028352
1.0
1.0
1.0
1.0
0.997729
0.997729

1.0
-1.653215
0.286449
0.0
0.0
0.835688
0.0
0.0
0.040073
0.0
0.0
1.0
0.028352
0.043004
1.0
1.0
1.0
0.836557
1.0
0.849011

0.905612
-0.948204
-0.427428
0.0
0.007144
0.918301
0.08022
0.0
0.022198
0.0
0.0
1.0
0.0
0.087839
1.0
1.0
1.0
0.508205
0.980733
1.0

0.721773
-1.10305
0.0
0.0
0.0
1.0
1.0
0.0
0.06967
0.0
0.0
0.945275
0.351868
0.059414
1.0
1.0
1.0
0.975824
1.0
1.0

0.934986
0.477159
0.0
0.0
0.762102
1.0
0.181758
0.0
0.27978
0.0
0.0
1.0
0.212088
0.027179
1.0
0.689158
1.0
0.437436
0.999487
0.999487

0.951257
-1.597548
-0.628949
0.0
0.001143
1.0
0.574579
0.0
0.065568
0.0
0.0
1.0
0.031282
0.055311
1.0
1.0
1.0
0.983077
1.0
0.997729

0.70142
-0.628933
0.0
0.0
0.0
1.0
0.305861
0.0
0.1863
0.0
0.0
1.0
0.447985
0.172967
1.0
1.0
1.0
0.993333
0.927106
0.234652

0.669064
0.100088
0.0
0.0
0.0
1.0
0.429524
0.0
0.106154
0.0
0.0
1.0
0.0
0.351868
1.0
1.0
1.0
1.0
1.0
0.997729

0.392903
-1.19181
0.0
-0.013959
0.0
1.0
0.481685
0.0
0.082857
0.0
0.0
0.854139
0.277436
0.043004
1.0
1.0
1.0
1.0
0.999487
0.822491

0.721773
-0.626445
-0.323851
0.0
0.001741
1.0
0.181758
0.0
0.248132
0.0
0.0
0.997729
0.0
0.148205
1.0
0.95055
1.0
0.823517
1.0
1.0

0.392903
-0.306715
0.0
0.0
0.152503
1.0
0.11641
0.029817
0.134139
0.0
0.0
0.748938
0.099853
0.011355
1.0
0.758608
1.0
1.0
0.806081
0.997729

0.655881
-0.922134
0.0
0.0
0.0
1.0
0.210183
0.027766
0.059414
0.0
0.0
1.0
0.195971
0.16022
1.0
1.0
1.0
0.988571
0.726081
0.881978

