q
Left

0.942419
-0.405002
-0.04882
0.0
0.894965
1.0
0.0
0.0
0.239487
0.0
0.0
0.474359
1.0
1.0
1.0
1.0
1.0
0.542051
1.0
1.0

0.950532
-0.295506
0.019245
0.0
0.579171
1.0
0.0
0.0
0.555238
0.008132
0.008132
0.885494
1.0
1.0
1.0
1.0
1.0
0.702344
1.0
1.0

0.941848
-0.262396
0.025835
0.0
0.606111
1.0
0.0
0.0
0.59685
0.0
0.0
0.92066
1.0
1.0
1.0
1.0
1.0
0.715238
1.0
1.0

1.0
-0.295506
0.458566
-0.152577
0.0
1.0
0.399341
0.0
0.418388
0.010183
0.001978
0.149084
1.0
1.0
0.90044
1.0
1.0
0.707912
1.0
0.999194

0.997957
-0.638126
0.010443
0.0
0.437162
0.920158
0.386447
0.001685
0.59685
0.103077
0.0
0.995348
0.998608
0.998608
0.681245
1.0
1.0
0.695897
0.997729
0.999487

0.749026
0.085846
0.0
0.0
0.75517
1.0
0.141172
0.0
1.0
0.058828
0.014286
0.724176
0.998608
1.0
0.196264
0.999194
1.0
1.0
0.99978
0.999194

1.0
-0.622004
0.131238
0.328062
0.125641
1.0
0.0
0.0
0.091355
0.216484
0.03304
0.501905
1.0
1.0
0.974579
1.0
1.0
0.96022
1.0
1.0

1.0
0.0
0.0
0.190024
0.505742
0.74713
0.0
0.0
0.418388
0.040073
0.058535
0.529304
0.998315
1.0
0.90044
1.0
1.0
0.757143
1.0
1.0

1.0
-0.348453
-0.087897
0.070179
0.656115
1.0
0.13326
0.0
0.242271
0.037729
0.035092
0.606813
1.0
1.0
1.0
1.0
1.0
0.244322
0.999487
0.997729

1.0
0.401157
0.105217
0.0
0.317413
1.0
0.132821
0.0
0.268059
0.058535
0.010183
1.0
1.0
0.998022
1.0
1.0
1.0
0.288718
0.937949
1.0

1.0
-0.594515
0.397496
0.0
0.412256
1.0
0.225275
0.0
0.281978
0.035678
0.058828
0.841832
1.0
0.998022
0.19011
1.0
1.0
0.72696
1.0
1.0

1.0
-0.558436
0.0
0.082896
0.369062
1.0
0.017802
0.0
0.778828
0.021026
0.090769
1.0
0.998608
1.0
1.0
1.0
1.0
0.757143
0.99978
0.865275

1.0
-0.476276
-0.087897
0.208534
0.135383
1.0
0.018388
0.0
1.0
0.059707
0.020733
1.0
0.977875
1.0
0.305275
1.0
1.0
0.528278
0.997729
0.998901

1.0
-0.93405
0.331019
0.0
0.064507
1.0
0.441538
0.050916
0.280073
0.001978
0.094579
1.0
1.0
1.0
1.0
0.999487
1.0
0.658681
0.998901
1.0

1.0
0.401157
0.0
0.0
0.410416
1.0
0.0
0.0
0.147326
0.014286
0.0
0.433919
1.0
1.0
0.719194
0.999194
1.0
0.724029
1.0
1.0

1.0
0.0
-0.300734
-0.032198
0.207492
0.924296
0.018388
0.0
0.875385
0.05707
0.001978
0.533407
1.0
0.998022
1.0
1.0
1.0
0.963004
1.0
0.865275

1.0
-0.502061
0.051076
0.328062
0.200511
1.0
0.141172
0.0
0.418388
0.011355
0.175751
0.971941
1.0
1.0
0.971355
1.0
1.0
0.992528
0.997729
1.0

1.0
-1.017881
0.0
0.0
0.01676
1.0
0.058828
0.0
0.196264
0.028938
0.05619
0.931795
0.998608
1.0
1.0
0.999194
1.0
0.906886
0.999194
1.0

