r
Left

0.152271
-0.915823
-0.061302
0.097309
0.290224
1.0
0.349817
0.292381
0.040366
0.0
0.0
0.0
0.0
0.0
0.861465
1.0
1.0
0.371648
1.0
1.0

0.158168
-0.869189
-0.053596
0.15385
0.428259
1.0
0.305275
0.409011
0.04652
0.0
0.0
0.0
0.0
0.0
0.828938
1.0
1.0
0.371502
1.0
1.0

0.168027
-0.821748
-0.092002
0.023897
0.323573
1.0
0.391722
0.258974
0.055897
0.0
0.0
0.0
0.0
0.0
0.967253
1.0
1.0
0.343956
1.0
1.0

0.619552
0.009933
0.15139
0.0
0.543394
1.0
0.449451
0.064396
0.190403
0.00022
0.00022
0.349817
0.0
0.120952
0.684469
1.0
1.0
0.708059
0.999487
0.999487

0.401619
-0.145895
0.002605
0.003706
0.283385
1.0
1.0
0.308791
0.136777
0.001978
0.0
0.087546
0.0
0.046227
0.782344
1.0
1.0
0.966777
1.0
0.998901

0.562227
-0.263071
0.298955
0.154813
0.270111
1.0
0.498681
1.0
0.947766
0.0
0.0
0.0
0.032454
0.0
1.0
1.0
1.0
0.434652
1.0
1.0

0.522182
0.373177
0.306601
0.0
0.427455
1.0
0.611355
0.141026
0.675971
0.0
0.0
-0.001399
0.0
0.017802
0.778681
1.0
0.999487
0.901758
0.998901
0.999487

1.0
-0.838385
0.238438
0.262456
0.332803
1.0
1.0
0.159341
0.184542
0.038022
0.0
0.0
0.03011
0.032454
0.957289
1.0
1.0
0.547033
1.0
0.999487

0.522425
-0.246883
-0.110991
0.023897
0.347893
1.0
0.280073
0.149963
0.146154
0.0
0.0
0.0
0.244615
0.0
0.772088
1.0
0.999194
0.371502
0.997729
0.998901

0.522425
-0.190501
0.483765
0.140631
0.247868
1.0
0.607692
0.141319
0.681832
0.005788
0.0
0.18768
0.041832
0.0
1.0
0.999194
0.999487
1.0
1.0
1.0

0.522644
-0.403882
0.71184
0.182853
0.352212
1.0
1.0
0.320513
0.253114
0.0
0.0
0.189377
0.0
0.040659
0.768425
1.0
1.0
0.651355
0.538242
0.997729

0.433496
-0.3347
0.002605
0.0
0.543394
1.0
1.0
0.0
0.675971
0.0
0.038022
0.0
0.0
0.0
0.593773
1.0
0.999194
0.625275
1.0
1.0

1.0
0.009933
0.290507
0.314884
0.518271
1.0
1.0
0.141319
0.241099
0.0
0.0
0.071722
0.026886
0.0
1.0
1.0
1.0
0.369744
1.0
1.0

0.393055
-0.421174
0.426527
0.0
0.332803
1.0
1.0
0.17033
0.15348
0.018095
0.012527
0.0
0.021026
0.0
0.865861
1.0
1.0
0.651355
0.998901
1.0

0.452212
-0.786978
0.343217
0.0
0.247868
1.0
1.0
0.148498
0.531502
0.011355
0.0
0.0
0.067912
0.120952
1.0
1.0
1.0
0.696044
1.0
1.0

0.522425
-0.145895
0.150617
0.0
0.294221
1.0
1.0
0.095165
0.335165
0.0
0.0
0.153744
0.0
0.021319
0.906007
0.719341
1.0
0.913626
1.0
1.0

0.619552
-0.915823
0.307417
0.0
0.680746
1.0
1.0
0.258974
0.139414
0.0
0.005788
0.0
0.0
0.122711
0.684469
1.0
0.950256
0.651355
1.0
1.0

0.522182
-0.821748
0.255156
0.140631
0.282897
1.0
1.0
0.030403
0.225861
0.038022
0.0
0.087546
0.0
0.037729
0.957289
1.0
1.0
0.371648
1.0
1.0

