spread_open_e
Left

0.371942
0.334725
0.008029
0.209158
-0.103919
0.891473
0.354212
0.16989
0.071722
1.0
1.0
0.028645
1.0
1.0
0.0
0.769451
0.769451
0.0
0.629817
0.629817

0.433869
0.522415
0.049614
0.318685
-0.215033
0.692005
0.411795
0.741026
0.0
1.0
1.0
0.0
0.886667
0.886667
-0.026875
0.67685
0.67685
0.0
0.350403
0.350403

0.388518
0.743323
0.023698
0.330879
-0.30521
0.626502
0.265861
0.260147
-0.005401
1.0
1.0
-0.096496
1.0
1.0
-0.124617
0.821465
0.821465
0.0
0.199634
0.199634

-0.273382
0.563119
0.232812
0.050063
-0.696077
0.947066
0.091062
0.0
-0.093293
1.0
1.0
-0.049161
0.715678
1.0
-0.26322
1.0
1.0
-0.032176
1.0
0.901612

-0.356743
1.825755
-0.104656
-0.622647
-0.364471
0.481374
0.0
0.0
-0.005423
0.803736
1.0
-0.125963
0.890183
1.0
-0.201801
1.0
1.0
0.0
1.0
0.891941

0.120797
0.677639
0.303664
-0.473212
-0.631326
0.566774
0.185128
0.067033
0.017993
1.0
1.0
-0.093928
0.997143
0.998242
-0.126241
1.0
1.0
0.080806
0.852967
0.371502

0.325531
1.743592
0.232812
-0.377887
-0.421665
0.842508
0.121245
0.041245
-0.099475
1.0
1.0
-0.13386
0.997143
0.682418
0.295165
1.0
1.0
0.240513
0.334286
0.500733

0.057309
0.621149
-0.121143
-0.324382
-0.103625
0.626502
0.0
0.172527
-0.093293
1.0
1.0
-0.093928
1.0
1.0
-0.035309
1.0
0.522711
0.025421
0.376777
0.514506

0.382308
0.454779
0.196744
-0.180524
-0.342072
0.29306
0.16696
0.030989
-0.178698
0.92652
1.0
-0.24777
1.0
1.0
-0.167735
0.53326
0.594945
0.336337
0.891941
0.906593

0.113815
1.743592
-0.121143
-0.385594
-0.364471
0.842508
0.08696
0.022491
0.071429
0.92652
1.0
-0.216781
1.0
0.724908
-0.124837
1.0
1.0
0.0
0.852967
0.775018

0.228969
0.896516
0.010745
-0.39596
-0.474779
0.406326
0.178974
0.0
-0.099475
1.0
1.0
-0.189202
1.0
0.844176
-0.167735
0.999194
1.0
-0.101052
0.638755
0.852967

0.120797
0.463429
-0.207986
-0.218235
-0.450762
0.947066
0.252821
0.409597
0.015703
1.0
1.0
-0.182972
0.877875
0.902491
0.101027
1.0
1.0
0.078755
0.433626
0.729158

-0.067807
0.708888
0.049029
-0.202717
-0.358295
0.423851
0.091062
0.0
-0.040519
1.0
1.0
-0.24777
0.998901
0.998315
-0.115044
1.0
1.0
0.033626
0.493114
0.504835

-0.031284
0.621149
0.935316
-0.306937
-0.234315
0.446236
0.025128
0.0
0.017294
0.99978
1.0
-0.094078
1.0
0.982051
0.114212
0.981026
0.847106
0.069963
0.501319
0.663956

0.186788
1.825755
0.157115
-0.07345
-0.44709
0.648643
0.078462
0.0
-0.234303
1.0
1.0
-0.054786
0.998242
1.0
0.079414
1.0
1.0
0.0
0.433626
0.965495

0.03634
0.592998
0.010745
-0.330465
-0.589722
0.29306
0.252821
0.0
-0.068983
1.0
1.0
-0.227717
0.501612
0.998022
-0.127715
1.0
1.0
0.380293
0.322271
0.444176

0.113815
0.695769
0.282191
-0.177418
-0.364471
0.406326
0.0
0.260147
-0.02167
1.0
1.0
0.0
1.0
0.877875
0.032312
1.0
1.0
-0.032176
0.56315
1.0

0.033702
1.743592
0.421019
-0.366891
-0.348598
0.97243
0.125055
0.058535
0.0
1.0
1.0
-0.138541
0.762857
0.772088
-0.133673
0.712894
1.0
0.0
0.639341
0.712601

