t
Left

0.467839
0.380377
0.009002
0.0
0.235948
1.0
0.581612
0.03685
0.651941
1.0
1.0
0.959634
1.0
1.0
1.0
1.0
1.0
0.907179
1.0
1.0

0.406797
0.484204
0.0
0.0
0.394248
1.0
0.374725
0.047399
0.508645
1.0
1.0
1.0
1.0
1.0
1.0
1.0
1.0
0.84696
1.0
1.0

0.451871
0.530959
0.012118
0.0
0.215707
1.0
0.441538
0.04359
0.43978
1.0
1.0
0.96696
1.0
1.0
1.0
1.0
1.0
0.918755
1.0
1.0

0.149675
0.0
0.009002
0.0
0.235948
1.0
1.0
0.0
0.636703
1.0
0.99978
0.751136
1.0
1.0
1.0
1.0
1.0
0.539121
1.0
1.0

0.155271
0.078179
-0.429386
0.0
0.105754
1.0
1.0
0.0
1.0
1.0
1.0
1.0
0.99978
1.0
0.85663
1.0
0.920073
1.0
0.99978
1.0

0.497616
0.0
0.0
-0.043369
0.0
1.0
0.390403
0.0
1.0
0.99978
1.0
0.681832
0.999194
0.99978
1.0
1.0
1.0
1.0
1.0
1.0

0.497616
5.4e-05
0.0
0.0
0.0
1.0
1.0
0.04359
1.0
1.0
1.0
0.897802
0.99978
1.0
1.0
1.0
1.0
0.965495
1.0
0.997729

0.508876
-0.002534
-0.007406
0.0
0.0
1.0
1.0
0.097802
1.0
1.0
1.0
0.751136
0.648425
1.0
0.85663
1.0
0.712894
0.939121
1.0
1.0

0.167803
-0.032027
0.0
-0.162774
0.051188
1.0
1.0
0.0
0.795678
1.0
1.0
1.0
1.0
1.0
1.0
1.0
1.0
1.0
0.998901
1.0

0.652956
0.0
0.0
0.0
0.056513
1.0
0.529158
0.0
1.0
1.0
1.0
1.0
0.998608
0.866593
1.0
1.0
1.0
1.0
1.0
1.0

0.336426
0.259599
-0.141065
0.0
0.008792
1.0
1.0
0.0
0.764762
1.0
1.0
1.0
1.0
0.999194
1.0
1.0
0.999487
0.841685
1.0
1.0

0.514503
0.0
0.0
-0.343351
0.0
1.0
0.536484
0.0
1.0
1.0
1.0
0.931209
1.0
1.0
1.0
1.0
0.999487
0.954945
1.0
1.0

0.131011
-0.10875
-0.429386
-0.162774
-0.000934
1.0
0.531355
0.0
0.99978
1.0
0.894872
0.959634
1.0
0.998315
0.85663
1.0
1.0
1.0
1.0
1.0

0.180707
0.074915
0.0
0.0
0.0
1.0
1.0
0.03685
1.0
0.99978
1.0
0.892528
0.999194
0.773846
1.0
1.0
1.0
0.907179
1.0
1.0

0.508876
-0.014198
0.0
0.0
0.0
1.0
1.0
0.00022
1.0
1.0
1.0
1.0
1.0
1.0
1.0
1.0
1.0
1.0
0.612088
1.0

0.150009
0.0
0.0
0.0
0.235948
1.0
1.0
0.0
0.43978
1.0
1.0
1.0
0.998608
1.0
1.0
1.0
1.0
1.0
1.0
1.0

0.131011
-0.002811
-0.476225
0.0
0.0
1.0
0.448865
0.0
0.999487
1.0
1.0
1.0
0.932234
0.998608
1.0
1.0
1.0
0.977875
1.0
1.0

0.360656
-0.052221
0.0
-0.137611
0.001951
1.0
0.464103
0.0
1.0
1.0
1.0
1.0
0.998608
1.0
1.0
1.0
1.0
0.270549
0.998901
1.0

