w
Left

0.005089
0.487481
0.183715
-0.038168
0.479593
1.0
0.745861
0.135897
-0.045238
0.001099
0.001099
0.0
0.0
0.0
-0.014523
0.0
0.0
0.05707
1.0
1.0

0.008626
0.393762
0.129232
-0.0143
0.50902
1.0
0.5
0.08022
-0.007504
0.0
0.0
0.003443
0.0
0.0
0.0
0.0
0.0
0.080513
1.0
1.0

0.234644
0.373376
0.104539
0.023028
0.450348
1.0
0.612234
0.195971
-0.00582
0.0137
0.0137
0.013407
0.0
0.0
0.0
0.0
0.0
0.049451
0.724908
0.724908

0.733702
0.363297
0.057955
0.016302
0.085441
1.0
0.647253
0.017802
0.052674
0.0
0.006081
0.0
0.0
0.0
0.0
0.0
0.0
0.290623
0.668059
0.797582

0.234644
0.474934
0.122644
0.285622
0.353811
1.0
0.530037
0.199634
0.0
0.0
0.0
0.0
0.0
0.0
0.241832
0.0
0.044762
0.162857
1.0
0.214725

0.57201
0.271141
0.039869
0.287668
0.457013
1.0
0.728132
0.550256
0.0
0.0
0.0
0.054725
0.0
0.0
0.461172
0.0
0.0
0.307766
0.214725
0.651648

0.784759
0.468082
0.173983
0.20086
0.446962
1.0
1.0
0.059121
0.0
0.009011
0.0
-0.005058
0.0
0.0
0.0
0.0
0.0
0.080513
1.0
0.742784

0.676218
0.469212
0.190799
0.178073
0.57621
1.0
0.728132
0.169597
0.0
0.014872
0.0
-0.092819
0.0
0.0
0.065275
0.0
0.0
0.221172
0.724908
0.259267

0.772526
0.382576
0.038539
-0.107552
0.596356
1.0
0.855018
0.22381
0.0
0.02337
0.0
0.552015
0.0
0.0
0.456484
0.0
0.0
0.274213
0.892528
0.385861

0.47144
0.363297
0.05815
0.287668
0.543238
1.0
0.612234
0.025421
0.0
0.0
0.0
0.06381
0.0
0.0
0.161685
0.0
0.01663
1.0
1.0
0.644615

0.733702
0.468082
0.122644
-0.107552
0.57621
1.0
1.0
0.118608
-0.079718
0.0
0.010183
0.061758
0.0
0.0
0.102198
0.0
0.0
0.378681
0.742784
1.0

0.649161
0.529938
-0.101928
0.209384
0.0
1.0
0.551868
0.071429
-0.012551
0.008425
0.001685
-0.027133
0.0
0.0
0.178681
0.0
0.0
0.290623
0.652527
0.67685

0.759441
0.468082
-0.014094
0.178073
-0.002126
1.0
1.0
0.036557
-0.014364
0.007253
0.0
0.154177
0.0
0.0
0.003443
0.0
0.0
0.251355
1.0
0.576337

0.510518
0.457103
-0.090057
-0.214493
0.598067
1.0
0.492088
0.159927
0.008132
0.010183
0.011648
0.0
0.0
0.0
0.093407
0.0
0.0
0.572234
0.658388
0.67685

0.67666
0.449496
0.183715
-0.28324
0.457447
1.0
0.527546
0.563004
0.0
0.0
0.0
0.035678
0.0
0.0
0.0
0.0
0.0
0.742491
0.368571
0.814286

0.67666
0.34506
-0.101928
0.192795
0.543238
1.0
0.831868
0.081392
-0.035721
0.0
0.010183
0.109288
0.0
0.0
0.152015
0.0
0.0
0.137216
0.658388
0.650476

0.693716
0.32663
0.171168
-0.123098
0.157636
1.0
1.0
0.036557
0.0
0.0
0.018388
0.0
0.0
0.0
0.043297
0.0
0.044762
0.23348
0.518315
0.954359

0.435136
0.579243
-0.015657
0.031232
0.144113
1.0
0.372674
0.550256
-0.025105
0.016044
0.0
0.003443
0.0
0.0
0.376191
0.0
0.047985
0.251355
1.0
0.577656

