x
Left

-0.26295
-0.327787
-0.124076
-0.43985
-0.415769
1.0
1.0
1.0
0.192566
0.368278
0.368278
0.890916
1.0
1.0
0.60652
1.0
1.0
0.285934
1.0
1.0

-0.423501
-0.343856
-0.28785
-0.527221
-0.474604
1.0
1.0
1.0
0.121604
0.657509
0.657509
0.722564
1.0
1.0
0.559927
1.0
1.0
0.348059
1.0
1.0

-0.159583
-0.281295
-0.164993
-0.356188
-0.218686
1.0
1.0
1.0
0.113383
0.4263
0.4263
0.71641
1.0
1.0
0.604762
1.0
1.0
0.287692
1.0
1.0

1.0
-0.135052
-0.029274
0.308585
0.007441
1.0
1.0
1.0
0.47304
0.368278
1.0
1.0
1.0
1.0
1.0
0.999487
1.0
0.222491
1.0
0.997729

-0.921858
-0.12556
-0.031787
0.0
0.449676
1.0
1.0
0.0
0.274213
1.0
0.67304
0.80359
0.88315
0.998608
0.61619
1.0
0.561978
0.869084
0.645788
0.908645

1.0
0.083444
0.0
0.0
0.0
1.0
1.0
1.0
0.313187
1.0
0.870549
1.0
1.0
0.99978
1.0
0.729304
1.0
0.702198
1.0
0.840366

-0.921858
0.0572
-0.034176
0.0
0.175136
1.0
1.0
0.863223
0.24696
1.0
0.948718
1.0
1.0
0.577509
0.495165
1.0
0.586447
0.901319
1.0
0.999194

0.965375
-0.37695
-0.108661
0.0
-0.415769
1.0
1.0
1.0
0.346886
1.0
0.735165
1.0
0.862051
0.838901
0.961099
0.65956
1.0
0.869084
1.0
1.0

-0.159583
-0.320787
0.0
-0.214995
0.165025
1.0
1.0
1.0
0.217656
1.0
0.905421
0.928571
0.927986
0.960806
1.0
0.542784
0.999487
0.47011
1.0
0.997729

-0.229975
-0.187144
-0.232447
0.0
0.083232
1.0
1.0
0.873773
0.274213
1.0
1.0
0.915531
1.0
0.954066
0.604762
1.0
1.0
1.0
0.811648
0.999194

-0.26295
-0.05601
-0.066707
0.0
-0.009784
1.0
1.0
0.347473
0.261026
0.467033
0.635238
1.0
0.928571
1.0
0.407253
0.561978
0.832161
0.348059
1.0
1.0

0.619243
-0.037877
0.0
0.0
0.013872
1.0
1.0
1.0
0.167253
0.464689
0.905421
1.0
0.976044
0.954652
1.0
1.0
0.919487
0.435092
0.977216
0.99978

-0.64865
-0.343856
0.0
-0.328837
0.0
1.0
1.0
0.443297
0.258828
0.798755
0.467033
1.0
0.577509
1.0
1.0
1.0
1.0
0.441832
0.851795
0.999194

0.859824
-0.304885
0.184607
0.0
0.032696
1.0
1.0
1.0
0.293553
0.735165
0.368278
1.0
0.862051
1.0
1.0
0.69326
1.0
0.452381
0.997729
1.0

0.658728
-0.418209
-0.232447
-0.334531
0.0
1.0
1.0
0.157582
0.613846
1.0
1.0
0.738681
1.0
0.978974
0.919048
0.832161
0.832161
0.869084
0.99978
0.840366

0.327193
-0.135052
-0.158565
0.0
0.231424
1.0
1.0
1.0
0.192747
0.535897
1.0
0.871136
0.977216
0.970183
1.0
0.999487
0.581612
0.583077
1.0
1.0

0.997298
-0.988816
0.0
0.011053
0.013872
1.0
1.0
0.0
0.258828
0.467033
0.898095
1.0
0.960806
0.661026
1.0
1.0
0.46674
0.482564
0.598608
1.0

-0.118331
0.0572
0.0
-0.356188
0.083232
1.0
1.0
0.443297
0.24315
0.674945
0.963443
1.0
0.99978
1.0
0.512747
1.0
0.945568
0.348059
0.971062
0.997729

