4
Left

0.509647
0.26203
0.073056
-0.053157
-0.18542
1.0
1.0
0.049158
0.0
0.0
0.0
0.0
0.0
0.0
0.031868
0.0
0.0
0.0
0.0
0.0

0.47734
0.429628
0.098614
-0.140701
-0.232784
1.0
1.0
0.051502
0.0
0.0
0.0
0.0
0.0
0.0
0.005495
0.0
0.0
0.0
0.0
0.0

0.485452
0.423788
0.053404
-0.174199
-0.355156
1.0
1.0
0.025421
0.0
0.0
0.0
0.0
0.0
0.0
0.0
0.0
0.0
0.0
0.0
0.0

0.117031
0.219118
0.070111
0.18382
-0.3092
1.0
1.0
1.0
0.035678
0.0
0.0
0.0
0.0
0.0
0.0
0.0
0.0
0.0
0.0
0.0

0.448978
0.684036
0.054014
-0.022973
-0.45975
1.0
1.0
1.0
-0.04284
0.0
0.0
0.048527
0.0
0.0
0.00315
0.0
0.0
-0.015498
0.0
0.0

0.533582
0.611235
0.038078
-0.396124
-0.603632
1.0
0.799634
0.059707
-0.124906
0.0
0.0
0.0
0.0
0.0
0.0
0.0
0.0
-0.103513
0.0
0.0

0.274362
0.299718
0.054014
0.317328
-0.18542
1.0
1.0
0.020733
0.0
0.0
0.0
0.0
0.0
0.0
0.0
0.0
0.0
0.034799
0.0
0.0

0.218722
0.695364
0.304059
0.259637
-0.362511
1.0
0.958169
0.0
-0.117892
0.0
0.0
0.135018
0.0
0.0
0.0
0.0
0.0
-0.044468
0.0
0.0

0.492758
0.493561
0.021352
-0.372566
-0.299345
1.0
0.820293
0.072015
0.131502
0.0
0.0
-0.073374
0.0
0.0
-0.105648
0.0
0.0
0.004322
0.0
0.0

0.995942
0.094417
0.053404
-0.110381
-0.849977
1.0
1.0
0.314359
-0.03518
0.0
0.0
0.0
0.0
0.0
0.0
0.0
0.0
0.0
0.0
0.0

0.367327
0.394134
-0.014197
-0.003956
0.48832
1.0
1.0
0.0
0.0
0.0
0.0
0.004908
0.0
0.0
0.0
0.0
0.0
-0.039134
0.0
0.0

0.533582
0.600623
0.033309
0.317328
-0.205677
1.0
1.0
0.935971
0.0
0.0
0.0
-0.016634
0.0
0.0
0.00315
0.0
0.0
0.0
0.0
0.0

0.357337
0.477834
0.017666
0.120409
-0.299345
1.0
1.0
0.150549
0.040659
0.0
0.0
-0.054017
0.0
0.0
-0.05272
0.0
0.0
-0.03936
0.0
0.0

0.282324
0.337239
-0.076715
-0.150376
-0.45975
1.0
1.0
0.042125
0.014579
0.0
0.0
0.0
0.0
0.0
-0.057056
0.0
0.0
0.0
0.0
0.0

0.239817
1.068
0.632971
-0.159161
-0.307324
1.0
1.0
0.023956
0.0
0.0
0.0
-0.005888
0.0
0.0
0.0
0.0
0.0
-0.039134
0.0
0.0

0.512749
0.034207
-0.029871
-0.118103
-0.207104
1.0
1.0
0.219414
-0.083555
0.0
0.0
-0.000247
0.0
0.0
-0.053899
0.0
0.0
-0.101333
0.0
0.0

0.29681
0.628264
0.246233
-0.080711
-0.006666
1.0
0.799634
0.146154
0.139414
0.0
0.0
0.0
0.0
0.0
-0.002142
0.0
0.0
0.037729
0.0
0.0

0.325909
0.632532
0.188257
-0.223461
0.005852
1.0
1.0
0.939707
0.054725
0.0
0.0
-0.068132
0.0
0.0
0.0
0.0
0.0
0.0
0.0
0.0

