5
Left

0.30099
0.681064
-0.129389
-0.69075
-1.057317
0.183298
0.088425
0.0
0.004029
0.0
0.0
0.0
0.0
0.0
0.0
0.0
0.0
0.0
0.0
0.0

0.493833
0.713704
0.04672
-0.699824
-1.227225
0.032871
0.060879
0.0
-0.005601
0.0
0.0
-0.007963
0.0
0.0
0.0
0.0
0.0
0.0
0.0
0.0

0.326687
0.197069
-0.118933
-0.732288
-1.181535
0.031194
0.0
0.0
-0.008798
0.0
0.0
-0.007222
0.0
0.0
0.0
0.0
0.0
0.0
0.0
0.0

0.048811
0.385261
0.375733
-0.101745
0.119409
0.243496
0.0
0.0
0.075238
0.004908
0.0
0.010476
0.0
0.0
-0.081008
0.0
0.0
-0.072417
0.0
0.0

0.098509
0.445598
0.168917
-0.478684
-0.548131
0.10906
0.0
-0.155456
0.0
0.0
0.037729
-0.098706
0.0
0.0
-0.204812
0.0
0.0
0.0
0.0
0.0

0.653953
0.76493
0.00514
0.324482
-1.197457
0.128372
-0.017041
0.0
0.0
0.0
0.0
-0.068921
0.0
0.0
0.0
0.0
0.0
-0.072518
0.0
0.0

0.141519
0.405096
-0.098331
-0.360593
-0.548131
0.082297
0.0
0.0
-0.051086
0.0
0.004908
0.0
0.0
0.0
-0.095152
0.0
0.0
-0.04029
0.0
0.0

0.048811
0.337372
-0.129389
0.272804
-0.644663
0.174959
0.055897
0.0
-0.130307
0.0
0.0
-0.023148
0.0
0.0
-0.204812
0.0
0.007546
-0.204543
0.0
0.0

0.262714
0.698351
0.134183
-0.175684
-0.065508
0.242139
0.0
0.0
0.0
0.0
0.0
-0.008115
0.007839
0.0
0.0
0.0
0.0
-0.162297
0.0
0.0

0.186361
0.232228
-0.05802
-0.069233
-0.694206
0.0
-0.226118
0.0
-0.058989
0.0
0.0
0.0
0.0
0.007839
-0.081008
0.004615
0.0
-0.213918
0.0
0.010769

0.604531
1.078685
-0.018077
-0.390685
-0.991979
0.061564
0.009597
0.0
-0.056448
0.0
0.0
0.0
0.0
0.0
0.0
0.0
0.0
0.0
0.0
0.0

0.381907
0.337372
0.192897
-0.732288
-0.338737
0.023342
0.0
0.0
-0.021189
0.0
0.0
-0.000247
0.0
0.0
-0.081321
0.0
0.0
0.0
0.010769
0.0

0.261419
0.77544
-0.072781
-0.156282
-0.065508
0.0
0.042125
0.0
-0.023483
0.0
0.007253
0.0
0.0
0.0
-0.054727
0.0
0.0
-0.093074
0.0
0.0

0.1775
0.850905
0.046741
-0.237192
-0.746672
0.094726
0.0
0.0
-0.055772
0.0
0.0
0.0
0.0
0.0
0.0
0.0
0.0
0.0
0.015458
0.0

0.267422
0.337372
-0.022975
-0.225597
-0.548131
0.0
0.0
0.0
-0.051545
0.0
0.0
-0.099544
0.007839
0.0
-0.116322
0.006081
0.0
-0.088488
0.0
0.0

0.306056
0.475357
-0.022206
-0.315376
-0.432199
0.183298
0.060879
0.0
0.0
0.0
0.0
-0.023148
0.0
0.0
0.0
0.0
0.0
-0.072518
0.0
0.0

0.267422
0.372027
-0.054957
-0.732288
-0.991979
0.0
0.0
0.0
-0.021342
0.0
0.005788
0.0
0.0
0.0
0.0
0.023956
0.0
-0.162297
0.0
0.0

0.262714
0.310623
0.010374
-0.089161
-0.548131
0.0
0.0
-0.011716
-0.023483
0.0
0.0
0.0
0.0
0.0
-0.073109
0.0
0.0
0.040952
0.0
0.0

