8
Left

0.84016
-0.250633
0.098113
0.401689
-0.764811
1.0
0.746007
0.200513
0.0
0.017802
0.017802
0.524469
0.850623
0.850623
0.181465
0.005788
0.005788
-0.046086
0.0
0.0

0.76739
-0.148503
0.19325
0.316634
-0.643693
1.0
0.670403
0.083443
0.0
0.001978
0.001978
0.322564
0.712747
0.712747
0.077875
0.0
0.0
0.0
0.0
0.0

0.712226
-0.211927
0.242503
0.251351
-0.748377
1.0
0.768571
0.072308
0.0
0.0
0.0
0.298388
0.796557
0.796557
0.055018
0.0
0.0
0.0
0.0
0.0

0.88583
0.181104
-0.128693
0.163921
-0.113575
1.0
0.713187
0.044762
0.0
0.0
0.004908
0.704103
0.590696
0.690623
0.597875
0.014872
0.0
0.093993
0.0
0.0

0.644017
-0.001978
0.326037
0.657313
-0.182742
1.0
0.0
0.083443
0.041832
0.0
0.0
0.295018
0.853114
1.0
0.055018
0.007253
0.0
-0.098539
0.0
0.001099

0.883586
0.087617
0.297129
-0.333144
-1.262659
1.0
1.0
0.077875
0.132179
0.012234
0.015165
0.641978
0.257802
0.928278
0.494872
0.0
0.007253
-0.084299
0.0
0.0

0.177638
0.274386
0.193302
0.280855
-0.113016
1.0
1.0
0.0
-0.058638
0.017802
0.0
0.254432
0.750696
1.0
0.181465
0.014872
0.0
0.0
0.0
0.0

0.752696
1.322265
0.436788
0.618156
-0.113575
0.946089
0.746007
0.218828
0.0
0.065568
0.0
0.457363
0.729304
0.758022
0.5737
0.0
0.0
0.004029
0.0
0.0

0.820594
0.018452
0.009163
-0.021446
-0.312275
1.0
0.633626
0.0
0.0
0.0
0.0
0.210623
0.853114
0.410769
0.361832
0.0
0.0
-0.098539
0.0
0.0

0.668495
0.272327
0.136893
0.282547
-0.237138
1.0
0.340879
0.59641
0.0
0.0
0.0
0.074652
0.248132
0.21033
0.045641
0.0
0.018388
-0.067551
0.014286
0.0

0.803536
0.257409
0.098113
0.065056
-0.129313
1.0
0.746007
0.0
0.312601
0.0
0.017802
1.0
1.0
0.928278
0.264249
0.0
0.0
-0.027317
0.0
0.0

0.597511
-0.211927
-0.217643
0.618156
-0.816025
1.0
0.296337
0.305275
0.006374
0.0
0.0
0.469524
0.985421
0.780879
0.329011
0.0
0.004615
-0.020875
0.0
0.0

0.783708
0.237067
-0.055092
0.535185
-0.127163
1.0
0.084322
0.0
0.177404
0.0
0.001685
0.317729
0.665421
0.957289
0.253114
0.0
0.0
0.0
0.0
0.014286

0.58017
0.216109
0.45555
0.007492
-0.302281
1.0
0.566667
0.047692
0.068035
0.048571
0.0
0.502784
0.586886
1.0
0.0
0.05326
0.0
0.0
0.01663
0.0

0.73141
-0.291488
0.124016
0.010769
-0.603753
1.0
0.0
0.06674
0.0
0.0
0.0
0.675971
0.254872
0.758022
0.128041
0.0
0.0
-0.073329
0.0
0.0

0.005815
-0.017541
0.115238
0.234517
-0.816025
1.0
0.178681
0.072308
0.028059
0.0
0.0
0.134432
1.0
0.954359
0.415751
0.018388
0.029524
0.0
0.0
0.0

0.579698
0.02766
0.19325
-0.040469
-0.237928
0.933469
0.844469
0.609744
0.012234
0.012234
0.065568
0.401099
0.809597
0.605934
0.212674
0.007253
0.0
0.043004
0.0
0.0

0.883586
-0.041291
-0.02834
0.376677
-0.374602
1.0
0.783223
0.0
0.041245
0.015165
0.0
0.284762
1.0
0.998315
0.264249
0.004908
0.0
0.0
0.0
0.0

