bent_1
Left

0.731682
0.206081
-0.160207
-0.069872
0.0
1.0
1.0
0.137656
0.013407
1.0
1.0
0.801099
1.0
1.0
0.839634
1.0
1.0
1.0
1.0
1.0

0.806154
-0.334063
-0.119591
-0.094053
-0.005144
1.0
1.0
0.279194
0.141162
1.0
1.0
0.932234
1.0
1.0
0.918315
1.0
1.0
0.987289
0.909524
0.909524

0.623358
0.084224
-0.138247
-0.193973
0.0
1.0
0.94967
0.080513
0.060405
1.0
1.0
0.923004
1.0
1.0
0.787912
1.0
1.0
1.0
1.0
1.0

0.952725
0.206081
-0.150116
0.0
0.095144
1.0
0.74044
1.0
0.08677
1.0
1.0
0.759487
1.0
0.998608
1.0
1.0
0.999194
0.998022
1.0
1.0

0.108681
0.084224
-0.138247
0.0
0.0
1.0
1.0
1.0
0.282711
0.99978
0.794652
1.0
1.0
0.998315
1.0
1.0
0.999487
0.979487
0.999487
1.0

0.899732
0.311202
-0.041509
0.0
0.094417
1.0
1.0
0.122418
0.150549
0.721685
1.0
0.621758
1.0
0.998608
1.0
1.0
1.0
0.941758
0.999194
1.0

0.889434
0.282929
0.0
0.0
0.0
0.917288
1.0
0.762711
0.181905
1.0
0.41663
1.0
0.998608
0.998608
1.0
0.999194
1.0
0.819267
0.787033
0.99978

0.675647
0.260976
-0.109643
0.0
0.0
1.0
1.0
0.671575
0.202047
0.815751
1.0
0.939121
0.998608
0.671429
1.0
1.0
1.0
0.9937
1.0
1.0

0.715544
-0.255738
0.0
0.0
0.039529
1.0
1.0
0.82337
0.0
1.0
1.0
1.0
0.671429
1.0
1.0
1.0
1.0
1.0
1.0
1.0

0.922758
0.165442
0.123675
0.0
0.048773
1.0
0.74044
0.94381
0.090183
0.932674
1.0
0.824542
1.0
0.998315
1.0
1.0
1.0
1.0
1.0
1.0

0.702305
0.572166
0.0
0.061086
0.0
1.0
0.772674
0.080513
0.162116
1.0
0.254286
1.0
1.0
0.998022
0.875092
1.0
1.0
0.877289
1.0
0.638462

0.711064
-0.016975
0.0
0.0
0.769012
1.0
0.070256
1.0
0.004674
0.424835
0.721685
1.0
1.0
1.0
1.0
0.999194
1.0
0.952601
1.0
1.0

0.722752
0.206081
0.263277
0.0
0.039529
1.0
1.0
0.94381
0.011953
1.0
1.0
0.824542
1.0
0.998022
0.896483
0.999194
1.0
0.934725
1.0
1.0

0.573601
-0.080354
-0.053324
-0.069872
-0.206649
1.0
1.0
0.82337
0.0
1.0
0.99978
0.901612
1.0
1.0
1.0
1.0
0.999194
0.278608
1.0
1.0

0.807759
0.067143
0.0
0.06933
-0.120093
1.0
1.0
0.06
0.060405
1.0
1.0
1.0
1.0
1.0
1.0
1.0
1.0
0.997143
0.998901
1.0

0.758623
0.069592
0.0
0.0
0.0
1.0
0.705275
0.502784
0.164029
0.653407
1.0
0.966081
1.0
1.0
0.867326
1.0
1.0
1.0
1.0
0.999194

0.926285
0.221859
-0.088361
0.0
0.095144
1.0
1.0
0.72315
0.181905
1.0
0.973113
1.0
1.0
0.998608
1.0
1.0
0.999194
0.595385
1.0
1.0

0.806154
-0.219076
0.0
0.089958
0.0
1.0
1.0
0.0
0.090183
0.462637
1.0
0.695165
1.0
0.671429
1.0
1.0
1.0
1.0
1.0
1.0

