bent_l
Left

-0.017776
-0.251855
-0.041149
-0.2123
-0.008448
0.0
-0.078275
-0.053814
0.059414
0.730183
0.730183
0.974066
1.0
1.0
0.668938
0.947326
0.947326
0.960879
0.850476
0.850476

-0.049445
-0.094085
-0.663405
-0.184838
0.0
0.0
-0.019823
-0.013628
0.0
1.0
1.0
0.64696
1.0
1.0
0.823077
0.72315
0.72315
1.0
0.690916
0.690916

0.231259
-0.162574
-0.616915
-0.267971
0.0
0.040383
0.0
0.0
0.0
1.0
1.0
0.672894
1.0
1.0
0.652381
0.825714
0.825714
1.0
0.801832
0.801832

0.517998
0.041058
-0.13585
0.0
0.0
0.0
0.0
-0.092361
0.75348
0.486374
1.0
1.0
1.0
0.998315
1.0
1.0
0.942344
0.867033
1.0
1.0

0.837614
0.309019
0.010434
0.15277
0.005152
0.0
-0.189506
-0.022655
0.208571
0.05033
0.565202
0.64696
1.0
0.810183
1.0
1.0
1.0
1.0
0.998901
1.0

0.051982
-0.251855
0.0
-0.085633
0.0
0.0
0.0
0.151548
0.14
0.649744
1.0
1.0
1.0
1.0
0.715238
0.999194
1.0
0.997216
1.0
0.99978

0.079129
0.099228
0.0
0.0
0.0
0.0
0.118022
0.0
0.466447
1.0
1.0
1.0
1.0
1.0
0.652381
1.0
1.0
1.0
1.0
1.0

0.690174
0.105197
-0.663405
-0.011333
0.0
0.0
-0.019823
-0.036029
0.261612
0.131209
0.131209
0.443004
1.0
0.99978
1.0
1.0
1.0
0.575165
1.0
0.690916

0.502515
0.183358
-0.13585
0.0
0.002027
0.0
-0.16471
0.0
0.243675
1.0
0.649744
1.0
0.998608
1.0
1.0
0.999194
1.0
0.955971
1.0
1.0

0.26616
-0.06913
-0.496294
0.0
0.01804
0.0
-0.053026
-0.186171
0.058828
0.05033
0.69707
0.895165
1.0
0.99978
0.86
1.0
1.0
1.0
0.690916
1.0

0.719269
-0.043606
0.0
0.0
0.260814
0.0
-0.343753
-0.1875
0.154066
1.0
1.0
1.0
1.0
1.0
0.87348
1.0
0.999487
0.908059
0.999487
1.0

0.784666
0.265038
0.0
-0.013274
0.0
0.12198
0.014002
-0.11827
0.475824
1.0
1.0
0.765934
1.0
1.0
1.0
0.999487
1.0
0.997143
1.0
1.0

0.769313
-0.28563
-0.000229
0.0
0.0
0.138063
0.0
-0.036456
0.0
1.0
0.955238
0.64696
1.0
1.0
1.0
1.0
1.0
1.0
1.0
1.0

1.0
0.050017
0.04562
0.0
0.348765
0.304013
-0.025519
-0.036029
0.140293
0.534139
1.0
1.0
1.0
1.0
0.81663
1.0
1.0
0.955971
1.0
0.986593

0.324759
0.362986
-0.041149
0.0
-0.182069
0.0
-0.071534
0.0
0.527399
0.565202
0.082857
1.0
1.0
0.999194
1.0
0.999487
0.825714
1.0
1.0
1.0

0.75533
-0.162574
0.0
0.0
0.0
0.0
-0.032952
-0.036456
0.182198
0.168571
0.955238
1.0
1.0
1.0
1.0
1.0
0.947326
1.0
1.0
1.0

0.002015
0.3503
0.0
0.0
0.387112
0.399733
-0.363636
-0.11827
0.307619
1.0
1.0
0.934139
0.998901
1.0
0.67641
1.0
1.0
0.498681
1.0
1.0

0.779895
0.388945
0.0
0.0
0.0
0.0
-0.056909
-0.130285
0.405055
0.438608
1.0
1.0
1.0
1.0
1.0
1.0
0.987839
0.955971
1.0
1.0

