c
Left

0.897292
-0.114992
-0.467827
-0.50459
-0.147923
0.558561
0.408718
0.062637
0.176044
0.986887
0.986887
0.222344
0.520952
0.520952
0.098095
0.228498
0.228498
0.092527
0.038608
0.038608

0.809758
-0.171791
-0.467071
-0.571185
-0.292021
0.82338
0.508352
0.11685
0.03011
1.0
1.0
0.198608
0.566813
0.566813
0.059121
0.371062
0.371062
0.133993
0.067912
0.067912

0.796104
-0.16132
-0.583534
-0.624873
-0.465621
0.848196
0.809744
0.229963
0.0
1.0
1.0
0.052674
0.90381
0.90381
0.025128
0.84359
0.84359
0.064982
0.268352
0.268352

0.897292
-0.739654
-0.84346
0.204796
-0.031115
0.807195
1.0
0.229963
0.40022
0.627912
0.487546
0.198608
0.594213
0.690037
0.178974
0.499267
0.425421
0.075824
0.067912
0.314066

0.769784
0.04737
-1.534598
0.233313
-0.29744
0.921133
0.136923
0.002271
0.226936
0.328865
0.962271
-0.01886
0.327985
0.537802
0.0
0.041538
0.391722
0.032658
0.027179
0.026886

0.897886
-0.208135
-0.680017
-0.448354
-0.399333
0.980959
0.356117
0.030403
0.042418
0.029231
1.0
0.321392
0.492821
0.426886
0.226447
0.012821
0.947692
0.069377
0.026886
0.035092

0.821172
0.04737
-0.467071
-0.531116
-0.755313
0.30396
0.074652
0.0
0.176044
0.168864
0.981026
0.0
0.56022
0.342491
0.038901
0.532967
0.518901
0.031282
0.008425
0.057656

0.925669
-0.164979
0.47061
0.192994
-0.233634
0.850436
0.136923
0.367106
0.049744
0.962271
0.930037
0.0
0.407253
0.38381
0.049158
0.0
0.603297
0.018681
0.375311
0.001978

0.897292
-0.252581
0.347916
-0.319065
0.735381
0.730558
0.105421
0.612674
0.038901
0.536923
0.105421
0.284762
0.177802
0.520952
-0.050813
0.693553
0.550403
0.162125
0.541172
0.188645

0.871187
-0.697127
-0.184537
-0.461499
-0.220343
0.914211
0.355971
0.126813
-0.102755
0.962271
0.407546
0.125495
0.537802
0.649597
0.025128
0.692967
0.425421
0.071429
0.0
0.51978

0.564963
-0.358088
-0.595894
-0.535564
0.719428
1.0
0.0
0.125934
0.034799
0.445348
0.401685
0.019267
0.200659
0.177802
0.225291
0.550403
0.121832
0.216191
0.268352
0.066447

0.839965
-0.282755
0.145942
-0.448008
-0.031115
0.559078
0.809744
0.0
0.049744
1.0
0.409597
0.0
0.018095
0.261319
0.0
0.550256
0.391722
0.166081
0.026886
0.038608

0.767247
-0.410645
0.080875
0.184237
-0.233634
1.0
1.0
0.103663
0.06293
0.485495
0.029231
0.031575
0.396117
0.649597
0.0
0.041538
0.113626
0.067326
0.121245
0.013114

0.981777
-0.327999
-0.409919
-0.50459
-0.134909
0.92018
0.322564
0.552308
0.169646
0.351868
0.906447
0.151282
0.73707
0.427473
0.028938
0.426447
0.692967
0.067912
0.0
0.283297

0.809758
-0.147363
-0.54765
-0.107728
-0.53914
0.827022
0.125934
0.0
0.17116
0.25956
0.25956
0.326081
0.124469
0.41663
0.226447
0.41707
0.256923
0.096337
0.283297
0.075531

0.737778
0.105453
0.04186
-0.026199
-0.414709
0.938923
0.0
0.284322
0.028059
0.765348
0.405495
0.14381
0.321978
0.396117
0.0
0.329597
0.693553
0.067326
0.0263
0.536337

0.755943
-0.188236
-0.467827
-0.570846
0.735381
0.738851
0.748352
0.0
0.047106
0.436264
0.99978
0.031575
0.426886
0.407253
0.059121
1.0
0.518901
0.0
0.774432
0.365055

0.897886
0.075322
-0.951457
-0.164134
0.018093
0.864737
0.296484
0.0
0.07641
0.536923
1.0
0.028645
0.73707
0.411209
0.048278
0.470256
0.603297
0.078755
0.997729
0.375311

