closed_b
Left

0.507138
0.031043
0.084066
0.313817
0.343002
1.0
1.0
0.018681
0.0
0.0
0.0
0.0
0.0
0.0
0.017509
0.0
0.0
0.017802
0.0
0.0

0.486858
0.042452
0.084548
0.202975
0.197504
1.0
1.0
0.005495
0.0
0.0
0.0
0.0
0.0
0.0
0.0
0.0
0.0
0.0
0.0
0.0

0.54101
-0.07635
0.067487
0.265811
0.171568
1.0
0.863517
0.002564
0.0
0.0
0.0
0.0
0.0
0.0
0.0
0.0
0.0
0.0
0.0
0.0

0.524489
-0.001978
0.030631
0.106289
0.269572
1.0
1.0
0.0
0.018974
0.0
0.0
0.0
0.0
0.0
0.0
0.0
0.0
0.0
0.0
0.0

0.455193
-0.159081
0.087483
0.227525
0.201399
1.0
1.0
0.0
0.0
0.0
0.0
0.0
0.0
0.0
0.0
0.0
0.0
0.008425
0.0
0.0

0.204387
0.09514
0.040434
0.160213
0.620138
1.0
1.0
0.064982
0.0
0.0
0.0
0.0
0.0
0.0
0.010769
0.0
0.0
0.015751
0.0
0.0

0.289458
0.066058
0.10215
0.305072
0.176794
1.0
1.0
0.0
0.0
0.0
0.0
0.0
0.0
0.0
0.002857
0.0
0.0
0.0
0.0
0.0

0.500307
-0.188472
0.025907
0.039492
0.201399
1.0
1.0
0.003736
0.0
0.0
0.0
0.0
0.0
0.0
0.0
0.0
0.0
0.000513
0.0
0.0

0.440777
-0.128321
-0.00785
0.156012
0.217246
1.0
1.0
0.257216
0.089597
0.0
0.0
0.0
0.0
0.0
0.0
0.0
0.0
0.032454
0.0137
0.009304

0.319707
0.037813
0.279226
0.060926
0.620138
1.0
0.80022
1.0
-0.094372
0.0
0.0
0.0
0.0
0.0
0.231944
0.0
0.0
0.015751
0.0
0.0

0.54101
-0.102515
-0.049888
0.315894
0.242038
1.0
1.0
0.0
0.027766
0.0
0.0
0.0
0.0
0.0
0.0
0.0
0.0
0.053846
0.0
0.0

0.6259
-0.075752
0.16556
0.147474
0.240193
1.0
1.0
0.041538
0.0
0.0
0.0
0.0
0.0
0.0
0.010769
0.0
0.0
0.0
0.0
0.0

0.049554
0.115998
-0.002347
0.121138
0.158871
1.0
1.0
0.0
0.0
0.0
0.0
0.015165
0.0
0.0
0.028352
0.0
0.0
0.015458
0.0
0.0

0.455193
-0.087119
0.276618
0.060926
0.197504
1.0
1.0
0.012234
0.0
0.0
0.0
0.0
0.0
0.0
0.032454
0.0
0.0
0.016337
0.0
0.0

0.260656
-0.275765
-0.049888
0.147474
0.47262
1.0
1.0
0.161685
0.0
0.007839
0.0
0.017216
0.0
0.0
0.0
0.0
0.0
0.026007
0.0
0.0

0.169718
-0.04186
0.030758
0.139123
0.222389
1.0
1.0
0.041538
0.0
0.0
0.0
0.0
0.0
0.0
0.034212
0.0
0.0
0.0
0.0
0.0137

0.676305
-0.218076
0.279226
-0.055989
0.465973
1.0
1.0
0.009011
0.001099
0.0
0.0
0.003443
0.0
0.0
0.0
0.0
0.0
0.000513
0.0
0.0

1.0
-0.275765
0.030631
-0.071779
0.258979
1.0
1.0
0.014286
0.056017
0.0
0.0
0.015165
0.0
0.0
0.0
0.0
0.0
0.0
0.0
0.0

