curved_v
Left

0.735448
0.225778
-0.347813
-0.026332
0.05619
1.0
1.0
0.129597
0.003443
0.925787
0.925787
0.0
0.40652
0.40652
0.843883
1.0
1.0
0.907179
1.0
1.0

0.612046
0.146747
-0.43584
-0.13236
-0.045054
1.0
1.0
0.16359
0.030696
1.0
1.0
0.001685
0.464982
0.464982
0.763883
1.0
1.0
0.735751
0.794652
0.794652

0.624111
-0.109303
-0.406043
-0.177182
-0.005587
1.0
1.0
0.165788
0.051502
1.0
1.0
0.0
0.486081
0.486081
0.701905
1.0
1.0
0.915971
0.907619
0.907619

-0.364947
0.295484
-0.047837
0.0
0.267371
1.0
0.805788
0.543224
0.090476
0.834212
0.405202
0.096923
0.624689
0.464982
1.0
1.0
1.0
0.628352
1.0
1.0

0.476609
0.39792
-0.35222
0.068112
0.188919
1.0
0.507766
0.3463
0.048864
0.397582
0.71641
0.01956
0.133114
0.518022
0.433333
1.0
1.0
0.289304
1.0
1.0

1.0
-0.198336
-0.043693
0.0
0.042763
1.0
0.33033
0.822491
0.03685
0.153773
0.461172
0.0
0.085788
0.081978
1.0
0.999487
1.0
0.915971
1.0
1.0

0.62624
0.317016
-0.133134
0.0
0.313978
1.0
0.207399
0.258681
0.033626
0.397582
0.048278
0.161099
0.285348
0.154066
1.0
1.0
1.0
0.261758
0.587179
1.0

0.553866
0.135662
0.483787
0.0
0.188919
1.0
0.945568
0.253114
0.03685
0.153773
0.582931
0.200666
0.309084
0.289744
0.826007
1.0
1.0
0.620147
0.999194
1.0

-0.364947
-0.109303
-0.289921
0.0
0.039399
1.0
0.493993
0.422198
0.053846
1.0
0.065275
0.0
0.304396
0.246227
0.770037
1.0
1.0
1.0
1.0
1.0

-0.364947
0.089151
-0.303804
0.0
0.150843
1.0
0.627326
0.603883
0.082564
0.405202
0.370623
0.161099
0.253993
0.270696
0.815311
0.999487
0.999487
0.421319
0.907619
1.0

0.619986
0.462329
-0.09466
-0.13236
0.221155
1.0
1.0
0.552601
0.0
0.065275
0.438315
0.043297
0.180147
0.066447
1.0
1.0
0.999194
0.894139
0.99978
1.0

0.537486
0.255505
-0.317967
0.001083
0.456632
1.0
0.404615
0.34
0.0
0.151429
0.291355
0.0
0.339561
0.339561
0.650476
1.0
1.0
0.621026
1.0
0.999194

0.801166
0.057941
-0.373702
0.0
-0.148693
1.0
1.0
0.3463
0.302637
0.148498
0.438315
0.085466
0.464982
0.178828
0.232894
0.390256
1.0
0.708205
1.0
1.0

0.844196
0.378242
-0.048603
0.0
0.042763
1.0
0.805788
0.045055
0.041538
0.007546
0.173114
0.010769
0.289744
0.309084
0.843883
1.0
0.999487
0.870843
1.0
1.0

0.752298
0.362099
-0.347813
0.0
0.353204
1.0
0.989451
0.241978
0.218095
0.92315
0.69956
0.025128
0.192308
0.067326
1.0
1.0
1.0
0.576777
0.999487
0.999487

0.476609
0.440685
-0.096822
0.0
0.150843
1.0
1.0
0.352161
0.302637
1.0
0.263809
0.0
0.108645
0.55304
0.433333
1.0
1.0
1.0
1.0
0.997729

1.0
0.132438
-0.285606
0.0
0.627858
1.0
0.33663
0.058535
0.026007
0.007546
0.155238
0.085466
0.17956
0.061172
1.0
1.0
1.0
0.263077
1.0
1.0

0.30312
-0.198336
0.043364
0.008776
-0.005587
1.0
1.0
0.543224
0.064103
0.925787
0.0
0.117143
0.339561
0.079634
1.0
1.0
1.0
0.560806
1.0
1.0

