curved_l
Left

-0.186254
-0.065473
0.0
0.008186
0.0
0.0
-0.194933
-0.134016
0.140293
0.504249
0.504249
1.0
1.0
1.0
0.653846
0.906154
0.906154
1.0
0.852674
0.852674

0.303429
0.081058
0.0
-0.006515
0.0
0.0
-0.1294
-0.088963
0.195385
0.330476
0.330476
1.0
1.0
1.0
0.616777
0.956703
0.956703
1.0
0.824835
0.824835

0.417466
0.009066
0.0
0.046296
0.0
0.0
-0.151628
-0.104244
0.198022
0.502784
0.502784
1.0
1.0
1.0
0.651502
0.892528
0.892528
1.0
0.804176
0.804176

1.0
0.3814
0.0
0.0
0.17471
0.014034
0.0
0.0
0.104835
0.282711
0.502784
0.774579
1.0
0.999194
0.616777
1.0
1.0
0.649304
1.0
0.998901

-0.090431
0.237631
0.0
0.0
0.0
0.0
-0.15251
0.0
0.316117
0.259854
0.054725
0.717729
1.0
1.0
0.941905
1.0
1.0
1.0
1.0
1.0

0.614999
-0.229098
0.0
0.0
-0.253969
0.0
-0.282702
-0.134016
0.355971
0.830989
0.805788
1.0
0.998608
1.0
1.0
1.0
1.0
0.570476
0.824835
1.0

0.324766
0.115611
0.0
0.049603
0.0
0.0
-0.282702
-0.1875
1.0
0.016923
0.800659
1.0
0.998608
0.998608
1.0
0.984982
1.0
0.61619
1.0
1.0

0.566835
-0.013231
-0.1509
0.0
0.0
0.0
-0.215358
-0.177014
0.064103
0.058535
1.0
1.0
1.0
0.984542
1.0
1.0
1.0
1.0
0.826593
1.0

1.0
0.0
0.0
0.0
-0.004946
0.0
-0.222054
0.0
0.0
0.197436
0.054432
1.0
0.998315
0.998608
1.0
1.0
1.0
1.0
0.999487
1.0

-0.082054
0.13497
0.0
0.0
0.0
0.0
-0.043442
0.0
0.218535
0.147619
0.2137
1.0
1.0
1.0
1.0
1.0
1.0
1.0
1.0
0.999487

0.053142
-0.240411
0.0
0.035422
0.0
0.451206
-0.053804
0.0
0.0
0.296337
0.399048
1.0
1.0
1.0
0.988059
1.0
1.0
1.0
0.999194
1.0

0.824882
0.228883
-0.183034
0.0
0.0
0.0
-0.363636
-0.176075
0.361832
0.805788
0.337509
1.0
1.0
0.99978
1.0
1.0
1.0
1.0
1.0
1.0

0.29563
0.3036
-0.00673
0.0
-0.01003
0.0
-0.228001
-0.084842
0.132967
0.837143
1.0
1.0
0.999194
1.0
1.0
1.0
1.0
0.213429
1.0
1.0

0.67219
0.022419
0.05652
0.0
0.0
0.0
0.124176
-0.029867
0.505421
0.830989
0.315971
1.0
1.0
1.0
0.685348
1.0
1.0
1.0
0.998901
1.0

0.053142
-0.020028
-0.05323
0.0
0.0
0.0
0.0
0.0
0.496923
0.296337
0.261026
1.0
0.868645
1.0
1.0
1.0
1.0
0.997143
0.999194
0.826593

1.0
0.199897
0.0
0.0
0.000699
0.0
-0.207135
0.0
0.069377
0.058535
0.143223
1.0
0.960293
0.99978
1.0
0.602711
1.0
1.0
1.0
1.0

1.0
0.081058
0.0
0.0
0.316581
0.0
0.124176
-0.1875
0.717875
0.98337
0.016923
1.0
1.0
1.0
1.0
1.0
1.0
1.0
1.0
1.0

1.0
0.041931
-0.183034
0.046296
0.0
0.0
-0.282016
0.0
0.128467
0.99978
0.235971
0.929157
1.0
1.0
1.0
1.0
1.0
1.0
1.0
0.707326

