curved_1
Left

0.77985
-0.074229
-0.167152
0.000585
0.027245
1.0
1.0
0.149963
0.011648
1.0
1.0
0.785861
1.0
1.0
0.951429
1.0
1.0
0.964322
1.0
1.0

0.702139
0.160468
-0.057268
-0.150048
0.065271
1.0
1.0
0.174432
0.047692
1.0
1.0
0.944103
1.0
1.0
0.77033
1.0
1.0
0.701758
1.0
1.0

0.761719
-0.290209
-0.122903
0.027006
0.0482
1.0
1.0
0.188352
0.115092
1.0
1.0
0.799927
1.0
1.0
0.814432
1.0
1.0
0.955531
1.0
1.0

0.788587
0.160468
0.0
0.046951
0.055399
1.0
1.0
0.246667
0.055018
0.727253
0.295018
1.0
0.998608
1.0
1.0
1.0
1.0
0.367546
0.999194
1.0

0.665667
-0.290209
0.0
0.008814
0.167381
1.0
1.0
0.260733
0.176205
0.401392
1.0
0.944103
1.0
1.0
1.0
1.0
1.0
0.961538
1.0
1.0

0.575378
0.159994
0.0
0.0
-0.140892
1.0
1.0
1.0
0.162857
1.0
0.805495
1.0
0.998315
1.0
1.0
1.0
0.999487
0.876703
1.0
0.999194

0.635112
0.079999
0.121538
0.0
-0.048535
1.0
1.0
0.405495
0.000427
0.348791
0.474359
1.0
1.0
1.0
1.0
1.0
1.0
0.96315
1.0
1.0

-0.14635
0.536246
0.0
0.0
0.131811
1.0
0.445934
0.671429
0.314652
0.727253
1.0
0.843004
0.998022
1.0
1.0
1.0
1.0
0.536191
1.0
1.0

-0.073273
-0.038101
0.044164
0.0
0.0
1.0
1.0
0.405788
-0.013413
0.098388
0.72989
1.0
1.0
0.999194
1.0
1.0
0.523883
0.413407
0.99978
0.999194

0.774329
0.049357
0.040577
0.0
0.632141
1.0
1.0
0.12315
-0.013413
0.326081
0.874066
1.0
1.0
1.0
0.89956
1.0
0.999487
0.656044
0.85326
0.999487

0.555492
-0.109933
0.0
0.0
0.0
1.0
1.0
0.171648
0.225487
0.650769
0.486081
1.0
0.998315
1.0
1.0
1.0
0.999487
0.422637
1.0
0.997729

1.0
0.223678
0.0
0.0
0.065271
0.905869
1.0
0.235678
0.109499
0.720806
1.0
1.0
1.0
0.998608
0.951429
1.0
1.0
0.837289
0.997729
1.0

0.772572
0.251228
-0.122903
-0.032394
0.422505
1.0
1.0
0.634652
0.177509
0.474359
1.0
0.767399
1.0
1.0
1.0
1.0
0.851795
0.951136
1.0
1.0

0.798491
-0.138806
0.0
0.0
0.102236
1.0
1.0
0.0
0.009304
0.780586
0.234945
1.0
1.0
0.99978
0.773846
1.0
1.0
0.55641
1.0
0.85326

0.384125
0.116104
-0.021321
0.0
0.027245
1.0
1.0
0.177802
0.344982
0.831282
0.727253
1.0
1.0
1.0
1.0
1.0
1.0
1.0
1.0
0.99978

0.69318
0.165758
0.0
0.407057
0.428843
1.0
0.404176
1.0
-0.013413
0.248278
1.0
1.0
1.0
1.0
1.0
1.0
0.999487
0.912015
0.580586
1.0

0.197037
-0.074229
-0.150183
0.027006
0.045619
1.0
1.0
0.317875
0.071429
1.0
1.0
0.796703
1.0
0.998608
1.0
0.999487
1.0
0.964322
1.0
1.0

0.788587
0.068511
-0.145413
0.0
0.080852
1.0
0.843297
1.0
0.536191
0.142051
0.264542
1.0
1.0
1.0
0.638755
1.0
1.0
0.962711
1.0
0.998901

