d
Left

0.944469
0.071397
0.085982
0.252071
0.034695
1.0
0.369451
0.028645
0.0
0.0
0.0
0.422198
0.546447
0.546447
0.418681
0.838169
0.838169
0.395824
0.892821
0.892821

0.956226
-0.070138
0.024463
0.140897
0.028485
0.89246
0.250476
0.084029
0.0
0.0
0.0
0.442125
0.387326
0.387326
0.258388
0.410623
0.410623
0.214139
0.156996
0.156996

0.917862
-0.088107
0.025233
0.13447
-0.031717
1.0
0.42337
0.011648
0.0
0.0
0.0
0.462051
0.554945
0.554945
0.264542
0.727839
0.727839
0.200366
0.353333
0.353333

0.749951
0.269299
-0.31691
0.018371
0.299327
0.970057
1.0
0.724322
0.020833
0.0
0.0
0.612674
0.464982
1.0
0.189524
0.895165
1.0
0.440366
0.925641
0.941758

0.909732
0.384659
0.0
0.327517
-0.00137
0.982923
0.491062
0.015751
0.011648
0.0
0.0
0.547619
0.304103
0.43348
0.240659
0.565495
0.443297
0.142491
0.691941
0.998901

0.959796
-0.358093
-0.301099
0.087824
-0.124315
1.0
0.035385
0.055018
0.0
0.0
0.0
0.622344
0.780879
0.673333
0.149377
0.275824
0.068498
0.305861
0.585275
1.0

0.839899
0.016873
0.02973
0.526376
0.538064
1.0
0.517289
0.303517
-0.011493
0.0
0.0
0.583077
0.834799
0.362418
0.183663
0.895458
0.838169
0.142051
0.813407
0.870403

0.837554
-0.150971
-0.472208
0.683637
0.204348
1.0
0.232601
0.342491
-0.221082
0.0
0.0
0.417656
0.80315
0.546154
0.570623
0.695165
0.895458
0.166667
0.602564
0.910843

0.427217
0.331924
-0.199578
0.327517
-0.311202
1.0
0.043004
0.006081
-0.083022
0.0
0.0
0.38381
0.404615
0.554945
0.562271
0.640073
0.275824
0.150403
0.456484
0.574286

0.835317
0.016873
-0.437991
-0.173689
0.074672
1.0
0.369451
0.015751
0.061465
0.0
0.0
0.515971
0.342491
0.741026
0.152509
1.0
0.895165
0.222637
1.0
1.0

0.954309
-0.144331
-0.412944
0.386337
0.293663
1.0
0.897363
0.724322
-0.018518
0.0
0.0
0.458388
0.514506
0.554945
0.326667
0.472454
1.0
0.126813
0.870403
0.933553

0.101235
0.218514
-0.142711
-0.28457
-0.170352
1.0
0.198315
0.055018
-0.130626
0.0
0.0
0.298828
0.621465
0.438315
0.557876
0.997143
0.422491
0.098974
1.0
0.574286

0.941761
0.217656
-0.161158
0.683637
0.658413
1.0
0.092234
0.0
0.165495
0.0
0.0
0.841538
0.362418
0.546447
0.183663
1.0
0.624103
0.057363
0.925641
0.892821

-0.151414
0.011209
0.0
-0.177857
0.545469
1.0
0.491062
0.13326
-0.117192
0.0
0.0
0.807253
0.992381
0.371795
0.418681
0.640073
0.472454
0.14044
0.56989
0.455018

0.837554
0.105504
-0.142711
-0.034937
-0.00137
1.0
0.043883
0.607106
0.131302
0.0
0.0
0.547619
0.4537
0.594799
0.348352
0.624103
0.949084
0.281832
1.0
1.0

0.821887
0.110461
-0.060795
0.035945
0.116174
1.0
0.303663
0.113187
0.010052
0.0
0.0
0.337802
0.749524
0.621465
0.326667
0.501319
0.443297
0.084029
0.583956
0.146154

0.837554
0.269299
-0.238043
-0.672739
0.300681
1.0
0.093993
0.084029
0.131302
0.0
0.0
0.614725
0.438315
0.578974
0.813993
1.0
0.707912
0.245495
0.417802
0.456484

1.0
0.342852
-0.143481
-0.260128
-0.388379
1.0
0.014579
0.012821
0.265421
0.0
0.007546
0.331355
0.594799
0.741026
0.938828
0.918608
0.695165
0.214139
0.813407
0.523297

