flat_m
Left

0.730497
-0.01938
0.114181
0.629003
0.685173
1.0
0.844469
0.18044
0.118901
0.107473
0.107473
0.454139
0.0
0.0
0.311136
0.0
0.0
0.712601
0.124029
0.124029

0.667896
-0.313022
-0.122759
0.403196
0.793426
1.0
0.570476
0.149963
0.199927
0.006081
0.006081
0.491062
0.0
0.0
0.242564
0.0
0.0
0.650183
0.125495
0.125495

0.723553
-0.354529
-0.160579
0.258796
0.797198
1.0
0.57956
0.088425
0.172821
0.062051
0.062051
0.508938
0.0
0.0
0.247985
0.0
0.0
0.575751
0.291795
0.291795

0.540099
-0.31536
-0.479406
0.258155
0.610043
1.0
0.920952
0.082271
0.733993
0.055897
0.063223
0.638755
0.0
0.003736
1.0
0.049451
0.148791
1.0
0.324615
1.0

0.761872
-0.313022
-0.003238
0.0
0.0
1.0
1.0
0.922564
0.934139
0.187179
0.125055
0.915238
0.084322
0.00315
0.242564
0.071136
0.0
0.565934
0.175165
1.0

0.84252
-0.961358
0.0
0.292446
0.022383
1.0
0.554799
0.258095
0.43011
0.174872
0.142637
0.972454
0.0
0.066447
0.819267
0.0
0.056484
0.846227
0.997729
0.291795

0.644627
-0.200084
-0.122759
0.083291
0.214926
1.0
1.0
0.18044
1.0
0.076117
0.062637
0.777656
0.0
0.007253
0.883736
0.049451
0.0
0.351282
0.176777
1.0

0.35442
-0.254966
0.0
0.292446
0.613803
1.0
0.797875
0.922564
0.277289
0.187179
0.046813
0.852821
0.010769
0.010769
0.758901
0.052674
0.013407
0.531502
1.0
0.125495

0.443564
0.0
-0.142906
0.205214
0.271454
1.0
0.755238
0.159194
0.271868
0.050916
0.054725
0.454139
0.011648
0.002271
0.526227
0.0
0.0
0.531355
0.999194
1.0

0.730497
-0.424131
-0.162414
0.0
0.0
1.0
1.0
0.247839
0.212088
0.068791
0.0
0.508938
0.031575
0.00315
1.0
0.0
0.048864
0.964909
0.998901
1.0

0.946641
-0.31536
0.0
0.0
0.477838
1.0
0.808718
0.0
1.0
0.051502
0.301612
0.744835
0.021905
0.0
0.1863
0.0
0.237289
0.531355
0.999487
0.997729

0.438923
-0.189003
0.0
0.023503
0.519394
1.0
1.0
0.258095
0.614139
0.075531
0.054725
0.618535
0.072894
0.000806
1.0
0.237289
0.0
0.206813
1.0
1.0

0.780954
-0.254966
0.0
0.0
0.613803
1.0
0.554799
0.195092
0.90337
0.054725
0.122857
0.62674
0.0
0.0
0.217216
0.0
0.0
0.457363
0.324615
0.673187

1.0
-0.146144
-0.14451
-0.006805
0.0
1.0
0.644908
0.358901
0.245201
0.122857
0.055897
1.0
0.0
0.0
0.627912
0.039487
0.0
1.0
1.0
0.999194

0.862859
0.086418
0.0
0.161918
0.348721
1.0
0.829817
0.354799
0.890476
0.087546
0.062051
1.0
0.022198
0.002271
0.1863
0.006374
0.0
0.871429
1.0
0.997729

0.826863
0.0
-0.142906
0.0
0.271454
1.0
1.0
1.0
1.0
0.079048
0.076117
1.0
0.0
0.0
1.0
0.130623
0.071136
0.183516
0.247253
0.522125

0.598548
0.0
-0.218674
0.07967
0.07649
1.0
1.0
0.39304
0.43011
0.14293
0.043297
0.638755
0.002271
0.003443
0.832894
0.0
0.0
0.724029
0.650769
0.187473

0.944942
-0.022492
0.0
0.292446
0.138386
1.0
0.380879
0.16315
1.0
0.068791
0.08315
1.0
0.013407
0.022198
1.0
0.0
0.016044
0.206813
1.0
0.999194

