flat_v
Left

0.811359
-0.341005
-0.620345
-0.193277
0.007739
1.0
1.0
0.069084
0.399341
0.0
0.0
0.544396
0.0
0.0
0.786593
1.0
1.0
0.929744
0.374432
0.374432

0.74974
-0.271712
-0.98395
-0.318227
0.045459
1.0
1.0
0.172088
0.382344
0.0
0.0
0.354506
0.0
0.0
0.718462
1.0
1.0
0.878169
1.0
1.0

0.69203
-0.449347
-0.922797
-0.449875
-0.040854
1.0
1.0
0.122125
0.35685
0.0
0.0
0.436264
0.0
0.0
0.691502
1.0
1.0
0.853993
0.94967
0.94967

1.0
0.106773
0.195834
-0.014462
0.581589
1.0
0.930916
0.068205
0.403736
0.0
0.0
1.0
0.0
0.0
1.0
0.999487
0.999487
0.401245
1.0
0.997729

0.121598
-0.164721
-0.922797
-0.316335
0.14636
1.0
0.321978
0.071722
0.358315
0.055311
0.0
0.423077
0.074945
0.0
0.892674
1.0
1.0
0.861905
0.997729
1.0

0.226318
-0.007823
-0.354198
0.0
0.211186
1.0
1.0
0.0
0.399341
0.015458
0.0
1.0
0.0
0.0
1.0
1.0
0.999487
0.888425
1.0
1.0

0.716854
-0.43884
0.0
0.0
0.113404
1.0
1.0
0.275678
0.874066
0.00989
0.282711
0.434212
0.0
0.035971
1.0
1.0
1.0
1.0
1.0
1.0

0.74974
-0.534961
-0.049471
0.0
0.347543
1.0
0.389963
0.068205
0.43685
0.015165
0.0
0.408425
0.0
0.009597
0.724615
0.999487
1.0
0.955531
1.0
1.0

0.899211
1.026081
-0.483859
-0.316335
0.0
1.0
0.691062
0.004908
0.254579
0.0
0.0
0.437143
0.0
0.006081
1.0
0.999194
1.0
0.755092
1.0
1.0

0.74974
0.443394
-0.076501
0.0
0.21184
1.0
0.829231
0.0
0.228938
0.0
0.0
0.55055
0.034799
0.0
1.0
1.0
0.999487
0.584689
1.0
1.0

0.725788
-0.220267
-0.593489
0.0
0.435717
1.0
1.0
0.068205
0.720073
0.067033
0.003736
0.503663
0.0
0.0
0.708498
0.999487
1.0
0.224542
0.998901
1.0

0.466473
0.210276
-0.669349
0.0
0.148584
1.0
0.875531
0.237876
0.217656
0.047985
0.162857
0.528132
0.0
0.0
1.0
1.0
1.0
0.635531
1.0
0.997729

0.466473
0.224862
-0.922797
0.0
1.127519
1.0
0.861758
0.172088
0.28359
0.0
0.0
0.411062
0.0
0.0
0.691502
1.0
1.0
0.658681
0.94967
1.0

0.76985
-0.482376
0.195834
0.0
0.0
1.0
0.371209
0.074652
0.536191
0.0
0.309084
1.0
0.0
0.0
1.0
1.0
1.0
0.627619
1.0
1.0

0.597226
0.02916
-0.532733
0.0
0.124314
1.0
0.908205
0.074945
0.382344
0.0
0.0
0.354506
0.0
0.0
1.0
1.0
1.0
0.195238
1.0
1.0

0.716854
-0.482376
0.0
0.0
0.148584
1.0
1.0
0.198315
0.524176
0.022784
0.00989
0.344396
0.035971
0.0
0.749231
1.0
1.0
0.643443
1.0
1.0

0.738408
-0.449347
-0.264388
0.140755
0.150993
1.0
1.0
0.0
0.284176
0.089011
0.282711
1.0
0.010183
0.006081
0.442271
1.0
1.0
0.755092
1.0
1.0

0.702582
-0.075477
-0.182459
-0.098117
-0.425058
1.0
0.367985
0.090183
0.874066
0.047985
0.047692
0.450916
0.0
0.0
1.0
1.0
1.0
0.792747
0.998901
1.0

