flat_4
Left

0.895468
-0.352306
-0.241808
0.060446
0.019971
1.0
1.0
0.511575
0.132088
0.023077
0.023077
0.411062
0.0
0.0
0.103663
0.0
0.0
0.254286
0.0
0.0

0.768128
-0.798949
-0.619772
-0.398909
-0.158621
1.0
1.0
0.34718
0.14674
0.075531
0.075531
0.325495
0.0
0.0
0.055604
0.0
0.0
0.205934
0.0
0.0

0.765758
-0.858361
-0.412251
-0.410814
-0.129064
1.0
1.0
0.352161
0.200513
0.068791
0.068791
0.628791
0.003736
0.003736
0.190403
0.0
0.0
0.225128
0.0
0.0

0.475651
-0.164492
0.0
-0.779681
-0.372916
1.0
1.0
0.992967
1.0
0.0
0.028352
0.616044
0.0
0.008425
0.828645
0.0
0.0
0.296484
0.0
0.022784

0.768128
-1.77916
-0.46362
0.0
-0.487616
1.0
1.0
1.0
0.819267
0.18967
0.231429
1.0
0.0
0.0
0.808132
0.0
0.0
0.935824
0.0
0.023077

0.698561
-1.011202
-0.809896
0.068847
-0.511662
1.0
1.0
0.664835
0.775018
0.054139
0.045348
1.0
0.006667
0.004029
1.0
0.011062
0.003443
0.204176
0.0
0.008425

0.765758
0.0
0.0
0.068847
0.19772
1.0
1.0
0.336337
0.132088
0.055897
0.091355
1.0
0.0
0.013993
0.655165
0.001392
0.0
0.204176
0.022784
0.034505

0.518382
-0.452598
0.0
0.095422
0.396429
1.0
1.0
1.0
1.0
0.060586
0.078755
1.0
0.0
0.070842
0.435092
0.0
0.0
0.215604
0.021319
0.0

-0.868348
-0.15792
-0.619772
0.0
-0.158621
1.0
1.0
1.0
0.195385
0.0
0.0937
1.0
0.0
0.0
0.60652
0.0
0.0
0.483443
0.025128
0.001685

0.924296
-0.798949
0.0
0.0
0.254121
1.0
1.0
0.739267
1.0
0.152308
0.0937
1.0
0.0
0.003736
0.975824
0.0
0.0
0.134725
0.0
0.081392

0.633822
-0.372235
-0.511725
0.0
0.080367
1.0
1.0
0.234945
0.666886
0.126227
0.054725
0.594799
0.0137
0.008132
0.358022
0.027473
0.0
0.722564
0.021612
0.0

0.772419
0.0
0.0
-0.146706
0.50074
1.0
1.0
0.923736
1.0
0.112747
0.0137
1.0
0.02044
0.029231
1.0
0.0
0.0
0.309377
0.0
0.000513

0.193375
-1.050681
-0.241808
0.0
0.204417
1.0
1.0
0.228498
0.216777
0.011355
0.081392
0.540586
0.070842
0.003736
0.808132
0.0
0.0
0.300733
0.0
0.0

0.581967
0.0
0.0
-0.398909
0.296508
1.0
1.0
1.0
1.0
0.185128
0.055311
1.0
0.055604
0.0
0.60652
0.0
0.011355
0.75304
0.0
0.007253

0.703397
-0.372235
-0.296604
-0.427417
0.313822
1.0
1.0
0.661026
0.351868
0.034212
0.084908
1.0
0.0
0.0
0.655165
0.0
0.0
0.970769
0.0
0.0

0.046944
-0.062107
0.0
-0.955204
0.080367
1.0
1.0
1.0
0.244908
0.03978
0.112747
1.0
0.0
0.00696
1.0
0.031575
0.027473
0.215604
0.0
0.001685

0.748913
0.0
-0.058431
0.007838
-0.134266
1.0
1.0
0.625861
1.0
0.011648
0.18967
0.931062
0.006667
0.0
0.670696
0.0
0.0
0.868498
0.008425
0.0

-0.04353
-0.03952
0.0
0.060446
0.525395
1.0
1.0
1.0
0.222637
0.0
0.028938
0.594799
0.0
0.0
0.055604
0.013993
0.0
0.401832
0.0
0.0

