flat_b
Left

-0.448193
0.0
0.0
-0.487011
-0.143246
0.27876
0.109231
0.013993
1.0
0.207692
0.207692
1.0
0.042711
0.042711
0.54967
0.0
0.0
0.833187
0.0
0.0

-0.70016
0.0
-0.183999
-0.548169
-0.27162
0.081806
0.008425
0.00022
1.0
0.195385
0.195385
0.92359
0.042125
0.042125
0.571648
0.0
0.0
0.736044
0.003443
0.003443

-0.533021
0.0
-0.424049
-0.624563
-0.287837
0.30224
0.043004
0.0
1.0
0.140879
0.140879
0.817216
0.025714
0.025714
0.610916
0.0
0.0
0.789231
0.010476
0.010476

-0.555194
0.0
0.0
-0.001631
0.0
0.323984
0.24989
0.026886
1.0
0.028059
0.03685
0.837729
0.02044
0.0
1.0
0.0
0.090183
1.0
0.008718
0.022198

-0.618882
0.0
-0.513082
-0.026561
0.072595
0.215539
0.088132
0.172381
0.919194
0.089011
0.174579
0.754212
0.068498
0.012234
1.0
0.0
0.0
1.0
0.0
0.0

-0.405141
0.0
-0.054786
-0.487011
0.0
0.913146
0.258535
0.103077
0.800366
0.222637
0.222637
1.0
0.044176
0.011062
0.955531
0.08989
0.0
0.717582
0.002564
0.0

-0.618882
-0.488767
-0.534128
0.0
-0.002072
0.0
0.156557
0.0
0.999487
0.0
0.026007
0.894286
0.065275
0.012821
0.531795
0.0
0.002564
0.658095
0.016337
0.013407

-0.448193
-0.030886
0.0
-0.113937
0.0
0.755407
0.002857
0.0
1.0
0.143956
0.0
1.0
0.088425
0.065275
0.613114
0.0
0.0
1.0
0.0
0.049451

-0.396143
0.0
0.0
-0.173536
-0.137163
0.789401
0.015751
0.0
1.0
0.0
0.042711
0.980147
0.0
0.042711
1.0
0.0
0.0
0.792161
0.0
0.002564

-0.178825
-0.072579
0.0
-0.113937
-0.002072
0.78491
0.109231
0.210769
1.0
0.195385
0.062051
1.0
0.033333
0.0
1.0
0.0
0.0
1.0
0.049451
0.075824

-0.533021
0.0
-0.122788
-0.026561
-0.001056
0.248264
0.0
0.026886
0.68652
0.186007
0.110696
1.0
0.00315
0.065861
1.0
0.0
0.0
0.717582
0.055604
0.013407

-0.325677
0.0
-0.008289
0.0
0.001412
0.52496
0.550696
-0.037494
1.0
0.121245
0.098974
1.0
0.059414
0.06381
1.0
0.0
0.0
0.964615
0.0
0.031282

-0.238209
-0.001464
-0.008289
0.045563
0.0
0.186581
0.0
0.0
1.0
0.15348
0.128278
1.0
0.088425
0.065861
1.0
0.0
0.0
1.0
0.033333
0.214432

0.01639
-0.183066
-0.024196
-0.049107
0.02815
0.452826
-0.159875
0.0
1.0
0.138535
0.125934
1.0
0.0
0.012234
1.0
0.030989
0.132234
1.0
0.0
0.033333

-1.150922
0.0
0.0
0.0
-0.434045
0.483241
0.00022
0.172381
0.847106
0.028059
0.042711
1.0
0.005495
0.0
1.0
0.074652
0.001099
1.0
0.013407
0.035385

0.01639
0.0
0.0
-0.560867
-0.193569
0.755407
0.259267
0.0
0.923883
0.125934
0.11011
1.0
0.065861
0.005201
1.0
0.013407
0.034505
0.895165
0.151722
0.003443

-0.42171
-0.084572
0.0
-0.001198
-0.137163
0.78491
0.109231
0.0
1.0
0.168718
0.115824
1.0
0.061758
0.0
0.799048
0.041245
0.132234
0.83978
0.028059
0.0

-0.555194
-0.030886
-0.405763
0.0
0.0
0.465216
-0.363636
0.030403
0.919194
0.178388
0.028059
0.894286
0.104249
0.028352
0.613114
0.014872
0.090183
0.789231
0.016337
0.033333

