flat_n
Left

0.94077
-0.456905
-0.175146
-0.080058
0.030388
1.0
1.0
0.278315
0.352747
0.122418
0.122418
0.710256
0.00315
0.00315
0.701026
1.0
1.0
0.704103
1.0
1.0

0.814951
-0.626467
-0.180029
-0.143244
0.114575
1.0
1.0
0.218535
0.348059
0.088718
0.088718
0.767399
0.017802
0.017802
0.64652
1.0
1.0
0.627619
1.0
1.0

0.890659
-0.519226
0.0
-0.086962
0.036375
1.0
1.0
0.255018
0.531355
0.169011
0.169011
1.0
0.061172
0.061172
0.717289
1.0
1.0
0.735458
1.0
1.0

0.890659
-0.652534
0.0
-0.058247
0.0
1.0
1.0
0.11978
0.727839
0.0
0.122418
0.843883
1.0
0.067033
0.847692
1.0
1.0
0.239341
1.0
0.998901

0.774924
-0.266402
-0.229103
-0.094557
0.603494
1.0
1.0
1.0
0.749231
0.042418
0.0
0.915531
0.018681
0.0
0.876117
1.0
1.0
0.603004
0.997729
0.084908

-0.519315
-2.519976
-0.530803
0.0
0.151193
1.0
0.531795
1.0
0.371209
0.065568
0.101612
0.750403
0.0
0.0
1.0
1.0
1.0
0.810769
1.0
0.997729

0.960988
-0.197271
-0.229103
0.0
0.025605
1.0
1.0
0.601245
0.275824
0.055311
0.069377
0.586886
0.018681
0.067033
1.0
1.0
0.999194
0.603004
0.998901
0.079048

1.0
-0.741482
-0.003741
0.0
0.18532
1.0
0.850916
0.161978
0.482271
0.058535
0.024835
1.0
0.012527
0.0
1.0
1.0
0.999487
0.607985
1.0
1.0

0.631916
-0.294492
-0.051837
0.0
0.219532
1.0
0.358608
0.363004
1.0
0.042418
0.094872
0.676703
0.037143
1.0
1.0
1.0
0.670989
0.687253
1.0
1.0

0.683392
0.005717
0.0
0.0
0.0
1.0
1.0
0.255018
0.354799
0.0
0.042711
1.0
0.0
0.017216
1.0
1.0
1.0
0.726813
0.998901
0.99978

0.595747
-0.913531
-0.05791
0.0
0.0
1.0
1.0
1.0
0.741026
0.184835
0.281538
0.586886
0.0
0.0
1.0
1.0
1.0
0.157143
0.999487
1.0

0.777238
-0.310739
-0.202193
-0.143244
0.175495
1.0
0.850916
0.141612
0.248278
0.065568
0.0
1.0
0.012527
0.020733
1.0
1.0
1.0
0.545568
1.0
1.0

0.357613
0.0
0.0
-0.165422
0.038936
1.0
1.0
1.0
0.380293
0.058535
0.092234
1.0
0.001099
0.012527
1.0
1.0
1.0
0.562418
1.0
1.0

0.890745
-0.519226
-0.462723
0.0
0.519956
1.0
0.667473
0.147033
1.0
0.069377
0.135458
0.77033
0.010476
0.0
1.0
1.0
1.0
0.750989
1.0
0.99978

1.0
-0.083132
0.0
0.0
0.172195
1.0
0.794066
1.0
0.429817
0.0
0.17326
0.922637
0.031575
0.0
1.0
1.0
1.0
0.726813
0.999487
1.0

-0.128528
-0.015658
0.0
0.066037
0.038936
1.0
1.0
0.774725
0.961685
0.281538
0.024835
1.0
0.0
0.020147
1.0
1.0
1.0
0.603004
1.0
0.998901

0.738664
0.005717
-0.041255
0.0
0.172195
1.0
0.667473
0.062051
0.207399
0.089304
0.120073
1.0
0.0
0.0
0.847692
1.0
0.999487
1.0
0.997729
0.095458

0.890659
-0.456905
-0.05791
0.0
0.345999
1.0
0.833626
1.0
0.601832
0.071136
0.0
1.0
0.020733
0.012527
0.64652
1.0
1.0
0.750989
1.0
1.0

