g
Left

0.511609
-0.861359
0.0
0.0
0.0
1.0
0.561392
0.0
0.410183
0.0
0.0
1.0
1.0
1.0
1.0
1.0
1.0
1.0
1.0
1.0

0.460769
-0.698742
-0.003168
0.0
0.0
1.0
0.494286
0.0
0.408132
0.0
0.0
0.991539
1.0
1.0
1.0
1.0
1.0
1.0
1.0
1.0

0.544397
-0.887345
-0.044788
0.0
0.0
1.0
0.482271
0.0
0.392308
0.0
0.0
0.895751
1.0
1.0
1.0
1.0
1.0
1.0
1.0
1.0

0.028767
0.282911
-0.283985
0.0
0.033297
1.0
0.30293
0.058828
0.678315
0.115971
0.011355
1.0
1.0
1.0
1.0
1.0
1.0
0.871136
0.998901
0.997729

-0.21061
0.0
0.0
0.0
-0.893341
1.0
0.371502
0.0
0.86
0.0
0.030989
1.0
0.99978
0.998608
1.0
1.0
1.0
1.0
1.0
1.0

0.774167
-0.388474
0.0
-0.01023
0.059999
1.0
0.0
0.0
0.356264
0.011355
0.0
1.0
1.0
1.0
1.0
0.981026
1.0
1.0
0.997729
1.0

0.603328
-0.740616
0.0
0.0
0.0
1.0
0.572234
0.0
1.0
0.115971
0.087546
0.671575
0.998315
0.999194
1.0
1.0
1.0
1.0
1.0
1.0

0.440182
-0.72309
0.0
0.004884
0.0
1.0
0.075531
0.0
0.75685
0.012821
0.088425
0.680659
1.0
1.0
1.0
0.770623
1.0
1.0
1.0
0.998901

-0.065207
-0.248354
0.0
0.040023
0.0
1.0
0.482271
0.0
0.322564
0.0
0.0
1.0
1.0
1.0
0.985714
1.0
1.0
1.0
1.0
1.0

0.908398
-0.033421
0.0
-0.403477
0.001745
1.0
0.419268
0.0
0.413993
0.115971
0.04652
1.0
1.0
1.0
1.0
1.0
1.0
1.0
1.0
0.918755

0.435919
-0.72309
0.0
0.0
0.0
0.709166
0.0
0.0
0.410183
0.032454
0.0
0.981319
1.0
1.0
1.0
1.0
1.0
1.0
0.999194
1.0

-0.21061
0.0
0.0
0.0
0.217682
1.0
0.426886
0.0
0.595092
0.0
0.05707
1.0
1.0
1.0
1.0
1.0
1.0
0.959048
1.0
1.0

0.563596
-0.983104
0.0
0.0
0.0
1.0
0.315238
0.0
0.118901
0.033626
0.04652
0.860293
1.0
0.99978
1.0
1.0
1.0
0.725201
0.997729
1.0

0.543187
0.0
0.0
0.0
0.316652
1.0
0.272454
0.0
0.493114
0.0
0.0
1.0
1.0
1.0
1.0
1.0
1.0
0.959048
1.0
1.0

0.825458
-0.057026
0.0
0.0
-0.827989
1.0
0.482271
0.0
0.593333
0.090769
0.081685
0.662491
1.0
1.0
1.0
1.0
1.0
0.799048
0.998901
1.0

0.839428
0.0
0.025795
0.0
0.0
1.0
0.419268
0.003736
0.408132
0.010769
0.144982
0.659267
1.0
0.984176
1.0
1.0
1.0
0.871136
1.0
1.0

0.809556
-0.983104
0.0
0.0
0.0
1.0
0.291209
0.0
0.726374
0.093407
0.0
1.0
0.984176
1.0
1.0
1.0
0.770623
0.811648
0.997729
1.0

0.774167
-0.19989
0.0
0.0
0.0
1.0
0.297363
0.0
0.872308
0.090769
0.0
0.907179
1.0
1.0
1.0
1.0
0.999487
0.901172
1.0
1.0

