h
Left

0.660195
-0.325331
-0.291971
0.207469
0.352299
1.0
0.756557
0.161978
0.0
0.0
0.0
0.058535
0.0
0.0
0.74293
1.0
1.0
0.790843
1.0
1.0

0.542764
-0.265296
-0.272146
0.045196
0.250451
1.0
0.791722
0.129744
0.0
0.009011
0.009011
0.220293
0.0
0.0
0.961612
1.0
1.0
0.8263
0.726374
0.726374

0.574401
-0.540741
-0.373828
0.218866
0.0
1.0
0.914066
0.167546
0.050623
0.0
0.0
0.17956
0.0
0.0
0.752894
1.0
1.0
1.0
1.0
1.0

0.932718
-0.104435
-0.307385
0.0
0.0
1.0
0.908352
0.0
0.260147
0.0
0.0
-0.040169
0.0
0.001685
1.0
1.0
1.0
0.589231
1.0
1.0

0.237781
0.262047
0.0
0.0
0.502113
1.0
0.78293
0.322271
0.155266
0.032161
0.0
0.178242
0.004908
0.0
0.974359
1.0
1.0
0.862637
0.998901
1.0

0.575684
0.131678
-0.547964
0.0
0.378122
1.0
0.976923
0.384835
0.1463
0.016923
0.0
0.321392
0.025128
0.0
1.0
1.0
1.0
0.614872
1.0
1.0

0.212495
-0.311436
-0.547964
0.0
0.0
1.0
1.0
0.639927
0.14456
0.0
0.034212
0.538535
0.0
0.0
1.0
1.0
1.0
0.333553
1.0
1.0

0.676025
-0.546391
-0.064709
0.046912
0.319266
1.0
0.955824
0.600659
0.184835
0.041245
0.0
0.466154
0.0
0.0
1.0
1.0
1.0
0.874359
0.998901
0.997729

0.561565
-0.782366
0.409898
0.0
0.0
1.0
0.604176
0.089304
0.0
0.000806
0.016923
0.470843
0.0
0.0
1.0
1.0
1.0
0.628791
1.0
1.0

0.824933
-0.460496
0.0
0.0
0.319266
1.0
0.838169
0.0
0.203004
0.0
0.016923
0.0
0.0
0.172821
1.0
1.0
1.0
1.0
1.0
0.997729

0.645326
-0.573183
0.0
0.120575
0.0
1.0
0.604176
0.0
-0.046216
0.0
0.0
0.17956
0.0
0.004029
1.0
1.0
1.0
0.816777
0.810769
1.0

0.802634
-0.361877
-0.307385
0.0
0.190173
1.0
1.0
0.131502
0.025128
0.0
0.0
0.52022
0.0
0.0
1.0
1.0
1.0
0.600073
0.998901
1.0

0.676025
-0.104435
0.024073
0.118271
0.310492
1.0
1.0
0.327985
0.025128
0.0
0.0
-0.267143
0.0
0.172821
0.752894
1.0
1.0
0.826154
0.998901
1.0

0.634115
-0.613918
-0.457383
0.351743
0.568496
1.0
1.0
0.489597
0.0
0.012821
0.060586
0.0
0.0
0.0
1.0
0.999487
1.0
0.706447
1.0
1.0

0.951536
-0.729509
-0.243767
0.0
0.0
1.0
0.857656
0.605641
0.101612
0.0
0.0
0.52022
0.001685
0.0
0.145128
1.0
1.0
0.786447
1.0
1.0

0.932718
-0.206165
-0.233005
0.0
0.332157
1.0
0.462931
0.465861
0.195092
0.050037
0.0
0.058535
0.0
0.0
1.0
1.0
1.0
1.0
0.998901
1.0

0.824933
-0.738014
-0.064709
0.0
0.002769
1.0
1.0
0.791136
0.0
0.032161
0.012527
0.494286
0.0
0.0
0.74293
1.0
1.0
1.0
0.999487
0.99978

0.951536
-0.326721
0.046158
0.0
0.0
1.0
0.322418
0.600659
0.303223
0.0
0.0
0.108352
0.0
0.0
1.0
1.0
1.0
0.722857
1.0
1.0

