horns
Left

0.935538
0.019537
-0.134621
0.073372
0.20256
1.0
0.863663
0.3
0.03304
0.006374
0.006374
0.632308
1.0
1.0
0.496777
1.0
1.0
0.028059
0.0
0.0

0.818955
-0.033394
-0.380312
0.067004
0.101897
1.0
0.977875
0.256044
0.009597
0.0
0.0
0.539707
1.0
1.0
0.409597
1.0
1.0
0.004029
0.0
0.0

0.753692
-0.09119
-0.181964
0.054651
0.131788
1.0
0.822198
0.222198
0.015458
0.084908
0.084908
0.590403
1.0
1.0
0.541612
1.0
1.0
0.031282
0.0
0.0

0.5574
-0.003561
0.104433
0.0
0.20256
1.0
0.570183
1.0
0.008425
0.0
0.025714
0.877143
1.0
1.0
0.428938
1.0
0.999487
0.009597
0.0
0.021612

0.933201
-0.269408
0.0349
0.067004
0.805726
1.0
1.0
0.946154
0.146154
0.002271
0.0
1.0
1.0
1.0
0.409597
1.0
1.0
0.131209
0.0
0.0

0.667911
0.488409
-0.127514
0.044268
-0.175944
1.0
0.641392
0.556117
0.364615
0.0
0.002271
0.855604
1.0
1.0
0.670989
1.0
1.0
0.16315
0.005495
0.0

0.754784
-0.140754
0.0
0.177087
0.195886
1.0
0.512161
0.038315
0.025128
0.022491
0.0
0.6137
1.0
1.0
0.496777
1.0
1.0
0.029817
0.021612
0.0

1.0
-0.314058
0.0
0.0
0.101897
1.0
1.0
0.194799
0.15895
0.039194
0.003443
0.583077
0.678901
0.999194
1.0
1.0
1.0
0.153773
0.0
0.002271

0.90823
-0.218033
-0.097407
-0.008358
0.308291
1.0
1.0
0.256044
0.077289
0.0
0.001392
0.631429
1.0
1.0
0.51685
0.999487
1.0
0.06
0.0
0.055311

1.0
0.194235
0.0
0.0
0.263546
1.0
0.607839
0.055897
0.067912
0.0
0.031868
0.432161
1.0
1.0
1.0
1.0
1.0
0.062051
0.0
0.0

0.740689
-0.097111
-0.087722
0.0
0.115527
1.0
1.0
1.0
0.028645
0.0
0.000513
0.583077
1.0
0.839487
0.409597
0.999487
1.0
0.012527
0.0
0.0

0.401274
0.107015
-0.113478
0.0
0.300238
1.0
0.745421
0.245201
0.364615
0.0
0.084908
0.683297
1.0
1.0
1.0
1.0
1.0
0.181905
0.0
0.0

1.0
-0.180263
0.147031
0.082569
0.209345
1.0
1.0
0.074066
0.077289
0.0
0.005201
1.0
1.0
1.0
0.670989
1.0
1.0
0.096337
0.0
0.0

1.0
0.278776
0.013977
0.129914
1.023924
1.0
0.593187
0.47978
0.135277
0.000806
0.031575
0.56696
1.0
1.0
0.369451
1.0
1.0
0.05326
0.0
0.0

0.917634
-0.273139
0.030995
0.0
0.167162
1.0
0.727692
0.730183
0.065568
0.0
0.001978
0.71978
1.0
1.0
0.869963
1.0
1.0
0.071429
0.0
0.0

0.979545
0.135145
0.147031
-0.141449
0.091633
1.0
1.0
0.215898
0.00989
0.027766
0.013993
0.528572
0.998608
1.0
0.925788
1.0
1.0
0.0
0.0
0.0

0.742689
0.251805
-0.181964
-0.021841
0.108566
1.0
0.943004
0.0
0.140879
0.0
0.0
0.936117
1.0
1.0
1.0
1.0
0.671575
0.059121
0.0
0.0

0.90823
0.213011
-0.034546
0.271726
-0.119836
1.0
0.754799
0.559341
0.067912
0.0
0.005201
1.0
1.0
1.0
0.496777
1.0
1.0
0.075824
0.0
0.0

