i
Left

0.861601
-0.110825
0.0
0.023664
0.024145
1.0
1.0
0.333993
0.772381
1.0
1.0
1.0
1.0
1.0
0.898681
1.0
1.0
0.322271
0.0
0.0

0.712222
-0.122449
0.0
0.052792
0.083439
1.0
1.0
0.152894
0.777363
1.0
1.0
1.0
1.0
1.0
0.720806
1.0
1.0
0.238169
0.0
0.0

0.680437
-0.189464
0.0
0.053936
0.198149
1.0
1.0
0.130916
0.744542
1.0
1.0
1.0
1.0
1.0
0.672747
1.0
1.0
0.27641
0.0
0.0

0.896785
0.0
0.0
0.005381
0.086211
0.749585
0.572088
1.0
0.722418
0.99978
1.0
1.0
1.0
1.0
0.510696
1.0
1.0
0.248718
0.026593
0.0

1.0
0.0
-0.336282
0.0
0.214765
1.0
0.705568
0.537802
0.703223
1.0
1.0
1.0
1.0
1.0
1.0
1.0
1.0
0.272161
0.012527
0.0

0.797319
-0.043691
0.0
-0.017934
0.359358
1.0
0.79685
0.333993
1.0
0.99978
1.0
1.0
1.0
0.980073
1.0
1.0
1.0
0.161099
0.021612
0.0

0.792394
0.0
0.0
0.0
0.006023
1.0
1.0
0.537802
1.0
1.0
1.0
1.0
1.0
1.0
1.0
1.0
1.0
0.262491
0.026886
0.035971

0.896785
-0.122449
0.0
0.0
0.144473
0.749585
1.0
1.0
0.703223
1.0
1.0
0.920073
0.980073
1.0
1.0
1.0
1.0
0.226886
0.0
0.0

0.603692
-0.043691
0.0
0.0
0.397652
1.0
1.0
0.408132
1.0
1.0
1.0
1.0
1.0
0.998315
1.0
1.0
1.0
0.08696
0.0
0.0

0.63089
0.0
-0.102177
0.0
0.241347
1.0
0.824689
0.075531
1.0
1.0
1.0
1.0
1.0
1.0
1.0
1.0
1.0
0.26337
0.0
0.0

0.960525
0.0
-0.147501
0.0
-0.067374
1.0
0.944982
0.853553
0.853553
1.0
1.0
1.0
1.0
0.998315
1.0
1.0
1.0
0.093114
0.012527
0.0

0.586634
-0.062459
0.0
0.008858
0.206267
1.0
1.0
0.414725
1.0
1.0
1.0
0.765348
0.980073
0.998608
1.0
1.0
1.0
0.01956
0.035971
0.031575

0.579878
-0.153288
0.0
0.0
0.198149
1.0
1.0
1.0
1.0
1.0
1.0
1.0
1.0
1.0
0.77033
1.0
1.0
0.26337
0.0
0.031575

0.460744
-0.286647
0.0
-0.00041
0.373528
1.0
0.896923
1.0
1.0
1.0
1.0
1.0
0.998608
1.0
1.0
1.0
1.0
0.308205
0.0
0.0

1.0
0.0
0.0
0.023664
0.07829
1.0
0.974945
1.0
1.0
1.0
1.0
0.804029
0.99978
1.0
1.0
1.0
1.0
0.38044
0.0
0.0

0.692463
0.0
0.0
0.008858
0.254632
1.0
0.79685
0.405348
1.0
1.0
1.0
0.693846
1.0
1.0
0.379414
1.0
1.0
0.138242
0.0
0.0

0.579878
-0.286647
0.0
0.0
0.006023
1.0
1.0
1.0
0.481099
1.0
1.0
1.0
1.0
1.0
1.0
1.0
1.0
0.0
0.0
0.031575

0.299435
-0.287952
0.0
0.0
0.034174
1.0
1.0
0.155531
1.0
1.0
1.0
1.0
1.0
1.0
1.0
1.0
1.0
0.087253
0.0
0.027179

