ily
Left

-0.341817
-0.242492
0.0
0.026024
0.203848
0.123806
0.044762
0.0
0.446227
0.0
0.0
1.0
0.784689
0.784689
0.911282
0.487839
0.487839
0.482711
0.0
0.0

-0.290694
-0.206292
0.0
-0.068067
-0.466674
0.177468
0.0
0.0
0.04652
0.0
0.0
1.0
1.0
1.0
0.626154
0.90044
0.90044
0.071136
0.0
0.0

-0.149209
-0.176648
0.0
-0.170826
-0.559961
0.062533
0.008718
0.0
0.027766
0.0
0.0
1.0
1.0
1.0
0.605201
0.999707
0.999707
0.034212
0.0
0.0

0.205508
-0.110844
-0.178737
0.0
-0.181726
0.0
-0.363636
-0.079028
0.341612
0.0
0.0
1.0
1.0
1.0
1.0
1.0
1.0
0.045641
0.0
0.0

0.632918
0.128261
-0.180535
-0.140523
0.394067
0.0
0.0
-0.029422
0.315678
0.0
0.0
1.0
0.775604
0.84022
1.0
1.0
1.0
0.499121
0.0
0.0

0.191571
-0.033524
0.0
-0.030512
0.169865
0.112712
-0.034078
0.0
0.319487
0.0
0.008132
0.924176
0.99978
0.784689
0.377363
1.0
1.0
0.248425
0.0
0.0

0.331362
-0.155924
0.0
0.0
0.048739
0.113106
0.044762
0.006081
0.600659
0.0
0.0
1.0
1.0
0.786007
1.0
1.0
1.0
0.071136
0.063516
0.02337

0.399188
0.072781
0.0
0.016551
0.163891
0.066025
0.0
-0.144648
0.726813
0.0
0.0
0.823663
1.0
0.990183
1.0
1.0
1.0
0.236117
0.030989
0.0

-0.290694
-0.363112
0.022246
0.023529
0.63032
0.109848
0.084322
0.0
-0.055065
0.029231
0.00022
0.07468
0.998022
0.999194
1.0
0.676264
0.991282
0.248425
0.0
0.0

0.726045
-0.110844
0.0
0.240096
0.155287
0.0
0.0
-0.070287
-0.000872
0.0
0.0
0.179853
0.998315
0.99978
0.059707
1.0
1.0
0.205641
0.0
0.012821

-0.309495
-0.17017
-0.436087
0.0
-0.36626
0.0
0.0
0.0
0.040952
0.0
0.0
0.891941
0.999194
1.0
0.026593
1.0
1.0
0.041832
0.0
0.076996

0.738368
-0.159122
-0.009241
-0.030512
0.215373
0.426265
0.0
0.0
0.376191
0.0
0.017509
1.0
1.0
1.0
0.931648
1.0
1.0
0.034212
0.033626
0.063516

-0.149209
0.018309
0.0
-0.005872
-0.216223
0.348331
-0.208515
0.026007
-0.040256
0.047399
0.030403
0.752747
1.0
1.0
1.0
1.0
1.0
0.572527
0.0
0.040952

0.26764
-0.363112
-0.109035
0.0
0.666792
0.066025
-0.076185
0.0
0.446227
0.0
0.0
1.0
0.84022
1.0
1.0
1.0
1.0
0.0
0.0
0.030989

0.598723
-0.154289
-0.094499
0.026024
0.63032
0.019944
0.0
-0.070287
0.038608
0.0
0.0
0.924176
0.992527
1.0
0.884322
1.0
0.997656
0.015458
0.0
0.0

0.858563
-0.160795
0.0
0.0
0.340255
0.600286
0.0
-0.116662
0.902637
0.0
0.0
1.0
1.0
0.998022
1.0
1.0
1.0
0.12696
0.0
0.0

0.214471
-0.155924
-0.180535
-0.011779
0.0
0.0
0.0
0.029231
0.316117
0.0
0.030403
1.0
1.0
1.0
0.377363
1.0
1.0
0.158315
0.0
0.224396

0.221973
-0.107154
0.0
-0.060459
-0.181726
0.0
0.044762
-0.144648
0.451502
0.0
0.0
1.0
0.692381
0.998608
1.0
0.687399
0.855311
0.205641
0.224396
0.052381

