l
Left

0.361846
-0.25388
0.0
-0.122173
0.002157
0.0
-0.213105
-0.146509
0.144103
0.0
0.0
1.0
0.964103
0.964103
0.780146
1.0
1.0
0.994762
0.81663
0.81663

0.525715
-0.02912
0.0
-0.121839
0.022536
0.0
-0.060795
-0.043559
0.117143
0.0
0.0
1.0
1.0
1.0
0.735751
0.798755
0.798755
0.954652
0.835824
0.835824

0.591224
-0.12922
0.0
-0.097145
0.048991
0.0
-0.014787
-0.050207
0.122711
0.0
0.0
1.0
1.0
1.0
0.77326
0.840659
0.840659
0.88696
0.7463
0.7463

0.288174
-0.09748
-0.000103
0.0
0.000591
0.0
-0.005846
-0.133004
0.106886
0.0
0.0
1.0
1.0
1.0
1.0
0.885201
1.0
1.0
1.0
0.62293

0.123207
-0.272164
0.0
0.0
0.040507
0.0
-0.101442
-0.1875
0.111282
0.0
0.0
0.99978
1.0
1.0
0.827766
1.0
1.0
1.0
0.999487
1.0

0.791207
0.246287
0.0
0.007751
0.140783
0.040781
-0.059939
-0.076462
0.178388
0.0
0.0
1.0
0.998608
0.99978
1.0
1.0
0.885201
1.0
1.0
1.0

0.616985
-0.20873
0.0
0.0
0.0
0.0
-0.049108
-0.004019
-0.182204
0.0
0.0
1.0
0.99978
0.998608
1.0
1.0
0.054725
1.0
1.0
0.044176

1.0
-0.378676
0.0
0.007751
0.0
0.0
0.0
-0.159142
0.111282
0.007546
0.0
0.976044
1.0
1.0
0.995018
0.794213
1.0
0.954652
1.0
0.998901

0.532959
-0.427897
0.131295
0.0
0.0
0.021978
-0.087261
0.0
0.300879
0.0
0.0
1.0
0.662198
1.0
1.0
1.0
1.0
0.845348
1.0
1.0

0.48188
0.277974
-0.00047
0.0
0.0
0.0
-0.147687
-0.009541
0.100733
0.0
0.0
1.0
0.998608
1.0
1.0
1.0
1.0
0.714066
0.81663
0.826886

1.0
-0.102608
-0.545436
0.0
0.009658
0.0
-0.363636
-0.119718
0.208776
0.0
0.0
1.0
0.998022
1.0
1.0
1.0
1.0
1.0
0.999487
1.0

0.685982
0.215233
0.019246
0.0
0.017281
0.0
-0.014787
-0.1875
0.111466
0.0
0.0
0.99978
1.0
0.999194
1.0
1.0
1.0
1.0
1.0
1.0

-0.154737
0.116292
0.241257
0.0
0.107589
0.040781
0.054432
-0.096687
0.204908
0.0
0.0
1.0
1.0
0.998608
1.0
1.0
1.0
1.0
1.0
0.044176

-0.388541
0.269026
0.0
0.0
0.0
0.0
-0.087624
-0.059992
0.494286
0.0
0.0
0.99978
1.0
0.987766
0.470256
1.0
1.0
0.284762
1.0
0.999194

0.685982
-0.27155
-0.000454
0.045735
0.036667
0.0
-0.061364
-0.1875
0.144103
0.0
0.0
0.970476
1.0
1.0
0.77326
1.0
1.0
0.99978
1.0
0.761685

0.648871
-0.226903
0.0
0.0
0.048991
0.0
0.0
0.0
0.813993
0.0
0.0
0.912454
1.0
1.0
0.984249
1.0
0.999487
0.958755
1.0
0.812527

0.54672
-0.073444
0.0
0.021675
0.017281
0.0
0.154359
0.0
0.081392
0.0
0.0
1.0
1.0
0.998608
1.0
1.0
1.0
1.0
1.0
0.998901

0.581868
-0.122468
0.0
0.0
0.06894
0.0
0.0
-0.076462
0.178388
0.0
0.0
1.0
1.0
0.998315
1.0
1.0
1.0
1.0
1.0
1.0

