n
Left

0.712866
-0.064638
0.014004
-0.162761
0.016842
1.0
1.0
0.0
0.942051
1.0
1.0
0.96022
1.0
1.0
0.797289
1.0
1.0
0.94967
1.0
1.0

0.585604
-0.041397
0.041548
-0.163129
0.01589
1.0
1.0
0.0
0.921099
1.0
1.0
0.858535
0.954359
0.954359
0.738388
1.0
1.0
0.81956
1.0
1.0

0.581208
-0.075555
0.001775
-0.095662
0.012549
1.0
1.0
0.0
0.890769
1.0
1.0
0.993407
1.0
1.0
0.859707
1.0
1.0
0.964103
0.935311
0.935311

0.269509
0.0
0.0
0.0
0.0
1.0
1.0
0.063223
1.0
0.889451
1.0
1.0
0.834798
0.78674
1.0
1.0
0.999487
0.787033
1.0
0.988352

0.745543
-0.083832
0.0
-0.095662
0.016842
1.0
1.0
0.0
1.0
1.0
1.0
0.930037
0.998315
0.453846
1.0
0.999194
1.0
0.94967
0.649011
1.0

0.07818
-0.140439
0.0
0.0
0.198813
1.0
0.759487
0.03011
1.0
1.0
1.0
0.666301
0.456044
0.663663
1.0
0.849451
1.0
0.687399
1.0
1.0

1.0
0.0
0.0
0.0
0.438567
1.0
1.0
0.0
1.0
0.823077
1.0
0.96022
0.92022
0.596264
0.959048
1.0
1.0
1.0
0.863223
0.798755

0.699973
0.0
-0.118689
0.0
0.0
1.0
1.0
0.0
0.921099
0.600073
0.580732
1.0
1.0
0.998608
1.0
1.0
1.0
0.864103
0.99978
0.935311

0.585604
0.0
0.041548
0.0
0.24515
1.0
0.759487
0.0
1.0
1.0
0.99978
0.666301
0.999487
0.998608
1.0
1.0
0.999487
0.405202
1.0
1.0

0.188007
0.0
0.0
0.0
0.021635
1.0
1.0
0.0
0.996117
1.0
1.0
1.0
1.0
1.0
0.838901
1.0
0.562857
0.964176
1.0
0.798755

0.101962
0.0
-0.157128
0.061444
0.019308
1.0
0.80696
0.0
0.763883
0.580732
1.0
1.0
1.0
0.906887
1.0
1.0
0.512747
0.986594
1.0
0.999487

1.0
0.0
0.0
0.0
0.161568
1.0
1.0
0.0
1.0
1.0
0.657802
0.731795
0.998608
1.0
1.0
1.0
1.0
0.964103
0.999487
1.0

-0.049803
0.0
0.0
0.00944
0.217601
1.0
1.0
0.204469
1.0
0.580732
1.0
1.0
1.0
0.158755
1.0
0.302637
0.398755
1.0
1.0
1.0

0.531428
0.0
-0.065597
0.0
0.438567
1.0
1.0
0.0
0.99978
1.0
1.0
1.0
1.0
1.0
1.0
1.0
1.0
0.405202
0.998901
1.0

0.400411
0.0
0.134775
0.0
0.0
1.0
1.0
0.0
1.0
1.0
0.657802
0.611648
0.453846
1.0
1.0
1.0
1.0
1.0
1.0
1.0

0.553466
0.0
0.0
0.0
0.0
1.0
1.0
0.0
1.0
1.0
1.0
0.993407
0.88359
1.0
1.0
0.398755
1.0
1.0
1.0
1.0

1.0
0.0
0.073088
0.0
0.0
1.0
0.933846
0.0
0.763883
1.0
1.0
0.754212
1.0
0.998315
1.0
1.0
1.0
1.0
0.935311
1.0

1.0
-4.1e-05
0.0
0.0
0.024435
1.0
1.0
0.03011
1.0
0.935897
1.0
1.0
0.998608
1.0
1.0
1.0
0.999487
0.986594
1.0
0.99978

