open_f
Left

0.853861
-0.139658
-0.31901
-0.498609
-0.867321
0.758761
0.302051
0.004908
0.041245
0.365641
0.365641
-0.040196
0.0
0.0
-0.257118
0.0
0.0
-0.456425
0.0
0.0

0.891297
-0.135221
-0.253822
-0.460327
-0.737798
0.739403
0.179267
0.0
0.085495
0.396117
0.396117
0.0
0.0
0.0
-0.224613
0.0
0.0
-0.358295
0.0
0.0

0.896848
-0.275859
-0.312932
-0.485044
-1.0664
0.75787
0.204176
0.0
0.094872
0.399634
0.399634
0.0
0.0
0.0
-0.21617
0.0
0.0
-0.411492
0.0
0.0

1.0
-2.015143
-0.461508
-0.498609
-0.906964
0.448236
0.055311
0.0
0.041245
0.092821
0.073187
0.0
0.0
0.0
0.0
0.0
0.0
-0.114592
0.0
0.0

1.0
0.121618
-0.311113
-0.484842
-0.634425
0.584258
0.0
0.0
0.182784
0.064689
0.023956
-0.015133
0.0
0.0
-0.05743
0.0
0.0
-0.156524
0.0
0.0

0.914076
-0.101031
-0.12781
-0.46143
-0.256507
0.837429
0.016044
0.0
0.079634
0.091062
1.0
-0.06356
0.0
0.0
-0.123268
0.0
0.0
-0.209205
0.0
0.0

0.878038
-0.046005
-0.105141
-0.362994
-0.256507
0.525573
0.0
0.0
0.128571
0.244908
0.069963
0.0
0.0
0.0
-0.110253
0.0
0.0
-0.322562
0.0
0.0

1.0
-0.052372
-0.205423
-0.465566
-0.380983
0.902078
0.23978
0.0
0.295604
0.069963
0.365641
-0.107318
0.0
0.0
-0.236302
0.0
0.0
-0.124439
0.0
0.018681

1.0
-2.015143
-0.399908
-0.375982
-0.970305
1.0
0.15348
0.0
0.261319
0.077875
0.304103
0.328718
0.024542
0.0
-0.299345
0.0
0.0
-0.09118
0.0
0.0

0.913114
0.866371
1.461237
-0.262553
-0.609592
1.0
0.006081
0.0
0.190549
0.195385
0.365641
0.009011
0.0
0.0
0.0
0.0
0.005495
-0.156524
0.0
0.018681

0.929075
0.14976
-0.257919
-0.485044
-0.115124
0.584258
0.040659
0.0
0.144103
0.229963
0.168132
-0.107318
0.0
0.0
-0.365047
0.0
0.0
-0.356325
0.0
0.0

0.978643
0.112641
0.437214
-0.463798
-0.704695
0.94734
0.055311
0.0
0.079634
0.113333
0.126227
0.0
0.0
0.024542
-0.177021
0.0
0.0
-0.002435
0.0
0.0

0.952257
0.112641
1.69939
-0.157373
-0.308676
0.584258
0.0
0.010183
0.085495
0.257216
0.131502
0.622637
0.0
0.0
0.0
0.0
0.015458
-0.403909
0.0
0.0

1.0
-0.139658
-0.077515
-0.7013
-1.065042
0.478476
0.179267
0.0
0.19685
0.087839
0.26044
0.08696
0.0
0.0
-0.148478
0.0
0.0
-0.411492
0.0
0.0

0.961779
0.22632
0.465089
-0.624297
-1.467193
0.703072
0.127985
0.0
0.041245
0.087253
0.272747
-0.026688
0.0
0.0
-0.230151
0.0
0.0
-0.054288
0.0
0.0

0.914076
0.143839
-0.31901
-0.485044
-1.467193
1.0
0.15348
0.0
1.0
0.073187
0.090183
0.009011
0.0
0.0
-0.050314
0.0
0.0
-0.020544
0.0
0.001099

0.929075
-1.150929
-0.311113
-0.698235
-0.608177
1.0
0.302051
0.004908
0.034799
0.376191
0.32315
-0.023882
0.0
0.0
-0.177021
0.0
0.005495
-0.166357
0.0
0.018681

1.0
-2.171459
-0.312932
-0.305179
-0.540731
0.478476
0.069377
0.0
0.041538
0.32315
0.157875
-0.097861
0.0
0.0
-0.038313
0.0
0.0
-0.356325
0.0
0.0

