open_h
Left

-0.143025
-0.800494
-0.720429
0.0
0.04725
0.0
-0.042343
-0.029111
0.290916
0.0
0.0
0.304103
0.0
0.0
1.0
1.0
1.0
0.93011
0.999707
0.999707

0.109687
-0.614303
-0.473711
0.000225
0.077973
0.02103
0.030989
0.0
0.291502
0.0
0.0
0.339267
0.0
0.0
0.99956
1.0
1.0
0.934725
0.932381
0.932381

0.194184
-0.720588
-0.543741
0.0
0.0
0.013715
0.023956
0.0
0.410769
0.0
0.0
0.459414
0.0
0.0
1.0
1.0
1.0
1.0
0.976777
0.976777

-0.160063
-0.257512
-0.507252
0.178666
0.077973
0.348201
-0.172328
0.062051
0.675385
0.0
0.0
0.556996
0.0
0.0
0.865275
0.999487
0.999487
0.894579
0.858535
1.0

-0.180644
-0.609598
-0.503638
0.0
0.003741
0.285786
0.093407
0.007253
0.828205
0.0
0.0
0.26718
0.0
0.0
1.0
1.0
1.0
0.907912
0.999194
1.0

-0.492216
-0.356786
0.044561
0.012501
0.0
0.0
0.0
-0.026729
0.291502
0.009304
0.0
0.0
0.0
0.0
0.99956
1.0
0.806374
1.0
0.860293
1.0

0.307984
-0.145893
-0.132105
0.082338
0.0
0.057279
-0.073521
0.034357
0.0
0.0
0.0
0.556996
0.0
0.0
1.0
1.0
1.0
1.0
1.0
0.998901

0.019448
-0.085369
-0.001713
0.000225
0.16411
0.0
-0.029039
-0.063597
0.0
0.0
0.0
0.0
0.0
0.0
0.686374
0.84359
1.0
0.407546
1.0
1.0

-0.164717
-0.494832
0.044561
0.0
0.064453
0.0
0.0
0.0
0.597729
0.0
0.0
0.36315
0.0
0.0
1.0
1.0
0.946154
0.965861
0.858535
1.0

0.301533
-0.221044
0.068987
0.0
0.16411
0.0
0.129744
0.090304
0.231429
0.0
0.0
0.001685
0.0
0.0
1.0
1.0
0.680659
1.0
1.0
0.999194

-0.283083
-0.373316
-0.112883
0.133194
0.174337
0.013715
0.0
0.0
0.444762
0.0
0.0
0.193919
0.0
0.0
0.874066
1.0
1.0
1.0
0.998901
1.0

0.468011
0.099113
-0.356394
0.048394
0.0
0.0
0.047985
0.0
0.0
0.0
0.0
0.028645
0.0
0.0
1.0
1.0
1.0
1.0
1.0
0.999487

-0.119439
-0.38858
0.120218
0.133194
0.0
0.0
-0.092504
0.0
0.279194
0.009304
0.0
0.128864
0.0
0.0
1.0
1.0
1.0
0.99978
0.915971
1.0

-0.465446
-0.724351
-0.507252
0.0
0.0
0.541388
-0.04419
0.011062
0.105714
0.0
0.0
0.607106
0.0
0.0
0.920659
0.52652
1.0
1.0
0.765348
1.0

-0.258048
-0.261098
-0.109895
0.0
0.0
0.0
0.059121
0.0
0.060934
0.0
0.0
0.26718
0.0
0.0
1.0
1.0
0.52652
1.0
1.0
0.567253

-0.122323
-0.221044
-0.473711
0.0
0.0
0.02103
0.080806
-0.019964
0.368865
0.0
0.007546
0.015165
0.0
0.0
0.861026
0.999487
1.0
0.407546
1.0
1.0

-0.240905
-0.315046
0.093981
0.225182
0.427152
0.0
-0.00723
0.0
0.630843
0.0
0.0
0.0
0.0
0.0
1.0
1.0
1.0
1.0
1.0
1.0

-0.472183
0.376786
-0.459414
0.0
0.004871
0.042878
0.0
0.01663
0.321978
0.0
0.0
0.185714
0.0
0.0
1.0
1.0
1.0
1.0
1.0
0.999194

