open_e
Left

-0.034786
-0.122855
-0.361537
-0.266327
-0.338349
0.677974
0.201245
0.0
0.224846
1.0
1.0
0.085201
1.0
1.0
0.057502
0.824835
0.824835
0.034077
0.389817
0.389817

-0.03941
-0.033051
-0.147109
0.003196
0.049198
0.804916
0.271282
0.0
0.277143
1.0
1.0
0.278608
1.0
1.0
0.160806
0.693407
0.693407
0.097802
0.295897
0.295897

0.051374
-0.16093
-0.205055
-0.093565
-0.001948
0.819163
0.211648
0.0
0.296923
1.0
1.0
0.382784
1.0
1.0
0.087839
0.908059
0.908059
0.124469
0.506593
0.506593

0.146699
0.612831
-0.03521
0.20988
-0.095237
0.907919
0.072601
0.100733
-0.025307
0.99978
1.0
0.021319
1.0
0.998608
-0.034378
1.0
1.0
0.054139
0.791429
0.783223

-0.46772
-0.179747
0.130429
0.003196
0.195177
0.968605
0.014286
0.0
-0.059907
1.0
1.0
0.063516
1.0
1.0
-0.018814
0.68652
1.0
0.208571
1.0
0.389817

-0.043873
-0.052373
-0.328612
-0.167771
-0.328835
0.594989
0.204908
0.0
-0.395076
1.0
1.0
0.192643
0.998315
1.0
0.0
1.0
0.999194
0.012821
1.0
1.0

0.034061
-0.033051
-0.32263
-0.310893
-0.205476
0.362635
0.198608
0.0
-0.215664
1.0
1.0
0.0
1.0
1.0
0.0
1.0
1.0
0.05461
0.986007
0.35304

0.303481
0.249682
0.055954
0.239669
-0.128425
0.987969
0.0
0.0
-0.069585
1.0
1.0
0.0
0.998022
1.0
0.245201
1.0
1.0
0.011116
0.319927
1.0

0.013174
0.181918
-0.221578
-0.289009
-0.055412
0.675713
0.629377
0.014286
0.41956
1.0
1.0
0.038902
0.998608
1.0
0.08532
1.0
1.0
0.057363
1.0
1.0

-0.233133
-0.064438
-0.224546
0.20988
-0.073036
1.0
0.0
0.091941
0.044176
1.0
1.0
-0.024712
0.998315
1.0
0.138576
0.391575
0.999194
0.011116
0.506593
0.221172

0.110856
0.240129
-0.283547
0.055197
0.195177
0.820255
0.407839
0.424982
0.028352
0.99978
1.0
0.208464
1.0
0.998608
0.051353
1.0
1.0
0.197704
0.202711
0.666887

0.125805
0.363456
-0.080541
-0.201226
0.08175
0.987969
0.344542
0.007253
0.031868
1.0
1.0
-0.023818
0.801832
0.999194
0.061238
1.0
0.955385
-0.048959
0.769597
0.783223

-0.024386
0.1307
0.011608
0.02431
-0.175708
0.783797
0.181612
0.0
-0.119439
1.0
1.0
0.0
0.998608
0.999194
0.045934
1.0
1.0
0.0
0.58293
1.0

-0.144246
0.109515
-0.188274
0.035846
-0.081297
0.987714
0.211648
0.0
-0.062604
1.0
1.0
0.046813
1.0
1.0
0.038891
1.0
0.824835
0.012821
1.0
1.0

0.466066
-0.16093
-0.279172
-0.04448
-0.073036
0.847083
0.344542
0.0
0.031868
0.99978
1.0
0.085201
1.0
0.998022
-0.049334
1.0
1.0
0.154232
0.221172
1.0

0.042791
0.042291
0.002796
-0.030699
0.08175
0.645738
0.138974
0.0
0.001562
1.0
1.0
0.018388
1.0
1.0
0.044176
0.57663
0.999194
0.01956
0.497802
0.389817

0.001916
0.381051
-0.130128
-0.129871
-0.328835
0.362635
0.201245
0.0
-0.059907
1.0
1.0
-0.207502
1.0
0.632308
0.0
1.0
0.727253
0.027766
0.769597
1.0

0.466066
0.056342
-0.057361
-0.167767
-0.307596
0.63468
0.332234
0.0
1.0
1.0
1.0
0.041539
0.998315
1.0
0.6263
1.0
1.0
0.042125
0.58293
0.202711

