q
Left

1.0
-0.594515
0.043046
0.245974
0.200511
1.0
0.438901
0.0
0.232015
0.018095
0.018095
0.953114
1.0
1.0
0.772821
1.0
1.0
0.834799
1.0
1.0

1.0
-0.502061
0.205829
0.323882
0.317413
1.0
0.386447
0.0
0.217656
0.021026
0.021026
0.792015
1.0
1.0
0.719194
1.0
1.0
0.707912
1.0
1.0

1.0
-0.468072
0.191027
0.332174
0.10941
1.0
0.408132
0.0
0.218535
0.018388
0.018388
0.814286
1.0
1.0
0.655018
1.0
1.0
0.925934
1.0
1.0

1.0
-0.1272
0.202068
0.0
0.014124
1.0
0.016044
0.0
0.232308
0.018388
0.039194
0.63348
1.0
1.0
1.0
1.0
1.0
1.0
1.0
1.0

1.0
-0.543256
0.0
0.206186
0.412256
1.0
0.297656
0.0
0.317582
0.216484
0.059414
1.0
1.0
1.0
0.969597
1.0
1.0
1.0
1.0
0.998901

1.0
-0.62937
0.069967
0.323882
0.200511
0.964808
0.0
0.0
0.051795
0.0
0.0
1.0
0.868938
1.0
1.0
1.0
1.0
0.738535
1.0
1.0

1.0
-0.498698
0.010443
-0.136203
-0.033608
0.924296
0.30674
0.0
0.022198
0.05619
0.041538
0.724322
0.998315
1.0
0.974432
1.0
1.0
0.569011
1.0
1.0

1.0
-0.89702
0.069967
0.036324
0.360507
1.0
0.19641
0.0
0.41326
0.058828
0.0
0.62967
0.998022
0.998315
1.0
1.0
1.0
0.881978
0.99978
0.997729

1.0
-1.043307
0.316195
0.0
0.196647
1.0
0.297363
0.0
0.375604
0.0
0.05707
1.0
1.0
0.868938
1.0
1.0
1.0
0.46967
1.0
1.0

1.0
-0.317939
0.025835
0.0
0.207492
1.0
0.438901
0.0
1.0
0.0
0.0
0.557876
1.0
0.759487
0.842711
1.0
1.0
0.47348
1.0
1.0

1.0
-0.236433
-0.300734
0.0
0.579171
0.678308
0.011941
0.0
0.022198
0.050623
0.059707
0.973113
0.999194
0.999194
0.565202
0.999487
1.0
1.0
1.0
1.0

1.0
0.383167
0.069967
-0.130823
0.00114
1.0
0.065861
0.0
0.476264
0.0
0.189231
1.0
0.998022
0.751868
1.0
0.999487
1.0
0.925934
1.0
1.0

1.0
-0.405002
0.0
0.0
0.01676
0.918245
0.239634
0.0
0.719341
0.03304
0.014286
1.0
0.759487
1.0
1.0
1.0
1.0
0.590549
1.0
1.0

0.749026
-1.017881
0.033039
-0.152577
0.014124
1.0
0.228205
0.0
0.523297
0.067033
0.03304
0.769597
1.0
1.0
0.655018
1.0
1.0
0.288718
1.0
1.0

0.951412
-0.131447
0.159047
0.034355
0.793596
1.0
0.368865
0.0
0.418388
0.061465
0.058828
0.765348
0.993846
1.0
0.842711
1.0
0.999487
0.707912
1.0
1.0

1.0
-0.023805
-0.500938
-0.152577
0.369062
0.920158
0.0
0.0
0.14674
0.035678
0.0
1.0
0.999707
0.942344
0.655018
1.0
0.999487
0.96022
1.0
1.0

1.0
-0.471229
0.105217
0.000125
0.410416
1.0
0.30674
0.0
0.173407
0.020733
0.05707
1.0
1.0
1.0
0.926813
0.999194
1.0
0.817949
1.0
0.998901

1.0
-0.378717
0.0
0.076616
0.26338
0.74713
0.239634
0.0
0.239487
0.014286
0.058828
0.580586
1.0
1.0
0.41663
1.0
1.0
0.742198
0.99978
1.0

