r
Left

0.505533
-0.403882
0.371972
0.256196
0.03568
1.0
1.0
0.160806
0.260733
0.003443
0.003443
0.124762
0.120952
0.120952
0.610916
1.0
1.0
0.968938
0.806081
0.806081

0.496426
-0.144428
0.367715
0.315255
0.049301
1.0
1.0
0.17033
0.190403
0.038022
0.038022
0.268059
0.040366
0.040366
0.593773
1.0
1.0
0.966777
1.0
1.0

0.522425
-0.246883
0.326311
0.314884
0.047144
1.0
1.0
0.137656
0.180733
0.0
0.0
0.106007
0.021319
0.021319
0.651502
1.0
1.0
0.975311
1.0
1.0

0.360462
-0.347264
0.206867
0.0
0.680746
1.0
1.0
0.17033
0.162271
0.0
0.016923
0.126227
0.052381
0.068791
1.0
1.0
1.0
0.59348
1.0
1.0

0.575093
-0.838385
0.290507
0.379896
0.03568
1.0
1.0
1.0
0.411648
0.0
0.0
0.0
0.292967
0.0
1.0
1.0
1.0
0.694286
0.99978
0.998901

0.494563
-0.702123
0.013988
0.140631
0.563213
1.0
1.0
0.75978
0.204762
0.0
0.0
0.0
0.026886
0.0
0.906007
1.0
0.999487
1.0
1.0
1.0

0.373384
-0.72776
0.036795
0.0
0.442447
1.0
1.0
0.258974
0.259707
0.0
0.0
0.11304
0.0
0.0
0.782344
1.0
1.0
0.60696
1.0
1.0

0.431055
-0.130704
0.238895
0.093387
0.122907
1.0
1.0
0.137656
0.225861
0.0
0.0
0.315971
0.041832
0.046227
0.768425
1.0
1.0
0.651355
1.0
1.0

0.496426
-0.318716
-0.00604
0.0
0.228368
1.0
0.449451
0.064396
0.190403
0.003443
0.0
0.006667
0.102784
0.0
0.626447
1.0
0.719341
0.487253
1.0
1.0

0.61154
-0.421174
0.734952
0.0
0.311007
1.0
1.0
0.072894
0.405201
0.0
0.0
0.0
0.0
0.0
1.0
1.0
0.999487
0.975311
1.0
0.998901

0.431055
0.725586
0.238438
0.147181
0.332803
1.0
1.0
0.292381
0.212381
0.0
0.011648
-0.001399
0.037729
0.0
1.0
0.999487
1.0
0.456777
1.0
1.0

0.370623
-0.821748
0.396646
0.256196
0.282897
1.0
0.300586
1.0
0.211795
0.0
0.0
0.049744
0.0
0.102784
0.766813
1.0
1.0
0.472308
0.99978
1.0

0.475039
-0.504246
0.036795
0.0
0.418173
1.0
1.0
0.138388
0.335165
0.0
0.0
0.087546
0.017802
0.079634
0.766813
1.0
1.0
0.587473
1.0
1.0

0.76794
-0.339843
0.303404
0.0
0.209993
1.0
0.417216
0.078462
0.411648
0.0
0.0
0.067326
0.079634
0.292967
1.0
1.0
1.0
0.429524
1.0
1.0

0.168027
0.251035
-0.018971
-0.060085
0.28932
1.0
1.0
0.0
0.681832
0.00022
0.00022
0.0
0.0
0.0
0.593773
1.0
1.0
0.052381
1.0
1.0

0.751157
0.373177
-0.053596
0.0
0.442447
1.0
1.0
0.148498
0.184542
0.0
0.0
0.019267
0.046227
0.102784
1.0
1.0
1.0
0.371502
1.0
1.0

0.419454
-0.524241
0.505658
0.143577
0.049301
1.0
1.0
1.0
0.681832
0.0
0.0
0.008718
0.0
0.010183
0.778681
1.0
1.0
0.343956
1.0
0.997729

0.373384
-0.421174
0.03554
0.282597
0.440235
1.0
0.533846
0.141026
0.212381
0.0
0.0
0.349817
0.0
0.0
1.0
1.0
1.0
0.625275
0.99978
1.0

