s
Left

0.818555
-0.071063
-0.004446
0.149587
0.066404
1.0
1.0
0.205055
0.733993
1.0
1.0
0.914505
1.0
1.0
0.718169
1.0
1.0
0.805788
1.0
1.0

0.794107
-0.166134
-0.044163
0.194827
0.181865
1.0
1.0
0.041832
0.706447
1.0
1.0
0.898095
1.0
1.0
0.639487
1.0
1.0
0.599487
1.0
1.0

0.769125
-0.27924
-0.007016
0.232505
0.273106
1.0
0.800806
0.039487
0.616484
1.0
1.0
0.985788
1.0
1.0
0.612674
1.0
1.0
0.540733
1.0
1.0

0.889129
0.0
-0.10553
-0.012574
-0.182508
1.0
1.0
0.030989
1.0
1.0
1.0
0.764908
0.998022
1.0
1.0
0.999194
1.0
0.575018
1.0
1.0

0.748156
0.0
0.0
0.0
0.521492
1.0
1.0
0.060293
1.0
1.0
0.99978
1.0
1.0
1.0
0.970769
0.999487
1.0
0.944982
1.0
0.99978

0.457487
0.0
0.0
0.0
0.02686
1.0
0.36359
0.805641
1.0
1.0
1.0
0.774579
1.0
1.0
0.34718
1.0
1.0
0.326667
1.0
1.0

0.997194
0.0
-0.222524
0.0
0.066404
1.0
0.827473
1.0
1.0
1.0
1.0
1.0
0.99978
1.0
0.903517
1.0
1.0
0.37033
0.998901
0.999194

0.681716
0.0
0.039753
0.017193
0.136236
1.0
1.0
1.0
1.0
1.0
1.0
1.0
1.0
0.998315
1.0
1.0
1.0
0.767546
1.0
1.0

0.631903
0.0
0.0
0.0
0.061292
1.0
0.396703
0.022491
1.0
1.0
1.0
1.0
0.998022
1.0
1.0
1.0
1.0
1.0
1.0
1.0

0.756985
0.0
0.0
0.02541
-0.182508
1.0
1.0
0.0
1.0
1.0
1.0
0.762125
1.0
1.0
0.484615
1.0
1.0
0.608571
1.0
1.0

0.990102
-0.27924
0.0
0.0
0.047473
1.0
0.415751
1.0
0.675385
0.99978
1.0
1.0
1.0
0.998022
1.0
1.0
1.0
0.805788
0.994213
1.0

0.662409
-0.186198
0.0
0.248599
0.274501
1.0
0.691941
0.047692
1.0
1.0
1.0
1.0
0.998608
0.998608
0.903517
1.0
1.0
0.767546
1.0
0.999487

0.889129
-0.022628
0.0
0.239638
0.0
1.0
1.0
1.0
0.616484
1.0
1.0
0.774579
1.0
1.0
0.585568
1.0
1.0
0.639048
0.998901
0.810916

1.0
0.0
-0.003066
0.0
0.047473
1.0
1.0
0.544689
1.0
1.0
1.0
1.0
1.0
1.0
1.0
1.0
0.998315
0.425421
1.0
1.0

0.470176
0.0
0.022889
-0.088669
-0.371526
1.0
1.0
0.781392
0.620293
1.0
1.0
0.742784
1.0
0.998315
1.0
1.0
1.0
0.739267
0.999194
1.0

0.631903
0.0
0.029656
0.269243
0.620121
1.0
0.98315
0.739267
1.0
1.0
0.99978
1.0
1.0
1.0
0.708205
0.999194
0.999487
1.0
0.810916
0.994213

0.662409
0.0
0.0
-0.088669
0.061292
1.0
1.0
0.022491
1.0
1.0
1.0
0.997802
1.0
1.0
1.0
1.0
1.0
0.331941
0.915092
0.999194

0.487521
0.0
-0.003066
0.0
0.0
1.0
1.0
0.910256
0.706447
1.0
1.0
0.786447
0.998022
1.0
0.529744
1.0
1.0
1.0
1.0
1.0

