spread_open_e
Left

0.437091
0.714052
-0.091239
-0.124309
-0.435706
1.0
0.680952
0.009304
-0.072696
1.0
1.0
-0.168957
0.762857
0.762857
-0.088016
0.594945
0.594945
0.021319
0.445201
0.445201

0.325531
0.636008
-0.001978
-0.250395
-0.472839
0.994185
0.593626
0.022491
-0.038935
1.0
1.0
-0.084031
0.501612
0.501612
-0.022299
0.522711
0.522711
0.006374
0.311429
0.311429

0.364717
0.644464
0.0623
-0.390706
-0.506195
0.97243
0.42337
0.0
-0.068983
1.0
1.0
-0.148842
0.83304
0.83304
-0.095856
1.0
1.0
0.014872
0.26044
0.26044

0.228969
0.538693
0.008029
-0.091485
-0.578559
0.534622
0.259121
0.0
0.017294
1.0
1.0
0.0
0.976044
0.665714
-0.069887
1.0
1.0
0.078755
0.376777
0.73619

0.388518
0.675192
0.536018
-0.119446
-0.423312
0.569449
0.171355
0.260147
-0.220949
1.0
1.0
-0.094078
0.998608
1.0
0.100087
0.522711
0.981026
0.029524
0.199634
0.341612

0.284923
0.613124
-0.323324
-0.124309
-0.504422
1.0
0.593626
0.030989
-0.078373
1.0
1.0
-0.089919
1.0
0.735458
0.048357
0.821465
1.0
0.0
0.341612
0.585128

0.323005
0.644464
-0.094578
-0.246861
-0.504422
0.601437
0.178388
0.422491
0.0
0.99978
1.0
-0.089919
1.0
0.735458
-0.026875
1.0
0.981026
0.03011
0.775018
0.504835

0.267978
0.714052
0.282191
-0.18086
-0.348598
0.423851
0.052088
0.0
0.0
1.0
1.0
-0.049161
1.0
1.0
0.032312
1.0
1.0
0.006374
0.341612
1.0

-0.11107
0.380233
0.010745
0.590823
-0.198725
0.681029
0.593626
0.02044
-0.220949
1.0
1.0
-0.054786
1.0
0.501612
0.079414
0.8137
0.927692
0.008718
0.501319
1.0

-0.086569
0.470594
-0.191726
-0.622647
-0.496437
0.481374
0.11011
0.000806
-0.089616
1.0
1.0
-0.247488
1.0
1.0
-0.202417
0.999194
1.0
0.3337
0.350403
0.183956

0.352752
0.682638
0.232812
-0.36837
-0.474349
0.709996
0.259121
0.0
0.029231
1.0
1.0
-0.138541
1.0
0.665714
-0.127715
0.549231
1.0
0.159141
0.712601
0.901612

-0.116673
1.460997
-0.323324
-0.366891
-0.244196
0.601437
0.0
0.097509
0.0
1.0
1.0
-0.13643
1.0
0.715678
-0.022299
1.0
1.0
0.05619
0.199634
0.322271

0.17559
0.718532
0.264327
-0.343931
0.255276
0.545532
0.050916
0.0
-0.022863
0.92652
1.0
-0.051164
0.966374
0.841099
0.017052
1.0
1.0
0.0
0.413407
0.350403

0.501839
0.632858
0.010232
-0.119446
-0.051558
0.517786
0.038022
0.0
0.038667
1.0
1.0
-0.045861
1.0
1.0
-0.010492
1.0
0.715384
0.0
0.334286
0.906593

0.314614
0.334725
0.008029
0.067553
-0.49203
0.288179
0.0
0.022491
-0.089867
1.0
1.0
-0.099355
0.867766
0.902491
-0.141748
1.0
1.0
-0.123057
0.629817
0.199634

0.290704
0.380233
-0.140844
-0.251328
-0.506195
0.423851
0.42337
0.0
-0.093293
1.0
1.0
-0.08437
1.0
0.851209
-0.035309
0.67685
0.594945
0.025421
0.778388
0.626886

0.47415
0.395365
0.65545
-0.24442
-0.321515
0.273145
0.0
0.064103
-0.234303
0.826886
1.0
0.0
0.83304
1.0
-0.049322
1.0
1.0
0.0
0.321685
0.371502

0.282745
0.714052
1.348773
-0.18086
-0.474779
0.823915
0.212967
0.422491
-0.262573
0.942637
0.942637
-0.24919
1.0
0.902491
-0.124837
1.0
1.0
0.013114
0.626886
0.445201

