stacked_5
Left

0.510178
0.285136
-0.215096
-0.305802
0.183346
1.0
0.334286
0.0
0.059203
0.0
0.0
0.230843
0.0
0.0
0.117436
0.052674
0.052674
0.644322
0.071429
0.071429

0.440166
0.210312
-0.131447
-0.192684
0.047283
0.989946
0.155531
0.0
-0.013187
0.0
0.0
0.484615
0.0
0.0
0.114359
0.035971
0.035971
0.717289
0.016923
0.016923

0.334057
0.173349
-0.147174
-0.249885
0.047202
0.940548
0.144689
0.0
-0.033297
0.0
0.0
0.636264
0.0
0.0
0.156996
0.017509
0.017509
0.807253
0.03685
0.03685

-0.17776
0.280939
0.327905
-0.276659
-0.112009
0.385698
0.0
0.028645
0.069084
0.0
0.0
0.315238
0.0
0.051795
0.753919
0.0
0.028645
1.0
0.0
0.145568

0.334057
0.623015
0.366859
0.0
-0.012172
0.303786
0.217656
0.0
0.287985
0.0
0.0
1.0
0.0
0.0
1.0
0.0
0.035971
0.751868
0.112161
0.050037

0.817363
0.287459
0.089332
0.285862
-0.385945
1.0
0.019267
0.0
-0.186423
0.0
0.0
0.523004
0.0
0.072308
0.322857
0.005788
0.005788
0.430403
0.999414
0.005788

-0.368439
0.511908
-0.129386
-0.051311
0.181537
0.184042
0.0
0.0
-0.037145
0.0
0.0
0.750696
0.0
0.0
1.0
0.052674
0.013114
1.0
0.126374
0.031575

0.507869
-0.073915
-0.105116
-0.33949
0.0
0.966783
0.0
0.0
0.323736
0.0
0.0
0.523004
0.0
0.0
0.117436
0.024542
0.070256
1.0
0.0
0.404176

0.461889
0.210312
0.08989
0.195578
-0.557725
0.450522
0.0
0.098681
0.090669
0.0
0.0
0.791429
0.0
0.0
0.517582
0.013407
0.128864
0.651941
0.071429
0.176044

0.353554
0.608763
0.296541
0.006023
0.047283
0.947311
0.0
0.0
-0.006041
0.0
0.0
0.804615
0.0
0.0
1.0
0.001099
0.059414
1.0
0.277143
0.313773

0.125738
0.366662
0.264094
0.448798
0.267242
0.613206
0.161978
0.0
-0.062089
0.0
0.0
0.273626
0.0
0.0
1.0
0.054432
0.016044
0.534725
0.385861
0.0

0.411046
0.285136
0.0
0.089577
0.476447
0.927462
0.155531
0.0
0.044469
0.0
0.0
0.288864
0.0
0.0
0.595092
0.240806
0.152601
0.644322
0.999414
0.003443

0.461355
0.469076
0.120669
-0.276659
0.267242
0.948268
0.0
0.0
-0.082117
0.0
0.0
0.96315
0.0
0.157582
0.477876
0.0
0.0
1.0
0.03978
0.277143

0.461809
0.049018
0.242031
0.448798
0.0
1.0
0.429817
0.0
0.090669
0.0
0.0
0.275971
0.0
0.0
0.701465
0.047692
0.188352
0.849158
0.0
0.385861

-0.368439
0.561276
0.186698
-0.345509
0.022127
1.0
0.528865
0.0
0.007503
0.0
0.0
0.061172
0.0
0.0
0.046227
0.040952
0.240806
0.926813
0.199634
0.143517

0.334057
0.28538
0.179144
0.172211
0.080629
1.0
0.051502
0.0
0.057652
0.0
0.0
0.358022
0.0
0.0
0.046227
0.043297
0.036557
1.0
0.08022
0.031575

0.004374
0.428389
0.319794
0.035226
0.109567
1.0
0.0
0.0
0.0
0.0
0.0
0.197729
0.0
0.0
0.444469
0.001978
0.0
0.957875
0.034505
0.126374

0.383338
0.366662
0.227234
0.444386
0.035194
1.0
0.084615
0.08989
0.090669
0.0
0.0
0.448864
0.0
0.0
0.074652
0.011941
0.152601
0.478022
0.051502
0.38293

