4
Left

0.182107
0.650661
-0.094079
0.291674
-0.370116
1.0
1.0
0.979267
0.139414
0.0
0.0
0.099853
0.0
0.0
-0.14733
0.0
0.0
0.0
0.0
0.0

0.089534
0.613165
-0.131435
0.0
-0.3092
1.0
1.0
0.895751
0.11685
0.0
0.0
0.135018
0.0
0.0
-0.163153
0.0
0.0
0.0
0.0
0.0

0.502084
0.299718
-0.101369
-0.172901
-0.438995
1.0
1.0
0.939707
0.054725
0.0
0.0
0.0
0.0
0.0
-0.056766
0.0
0.0
0.0
0.0
0.0

0.434647
0.515178
0.294541
-0.172901
0.035855
1.0
1.0
0.043297
0.0
0.0
0.0
-0.018108
0.0
0.0
-0.037
0.0
0.0
0.07641
0.0
0.0

0.993769
0.367673
0.053404
-0.140701
-0.374139
1.0
0.958169
0.025421
0.062344
0.0
0.0
0.0
0.0
0.0
-0.132931
0.0
0.0
0.041245
0.0
0.0

0.308934
0.527065
0.217106
-0.130496
-0.207104
1.0
1.0
0.133846
0.0
0.0
0.0
0.42718
0.0
0.0
0.0
0.0
0.0
-0.019701
0.0
0.0

0.995942
0.525348
0.294541
-0.080711
-0.232784
1.0
1.0
0.234359
0.0
0.0
0.0
0.0
0.0
0.0
0.0
0.0
0.0
0.018388
0.0
0.0

0.182107
1.275852
0.093259
-0.149972
-0.327917
1.0
1.0
0.935971
0.0
0.0
0.0
0.0
0.0
0.0
0.0
0.0
0.0
0.0
0.0
0.0

0.993769
0.321155
0.124564
-0.111479
-0.438995
1.0
1.0
0.129451
0.00989
0.0
0.0
0.099853
0.0
0.0
0.0
0.0
0.0
0.005788
0.0
0.0

0.549505
0.726962
0.017217
0.259637
-0.658945
1.0
1.0
0.030989
-0.124906
0.0
0.0
0.135018
0.0
0.0
0.0
0.0
0.0
0.030403
0.0
0.0

0.317647
0.68014
0.140636
-0.182632
-0.70332
1.0
1.0
0.023956
-0.014199
0.0
0.0
-0.045349
0.0
0.0
0.0
0.0
0.0
-0.026878
0.0
0.0

0.282324
0.26203
-0.029871
-0.304083
-0.45975
1.0
1.0
0.219414
0.0
0.0
0.0
0.0
0.0
0.0
-0.042688
0.0
0.0
-0.068758
0.0
0.0

0.218722
0.632532
0.038078
0.346849
-0.443811
1.0
1.0
1.0
-0.05153
0.0
0.0
0.014118
0.0
0.0
0.0
0.0
0.0
0.0
0.0
0.0

0.448978
0.034207
0.135889
0.0
-0.157392
1.0
1.0
0.337363
0.00989
0.0
0.0
0.0
0.0
0.0
-0.107773
0.0
0.0
-0.026878
0.0
0.0

0.492758
0.595926
0.304059
-0.19843
-0.438995
1.0
1.0
0.055604
0.0
0.0
0.0
0.004908
0.0
0.0
0.0
0.0
0.0
0.0
0.0
0.0

0.367327
0.515178
0.17268
-0.34611
-0.48489
1.0
0.820293
0.258095
0.0
0.0
0.0
0.0
0.0
0.0
0.0
0.0
0.0
0.0
0.0
0.0

-0.522708
0.07826
-0.008156
0.160148
-0.307324
1.0
1.0
0.062051
-0.04284
0.0
0.0
0.0
0.0
0.0
0.03978
0.0
0.0
-0.103513
0.0
0.0

0.274362
0.575232
0.073056
-0.18806
-0.168893
1.0
1.0
0.0
-0.017853
0.0
0.0
0.160513
0.0
0.0
0.0
0.0
0.0
0.0
0.0
0.0

