5
Left

0.160312
0.372027
0.046741
0.324482
-0.065508
0.093207
0.058242
0.011941
0.0
0.0
0.0
0.0
0.0
0.0
0.0
0.0
0.0
0.0
0.0
0.0

0.043068
0.410455
0.192897
0.826598
0.471429
0.125554
0.017216
0.007253
0.018974
0.0
0.0
0.0
0.0
0.0
0.0
0.0
0.0
0.0
0.0
0.0

0.137922
0.438949
0.219321
0.943201
0.858823
0.254301
0.042125
0.004615
0.074652
0.0
0.0
0.0
0.0
0.0
0.0
0.0
0.0
0.0
0.0
0.0

0.160312
0.310623
0.255651
-0.231741
-0.945313
0.242139
-0.107011
0.0
-0.059515
0.019267
0.0
-0.048258
0.0
0.0
-0.030085
0.0
0.0
-0.045459
0.0
0.0

0.262714
0.611335
-0.084964
-0.315376
-0.59414
0.078538
0.0
0.0
0.0
0.0
0.007253
-0.008115
0.0
0.0
0.0
0.0
0.0
-0.042786
0.001685
0.0

0.301075
0.348273
-0.153978
-0.148648
-0.870333
0.0
0.055897
0.0
-0.116638
0.0
0.014286
0.0
0.0
0.0
-0.149483
0.004615
0.0
-0.204543
0.0
0.0

0.406435
0.611335
-0.084964
0.223737
-0.704083
0.212013
0.04652
0.0
0.052674
0.0
0.0
-0.007222
0.0
0.0
0.010476
0.0
0.0
-0.080667
0.0
0.0

-0.200043
0.348273
-0.118933
-0.231741
-0.493851
0.0
0.0
0.0
-0.100596
0.0
0.0
-0.024315
0.0
0.0
0.036164
0.0
0.025714
-0.082359
0.010769
0.0

0.556637
0.652082
0.152833
-0.237192
-0.692578
0.0
0.0
0.0
-0.108794
0.0
0.0
0.010387
0.0
0.0
0.035385
0.0
0.023956
-0.149621
0.0
0.0

0.1775
0.331629
0.255651
-0.231741
-0.480399
0.158395
0.174579
0.0
-0.103463
0.0
0.0
-0.017375
0.0
0.0
-0.152523
0.0
0.0
-0.091934
0.0
0.0

0.306056
0.410829
0.356887
-0.246375
-0.532996
0.242139
0.0
0.0
-0.090386
0.0
0.0
-0.068921
0.0
0.0
-0.030085
0.0
0.0
0.0
0.001685
0.0

0.30099
0.337756
-0.129044
0.324482
-1.227225
0.0
0.04652
0.0
0.052674
0.0
0.0
0.0
0.0
0.0
-0.070756
0.0
0.0
0.0
0.0
0.0

0.349158
0.500666
0.219321
-0.360593
0.119409
0.0
-0.045696
-0.004741
-0.05097
0.0
0.0
-0.007277
0.0
0.0
-0.204812
0.0
0.0
0.0
0.0
0.0

0.653953
0.677355
0.356887
0.068779
-0.489187
0.254301
0.0
0.001685
-0.034381
0.0
0.0
0.0
0.0
0.0
-0.055837
0.0
0.0
-0.158191
0.0
0.0

-0.163803
0.445598
0.080286
0.168535
-0.728454
0.032871
0.0
0.0
-0.115249
0.0
0.0
-0.025038
0.0
0.0
-0.123289
0.0
0.004615
0.0
0.0
0.0

0.098509
0.76493
-0.070069
-0.225597
0.1901
0.254301
0.0
0.0
0.018974
0.019267
0.0
-0.003281
0.0
0.0
-0.149949
0.025714
0.006081
-0.055636
0.0
0.0

0.556637
0.507159
0.118505
0.068779
-0.480399
0.318841
-0.107011
0.0
-0.121303
0.0
0.0
-0.066017
0.0
0.0
-0.015115
0.0
0.0
-0.149621
0.0
0.0

0.048811
0.438988
0.121453
-0.403546
-0.489187
0.244687
0.0
0.0
-0.024251
0.0
0.0
0.0
0.0
0.0
0.0
0.004615
0.0
-0.149991
0.0
0.0

