a
Left

0.249467
0.0
0.0
0.0
0.0
0.0
-0.176224
-0.121154
1.0
1.0
1.0
1.0
1.0
1.0
1.0
0.999487
0.999487
1.0
0.999194
0.999194

0.37841
0.0
0.0
0.0
0.0
0.0
-0.070416
-0.031781
1.0
1.0
1.0
1.0
1.0
1.0
1.0
0.999487
0.999487
1.0
0.999194
0.999194

0.404958
0.023192
-0.047163
0.0
0.2523
0.0
-0.06161
-0.042357
0.550843
1.0
1.0
0.65663
1.0
1.0
1.0
0.999487
0.999487
0.872601
0.999194
0.999194

-0.036385
0.0
0.0
0.0
0.0
0.0
-0.049966
0.282487
1.0
1.0
1.0
0.99978
0.99011
0.998022
1.0
1.0
1.0
1.0
1.0
0.67978

-0.205513
0.0
0.0
0.0
0.011301
0.0
-0.20958
0.042418
1.0
1.0
1.0
1.0
0.998608
1.0
1.0
1.0
1.0
0.997143
1.0
1.0

0.64066
0.0
-0.000336
0.0
0.001546
0.0
0.0
0.143122
0.99978
1.0
1.0
1.0
1.0
1.0
1.0
1.0
1.0
1.0
0.999487
0.99978

-0.124112
0.0
-0.000459
0.0
-0.001167
0.0
-0.227841
-0.042357
1.0
1.0
1.0
1.0
1.0
1.0
1.0
1.0
1.0
1.0
1.0
0.999487

-0.205513
0.0
0.0
0.0
0.0
0.0
-0.048563
0.0
1.0
1.0
0.99978
1.0
1.0
1.0
1.0
1.0
1.0
0.91011
1.0
1.0

-0.036385
0.0
0.0
0.0
0.0
0.0
-0.068036
0.0
1.0
1.0
1.0
1.0
1.0
1.0
1.0
1.0
1.0
1.0
1.0
1.0

-0.370793
0.0
0.0
0.0
0.0
0.279935
0.0
-0.1875
1.0
0.99978
1.0
1.0
1.0
0.998608
1.0
0.99685
1.0
1.0
0.997729
0.998901

0.623435
0.0
0.0
0.0
0.2523
0.0
0.047106
-0.049885
1.0
1.0
1.0
1.0
1.0
1.0
1.0
1.0
1.0
1.0
1.0
1.0

0.882054
0.0
0.0
0.0
0.020156
0.0
0.0
-0.091366
1.0
1.0
1.0
1.0
1.0
1.0
1.0
1.0
1.0
1.0
1.0
0.999194

0.14569
0.0
0.0
0.0
0.00388
0.0
0.0
0.279623
1.0
1.0
0.99978
1.0
1.0
0.998022
1.0
0.782198
1.0
1.0
1.0
0.99978

0.055807
0.0
0.0
0.0
0.0
0.0
0.0
-0.1875
0.999487
1.0
1.0
1.0
1.0
1.0
1.0
1.0
1.0
0.99978
1.0
0.997729

0.882054
0.0
0.0
0.0
0.0
0.0
-0.323479
-0.1875
1.0
1.0
1.0
1.0
0.998022
0.99011
1.0
1.0
1.0
0.998022
0.999487
0.821612

-0.304466
0.0
0.0
0.0
0.00388
0.709271
-0.070416
-0.1754
1.0
1.0
1.0
1.0
1.0
1.0
1.0
1.0
1.0
0.99978
1.0
0.999194

0.521801
0.0
0.0
0.0
0.0
0.0
-0.176224
-0.042357
0.999487
1.0
1.0
1.0
0.998022
1.0
1.0
1.0
1.0
1.0
0.99978
1.0

0.37841
-0.000936
0.0
0.0
0.0
0.304096
-0.011716
-0.1875
1.0
1.0
1.0
1.0
1.0
0.998608
1.0
1.0
1.0
0.998022
1.0
1.0

