baby_o
Left

0.543867
0.0
0.0
0.0
0.0
1.0
0.453553
0.001685
1.0
0.689451
0.689451
1.0
1.0
1.0
1.0
0.999487
0.999487
1.0
0.999194
0.999194

0.498458
0.0
0.0
0.0
0.0
1.0
0.316996
0.0
1.0
0.64022
0.64022
1.0
1.0
1.0
1.0
0.999487
0.999487
1.0
0.999194
0.999194

0.555902
0.0
0.0
0.0
0.0
1.0
0.272308
0.0
1.0
0.412528
0.412528
1.0
1.0
1.0
1.0
0.999487
0.999487
1.0
0.902198
0.902198

0.222211
0.0
0.0
0.0
0.0
1.0
0.0
0.001685
1.0
1.0
0.459414
1.0
1.0
0.990183
1.0
1.0
1.0
0.815018
0.99978
1.0

0.586508
-0.060764
0.0
0.0
9.7e-05
1.0
0.223224
0.445641
0.851355
0.83978
0.618828
1.0
1.0
1.0
1.0
1.0
1.0
0.997509
0.827619
1.0

0.79714
-0.089594
0.0
0.0
0.000127
0.919843
0.046813
0.078755
0.589817
1.0
1.0
1.0
1.0
0.998315
1.0
1.0
0.736337
1.0
0.863956
0.998901

0.678816
0.000318
0.0
0.0
0.012115
0.997985
0.08696
0.0
0.694139
0.554359
1.0
1.0
0.998315
0.998022
1.0
1.0
0.999487
0.741319
0.863956
1.0

0.655158
-0.046063
0.0
0.0
0.389849
0.941869
0.261319
0.0
1.0
0.99978
0.618828
1.0
1.0
0.999194
1.0
1.0
1.0
1.0
1.0
0.827619

0.639784
-0.089594
0.0
0.0
0.009612
1.0
0.094872
0.99978
0.712015
0.302051
0.412528
1.0
1.0
0.998315
1.0
1.0
1.0
1.0
0.999194
1.0

0.724741
0.0
-0.000309
0.0
0.0
0.919843
0.215458
0.462637
0.712015
1.0
1.0
1.0
1.0
1.0
1.0
1.0
1.0
0.991575
1.0
0.999487

0.661939
-0.503169
0.0
0.0
0.004898
1.0
0.268059
0.0
0.589817
1.0
1.0
1.0
0.998022
0.998315
1.0
1.0
1.0
0.792601
1.0
0.999194

0.583949
-0.241696
0.0
0.0
0.012115
1.0
0.571648
0.131795
0.746593
1.0
0.667473
1.0
1.0
0.713773
1.0
1.0
0.999487
0.988278
1.0
0.997729

0.887969
-0.341585
0.0
0.0
0.0
1.0
0.05707
0.0
0.674799
1.0
0.174286
1.0
0.99978
0.999194
1.0
1.0
1.0
0.99978
1.0
0.821612

0.185088
-0.066436
0.0
0.0
0.013272
1.0
0.352747
0.0
1.0
1.0
0.302051
1.0
1.0
1.0
1.0
1.0
1.0
1.0
1.0
1.0

0.752153
-0.284683
0.0
0.026291
0.0
0.793001
0.091355
1.0
1.0
0.695311
1.0
1.0
1.0
1.0
1.0
1.0
1.0
1.0
0.970476
0.99978

0.896442
0.366388
0.0
0.0
0.0
0.997985
0.327546
0.0
0.631575
1.0
0.618828
1.0
1.0
0.990183
1.0
1.0
1.0
1.0
1.0
0.997729

0.863849
0.0
0.0
0.0
0.0
0.917114
0.236703
0.0
0.626154
1.0
1.0
1.0
1.0
1.0
1.0
1.0
1.0
1.0
0.998901
0.998901

0.984561
-0.086518
0.0
0.0
0.0
0.973451
0.087839
0.0
0.851355
0.64022
1.0
1.0
1.0
1.0
1.0
1.0
1.0
0.741319
0.976044
1.0

