bent_1
Left

0.133477
-0.480931
0.0
0.0
0.0
1.0
1.0
0.762711
0.162116
0.462637
0.462637
1.0
1.0
1.0
1.0
0.999487
0.999487
1.0
0.999194
0.999194

0.26935
-0.418858
0.0
0.0
0.0
1.0
1.0
0.671575
0.282711
0.399341
0.399341
1.0
1.0
1.0
1.0
0.999487
0.999487
1.0
0.999194
0.999194

0.20555
-0.255738
0.0
0.0
-0.206649
1.0
1.0
1.0
0.152308
0.349817
0.349817
1.0
1.0
1.0
1.0
0.999487
0.999487
0.819267
0.747473
0.747473

0.677882
0.143126
0.162114
-0.032583
0.008088
1.0
0.7337
0.0
0.017509
0.462637
0.728718
1.0
0.99978
1.0
1.0
0.999487
1.0
0.542637
1.0
1.0

0.555894
-0.080354
0.0
0.0
0.0
1.0
1.0
1.0
0.0
1.0
0.899854
1.0
1.0
1.0
1.0
1.0
1.0
1.0
1.0
1.0

0.76994
-0.418858
-0.226052
0.0
0.002852
1.0
0.457656
0.074652
0.11304
0.728718
1.0
0.923004
1.0
0.998608
1.0
1.0
1.0
1.0
1.0
1.0

0.806154
0.041137
0.0
0.0
0.0
1.0
1.0
1.0
0.251062
0.932674
1.0
0.831282
1.0
0.998022
0.861758
1.0
1.0
1.0
1.0
1.0

0.449962
0.211232
0.0
-0.193973
0.220141
1.0
1.0
0.164029
0.014579
0.794652
1.0
1.0
1.0
1.0
1.0
1.0
1.0
0.998022
1.0
1.0

0.931269
-0.131031
-0.149961
0.0
0.0
1.0
0.160952
1.0
0.203883
1.0
0.827326
0.956703
1.0
0.998608
1.0
1.0
1.0
1.0
1.0
1.0

0.573601
-0.131031
-0.109643
0.0
0.008088
1.0
0.96022
1.0
0.251062
0.794652
1.0
0.68989
1.0
1.0
1.0
1.0
1.0
0.555531
0.909524
1.0

0.848278
-0.337288
-0.02285
0.0
0.002221
1.0
0.534432
0.279194
0.122261
1.0
1.0
0.707033
0.926813
0.998608
1.0
1.0
1.0
0.671282
1.0
1.0

0.766881
-0.418858
-0.068562
0.0
0.442675
1.0
0.160952
0.915238
0.487692
1.0
0.41663
1.0
1.0
0.999194
0.918315
1.0
0.999194
0.904103
1.0
0.999194

0.773351
0.165442
0.0
0.0
0.0
1.0
0.534432
0.06293
0.432747
0.794652
1.0
0.870549
0.999194
1.0
1.0
1.0
1.0
0.928864
1.0
0.787033

0.20555
0.561813
-0.025548
0.061864
0.044478
0.863738
1.0
0.024542
0.260147
1.0
1.0
0.785421
0.998315
1.0
0.784396
1.0
1.0
0.900733
1.0
1.0

0.66775
0.266447
0.0
0.0
0.755057
1.0
0.617656
0.658974
0.284176
1.0
1.0
0.634359
0.998608
1.0
1.0
1.0
1.0
0.542637
1.0
0.998901

0.108681
-0.271376
0.0
0.0
0.970401
1.0
0.160952
0.122418
0.118845
1.0
0.41663
0.746007
1.0
1.0
1.0
1.0
0.999487
1.0
1.0
1.0

0.769055
-0.480931
0.0
0.0
0.001463
1.0
0.690037
0.080513
0.094872
0.504249
0.932674
0.972234
0.99978
1.0
0.875092
1.0
1.0
1.0
0.999194
0.638462

0.753848
0.041137
-0.025548
0.0
0.207787
1.0
1.0
1.0
0.151752
0.932674
1.0
0.939121
1.0
1.0
1.0
1.0
1.0
0.934139
0.638462
1.0

