bent_v
Left

0.248365
0.249486
-0.26881
-0.056121
0.0
1.0
1.0
1.0
0.229969
0.677436
0.677436
0.057656
0.34967
0.34967
0.897216
0.999487
0.999487
1.0
0.999194
0.999194

0.265489
0.247626
-0.169785
0.0
0.0
1.0
1.0
1.0
0.157465
0.574872
0.574872
0.0
0.47685
0.47685
1.0
0.999487
0.999487
1.0
0.999194
0.999194

0.303714
0.140916
-0.379533
0.0
0.0
1.0
1.0
1.0
0.132985
0.672747
0.672747
0.106886
0.357729
0.357729
1.0
0.999487
0.999487
1.0
0.999194
0.999194

0.191414
0.186916
-0.237734
0.0
0.258793
1.0
1.0
1.0
-0.125613
1.0
1.0
0.0
1.0
0.684322
0.625568
1.0
1.0
0.932528
1.0
1.0

0.875746
0.621537
-0.661471
0.0
0.114624
1.0
1.0
0.342637
0.0
0.937509
1.0
0.070549
1.0
0.546154
0.504396
1.0
1.0
0.591722
0.999194
1.0

0.605861
0.625036
-0.173593
0.04321
0.465197
1.0
1.0
0.470843
0.08022
1.0
1.0
-0.0337
1.0
1.0
1.0
1.0
1.0
0.674506
1.0
1.0

0.514867
0.742119
-0.057811
0.169882
0.0
1.0
0.736923
0.215018
0.073989
1.0
1.0
-0.371101
0.729304
1.0
0.504396
0.999487
0.999194
0.725495
1.0
1.0

0.600097
0.460481
-0.148073
0.0
-0.282838
1.0
1.0
0.161099
0.052088
1.0
0.99978
0.0
0.779414
0.999414
0.568865
1.0
1.0
0.264396
0.999487
0.999487

0.186631
0.176987
-0.368849
0.036535
0.007885
1.0
1.0
1.0
0.275092
1.0
1.0
-0.025077
1.0
1.0
1.0
1.0
1.0
0.360366
1.0
0.999194

0.600097
0.403487
-0.453789
0.0
0.24579
1.0
0.407986
0.0
0.02512
1.0
1.0
-0.027617
1.0
0.550696
1.0
0.935458
1.0
0.511575
1.0
1.0

-0.041815
0.501769
-0.076875
0.044288
0.282068
1.0
1.0
0.023663
0.319194
1.0
0.770037
-0.002675
0.34967
0.617363
0.647985
1.0
1.0
0.754799
1.0
1.0

0.263186
0.704137
-0.381263
0.0
0.297887
1.0
1.0
1.0
0.035092
1.0
1.0
-0.122232
0.598022
0.598022
0.605055
1.0
1.0
1.0
0.998901
1.0

0.403523
0.390505
-0.121304
0.037577
0.0
1.0
1.0
0.082271
0.038315
1.0
0.672747
-0.007484
0.656044
0.998022
1.0
1.0
1.0
0.794359
0.997729
1.0

-0.35825
0.429771
-0.217111
0.04321
0.358842
1.0
1.0
0.470843
0.229969
0.691062
1.0
0.0
0.550696
0.779414
0.870256
1.0
1.0
1.0
1.0
1.0

0.328019
0.150171
-0.26881
0.107395
0.344778
1.0
1.0
0.096044
0.227049
1.0
1.0
-0.055324
0.47685
1.0
1.0
1.0
1.0
1.0
1.0
1.0

0.631212
0.490249
-0.057811
0.093842
0.36757
1.0
0.34044
0.394945
0.073989
1.0
1.0
-0.371101
0.648132
1.0
1.0
1.0
1.0
0.907326
1.0
0.99978

-0.041815
0.625036
-0.552748
0.0
-0.282838
1.0
1.0
0.206813
-0.040051
1.0
1.0
0.041832
0.461465
0.869377
0.605055
1.0
1.0
0.683883
1.0
1.0

0.333824
0.451271
-0.100009
0.165059
0.399063
1.0
1.0
0.0
0.002168
0.691062
1.0
0.070549
0.869377
0.625861
0.761832
1.0
1.0
0.584835
1.0
1.0

