c
Left

0.821275
-0.115784
-0.521324
0.403362
-0.414709
1.0
0.760366
0.399927
0.152572
0.180733
0.180733
0.113053
0.26381
0.26381
0.15641
0.242857
0.242857
0.022198
0.161392
0.161392

0.785255
-0.192572
-0.579255
0.453524
-0.561126
1.0
0.776777
0.133553
0.294139
0.105421
0.105421
0.392454
0.094286
0.094286
0.110403
0.053846
0.053846
0.0
0.038022
0.038022

0.759328
0.045838
-0.437812
0.611937
-0.460289
1.0
0.832161
0.552308
0.127399
0.147766
0.147766
0.270989
0.177802
0.177802
0.0
0.041538
0.041538
0.0
0.0
0.0

0.690938
0.146124
-0.380787
-0.458435
-0.373001
0.937385
0.296484
0.552308
0.024249
1.0
0.522857
0.264835
0.90381
0.018095
0.0
0.0
0.550403
0.123297
0.035092
0.76696

0.971527
-0.115784
-0.721856
-0.319065
-0.233634
1.0
0.0
0.296923
0.028059
0.906447
0.355385
0.392454
0.498974
0.314652
0.059121
0.329597
0.999597
0.022198
0.201245
0.62674

0.733348
0.56003
-0.156753
-0.340011
0.018093
0.827022
0.200659
0.133553
0.152572
0.220147
1.0
0.307766
0.532088
0.682711
0.284176
0.44359
1.0
0.016337
0.294725
0.048278

0.755943
-0.294478
-0.252827
-0.576046
-0.253955
0.848196
0.809744
0.125934
0.105714
0.25956
0.751868
0.042125
0.403297
0.627912
0.008132
0.84359
1.0
0.013993
0.027179
0.038608

0.899724
-0.679032
-0.538878
-0.571185
-0.185726
0.761879
0.125934
0.321978
0.028059
0.355385
0.436264
0.009597
0.35641
0.444762
0.17663
0.481538
0.277729
0.016337
0.281245
0.387912

0.905069
0.096745
-0.363866
-0.978957
-0.53914
0.827022
0.327692
0.508645
0.097216
0.948205
0.536923
0.207253
0.627912
0.594213
0.031868
0.371355
0.242857
0.203883
0.477875
0.065275

0.897292
-0.725915
-0.467071
-0.337716
-0.468205
1.0
0.0
0.103663
0.0
0.105421
0.708205
0.159341
0.498974
0.403297
0.029524
0.329597
0.012821
0.031282
0.0
0.001978

0.88709
-0.512762
-0.770851
-0.570846
0.342424
1.0
0.310549
0.0
0.283883
0.418095
1.0
0.028645
0.690037
0.124469
0.226447
0.414286
0.0
0.11011
0.057656
0.070549

0.850804
-0.446786
-0.538878
0.152833
0.255552
0.791029
0.200073
0.229963
0.0
0.586007
0.375604
0.295604
0.402271
0.396117
0.284176
0.012821
0.371355
0.0
0.013114
0.161392

0.494977
-0.115784
-1.534598
-0.461499
-0.065172
0.759066
0.0
0.030403
0.0
1.0
0.99978
0.033919
0.90381
0.342491
0.0
0.634652
0.0
0.021612
0.294725
0.201245

0.980304
0.075322
-0.31626
0.175376
-0.355722
1.0
0.244029
0.0
0.03304
1.0
0.180733
0.264835
0.682711
0.537802
0.238099
0.40989
0.305421
0.071136
0.541172
0.035092

0.564963
-0.282755
-0.424812
-0.164134
-0.220343
0.694713
0.200073
0.276264
0.028645
0.981026
0.530916
0.0263
0.558755
0.324029
0.042711
0.409011
0.470256
0.071429
0.0263
0.064689

0.905069
-0.446786
-0.538878
-0.269038
-0.144545
1.0
0.149817
0.125934
0.226936
0.708205
0.351868
0.284762
0.314652
0.018095
0.238099
0.54967
0.634652
0.162125
0.070549
0.008425

0.981777
0.56003
-1.534598
0.611937
0.719428
0.736646
1.0
0.0
0.028059
0.409597
0.99978
0.008132
0.682418
0.327985
0.173993
0.041538
0.54967
0.007839
0.027179
0.289158

0.927168
-0.414495
-0.409919
-0.514029
-0.465621
0.759066
0.047692
0.036557
0.034799
0.462344
0.485495
0.321392
0.396117
0.41663
0.178974
0.499267
0.84359
0.033333
0.0
0.002857

