curved_h
Left

0.346349
0.248112
0.303113
0.0
0.0
1.0
1.0
1.0
0.072601
0.255751
0.255751
0.0
0.381758
0.381758
1.0
0.999487
0.999487
1.0
0.999194
0.999194

0.328657
0.203766
0.334847
0.0
0.0
1.0
1.0
1.0
0.041538
0.185128
0.185128
0.0
0.298388
0.298388
1.0
0.999487
0.999487
1.0
0.999194
0.999194

0.385597
0.459546
0.710553
0.0
0.0
1.0
1.0
1.0
0.094286
0.188645
0.188645
0.0
0.310843
0.310843
1.0
0.999487
0.999487
1.0
0.999194
0.999194

0.964794
-0.100613
-0.046805
0.083368
0.073758
1.0
1.0
0.13707
0.146593
0.690916
1.0
0.25663
0.42718
0.461026
1.0
1.0
1.0
0.524176
1.0
1.0

0.403948
0.994988
-0.372107
0.0594
0.275849
1.0
1.0
1.0
0.020038
0.686813
0.480659
0.14293
0.755678
0.072308
0.918315
1.0
1.0
0.797875
1.0
1.0

0.613153
-0.535366
-0.177814
0.012101
0.273931
1.0
1.0
1.0
0.187179
0.185128
0.332528
0.278901
0.285934
0.384689
1.0
1.0
1.0
0.391722
1.0
1.0

0.014225
-0.313626
-0.260471
0.0
0.0
1.0
1.0
0.148645
0.05033
0.093407
1.0
0.116264
0.032454
0.154066
1.0
1.0
1.0
0.854139
0.999487
1.0

0.810078
-0.187448
-0.325615
0.0
0.699654
1.0
0.365641
1.0
0.330769
1.0
0.130916
0.038022
0.130623
0.748938
1.0
1.0
1.0
1.0
1.0
0.997729

-0.464161
-0.243816
-0.033096
0.013861
0.64004
1.0
0.831575
0.138242
0.26674
0.130916
0.930916
0.0
0.868205
0.423956
1.0
1.0
0.999487
1.0
1.0
1.0

0.390316
0.459546
0.013353
0.010496
-0.015963
1.0
1.0
0.035385
0.135018
0.105568
0.89663
0.14293
0.423956
0.196557
0.98337
1.0
1.0
0.612674
0.999487
1.0

0.886651
-0.221803
-0.310495
0.0
0.461369
1.0
1.0
0.747473
0.227912
0.333846
1.0
0.0
0.586886
0.532381
0.99978
1.0
1.0
0.854139
0.999194
1.0

0.487186
-0.053328
-0.391592
0.097366
0.278656
1.0
0.446227
0.735311
0.272308
0.263663
0.855311
0.141465
0.294139
0.381758
1.0
1.0
1.0
0.628498
0.999194
1.0

0.875707
-0.679301
-0.468772
0.0
0.0
1.0
0.914212
0.148645
0.227912
0.096337
0.721392
0.004615
0.409011
0.790549
1.0
1.0
1.0
0.789963
1.0
0.999194

-0.215759
-0.419727
-0.434626
0.023947
0.493995
1.0
1.0
0.055311
0.330769
1.0
0.712454
0.116264
0.017802
0.130623
1.0
1.0
1.0
0.626447
1.0
1.0

0.328657
0.994988
0.179753
0.083368
0.333849
1.0
0.639341
0.095165
0.390843
0.773846
0.255751
0.141465
0.596117
0.230549
1.0
1.0
1.0
0.67978
1.0
1.0

0.856107
-0.36571
-0.468772
0.0
0.64004
1.0
0.261465
0.072015
0.080513
0.404615
0.333846
0.211502
0.755678
0.035092
0.99978
1.0
1.0
0.490476
0.85326
1.0

0.489719
-0.133183
0.085958
0.023947
0.035157
1.0
0.335897
0.0
0.26674
1.0
0.855311
0.12359
0.130623
0.964762
0.861612
1.0
1.0
0.431282
1.0
1.0

0.328657
-0.296083
-0.183341
0.0
0.447659
1.0
1.0
0.489011
0.14967
0.394945
0.255751
0.269084
0.010769
0.106007
1.0
1.0
1.0
1.0
1.0
0.99978

