curved_1
Left

0.835338
0.068511
0.0
0.0
0.0
1.0
1.0
1.0
0.344982
0.245788
0.245788
1.0
1.0
1.0
1.0
0.999487
0.999487
1.0
0.999194
0.999194

0.560933
0.536246
0.0
0.0
0.0
1.0
1.0
1.0
0.359487
0.264542
0.264542
1.0
1.0
1.0
1.0
0.999487
0.999487
1.0
0.999194
0.999194

0.663191
0.578863
0.0
0.0
0.0
1.0
1.0
1.0
0.376044
0.234945
0.234945
1.0
1.0
1.0
1.0
0.999487
0.999487
1.0
0.999194
0.999194

0.635112
-0.113308
-0.225495
0.0
0.0
1.0
1.0
1.0
0.026317
0.711429
1.0
1.0
0.998022
0.998608
1.0
1.0
1.0
0.964322
1.0
0.998901

0.761719
0.229836
-0.051658
0.0
0.794509
1.0
0.927692
0.0
0.43978
0.348791
0.552601
0.976923
1.0
1.0
1.0
1.0
0.851795
0.659854
0.580586
1.0

0.77985
-0.088146
-0.049798
0.0
0.448659
1.0
0.754212
0.171648
0.173523
0.874066
0.318755
0.858681
1.0
1.0
1.0
0.999194
1.0
0.55641
0.85326
1.0

0.992124
-0.073798
0.0
0.0
0.270248
1.0
1.0
0.167399
0.045348
0.809011
0.552601
0.825128
1.0
1.0
1.0
1.0
1.0
0.800366
1.0
1.0

1.0
0.159994
0.0
0.0
0.302575
1.0
1.0
0.246667
0.350989
1.0
0.142051
1.0
1.0
0.059414
1.0
1.0
1.0
0.095526
0.999487
1.0

1.0
0.223678
-0.068207
0.0
0.0
1.0
0.538828
0.148352
0.086733
0.72989
1.0
0.631136
0.999194
1.0
0.433626
0.999487
0.143516
0.508938
1.0
1.0

0.749227
-0.113308
0.0
0.0
0.321003
1.0
1.0
0.188352
0.43978
0.738388
0.226154
0.858681
0.998315
1.0
1.0
0.999194
1.0
0.912015
1.0
0.999194

0.575378
0.231898
-0.173693
0.0
0.044343
1.0
1.0
0.988645
0.457949
0.354799
0.142051
0.720513
0.99978
1.0
1.0
1.0
1.0
0.642271
1.0
1.0

1.0
0.185388
0.0
0.0
0.102236
1.0
0.927692
1.0
0.088132
0.727253
0.267473
0.909524
1.0
0.998022
0.773846
1.0
1.0
0.663663
1.0
1.0

0.821449
0.049357
-0.183297
0.0
-0.068468
1.0
0.888425
1.0
0.29707
0.196557
0.485202
0.88696
1.0
1.0
1.0
1.0
1.0
1.0
1.0
1.0

0.947867
0.578863
-0.150183
0.0
0.126749
1.0
1.0
0.025714
0.086733
1.0
0.248278
0.863223
0.998022
1.0
1.0
1.0
1.0
0.837289
1.0
1.0

0.853875
0.03478
-0.049798
0.027006
0.0887
1.0
0.711136
0.12315
0.391868
0.245788
0.115531
0.796703
0.999194
1.0
0.89956
1.0
1.0
1.0
1.0
1.0

0.555192
0.142406
0.0
0.0
0.033159
1.0
0.735165
0.149963
0.173523
0.720806
1.0
0.785861
0.999194
0.059414
1.0
1.0
1.0
0.367546
1.0
0.999487

0.937326
0.578863
0.0
0.0
0.0
0.926006
0.770476
0.167399
0.376044
0.267473
0.559634
1.0
1.0
0.99978
1.0
1.0
1.0
0.422637
1.0
0.999487

0.835338
0.03478
-0.075049
0.0
0.102236
1.0
1.0
1.0
0.359487
0.295018
0.318755
0.631136
1.0
1.0
1.0
1.0
1.0
0.709963
1.0
1.0

