curved_l
Left

0.615797
0.13497
0.0
0.0
0.0
0.0
-0.01518
-0.010436
0.281832
0.23641
0.23641
1.0
1.0
1.0
1.0
0.965201
0.965201
1.0
0.999194
0.999194

0.447027
0.026115
0.0
0.0
0.0
0.001248
0.0
0.0
0.3463
0.282711
0.282711
1.0
1.0
1.0
1.0
0.960513
0.960513
1.0
0.999194
0.999194

0.324766
-0.053196
0.0
0.0
0.0
0.004044
0.0
0.0
0.104835
0.119487
0.119487
1.0
1.0
1.0
1.0
0.984982
0.984982
1.0
0.999194
0.999194

0.785093
0.026115
0.0
0.075287
-0.002649
0.0
0.0
-0.002925
0.064103
0.890476
0.017802
1.0
1.0
1.0
1.0
0.906154
1.0
1.0
0.781758
0.826593

0.889776
0.086788
0.0
0.0
0.0
0.0
0.0
-0.030846
0.361832
0.235971
0.077582
1.0
1.0
1.0
1.0
1.0
1.0
1.0
1.0
0.804176

0.67219
-0.240411
0.105394
-0.187795
0.0
0.09501
-0.044867
0.041538
0.0
0.296337
0.653407
0.80022
1.0
1.0
1.0
1.0
1.0
0.966667
1.0
0.99978

0.3428
0.199897
-0.388916
0.0
0.0
0.09414
-0.199471
-0.104244
0.442418
0.23641
0.175458
1.0
0.99978
0.998315
1.0
1.0
0.49956
1.0
1.0
1.0

0.779733
0.3814
0.0
0.0
0.316581
0.078226
0.0
-0.142405
0.135604
0.653407
0.715238
0.99978
0.998022
1.0
0.827473
1.0
1.0
1.0
0.998901
0.999487

0.539673
0.0
0.0
0.0
0.373317
0.0
0.021319
0.0
0.29033
0.2137
0.31348
1.0
0.99978
1.0
1.0
1.0
0.984982
1.0
1.0
1.0

0.668534
-0.039323
0.0
0.0
0.0
0.0
-0.282016
-0.156751
0.076703
0.367985
0.054432
1.0
1.0
0.999194
1.0
0.892528
1.0
0.329597
0.781758
0.999487

0.779733
0.195641
0.0
0.0
0.0
0.0
-0.113201
-0.119037
0.29033
0.261026
0.305861
0.741905
1.0
1.0
1.0
1.0
0.517436
1.0
1.0
1.0

0.67219
0.049203
0.0
0.052136
-0.01003
0.516268
-0.215358
-0.082984
0.135604
0.119487
1.0
1.0
1.0
1.0
1.0
1.0
1.0
1.0
1.0
1.0

1.0
0.009066
-0.058804
0.0
0.0
0.0
0.11685
0.0
0.281832
0.31348
0.539853
1.0
0.999194
1.0
1.0
0.901612
0.961099
0.998022
1.0
1.0

-0.082054
0.13497
0.0
0.035422
-0.313106
0.314111
-0.113959
0.0
0.138974
0.143223
0.296337
0.99978
1.0
1.0
0.961245
1.0
1.0
0.94337
1.0
1.0

0.33669
-0.024569
0.0
0.0
0.0
0.0
-0.2011
-0.106281
0.689451
0.358901
0.837143
0.909524
1.0
0.99978
1.0
1.0
1.0
0.998022
1.0
0.998901

0.058804
-0.081961
0.0
0.0
0.001831
0.0
0.0
0.0
1.0
0.2137
0.330476
1.0
1.0
0.99978
0.653846
1.0
1.0
1.0
0.99978
0.999194

0.279801
0.271018
0.0
0.004411
0.0
0.0
-0.13125
0.0
0.195385
0.630843
1.0
0.710842
1.0
1.0
0.961245
1.0
1.0
1.0
1.0
1.0

0.013435
0.255382
-0.058804
0.0
0.0
0.0
0.11685
0.0
-0.068572
0.143223
0.197436
1.0
1.0
1.0
1.0
0.956703
1.0
0.61619
1.0
0.999194

