flat_n
Left

0.172976
0.0
0.0
0.0
0.0
1.0
1.0
0.781465
1.0
0.120073
0.120073
1.0
0.172234
0.172234
1.0
0.999487
0.999487
1.0
0.999194
0.999194

0.167873
0.0
0.0
0.0
0.0
1.0
1.0
0.741612
1.0
0.0
0.0
1.0
0.081685
0.081685
1.0
0.999487
0.999487
1.0
0.999194
0.999194

-0.251891
0.0
0.0
0.0
0.0
1.0
1.0
0.814286
1.0
0.045055
0.045055
1.0
0.054432
0.054432
1.0
0.999487
0.999487
1.0
0.999194
0.999194

1.0
-0.307418
0.026078
0.0
0.025605
1.0
1.0
0.363004
0.913333
0.024835
0.050916
1.0
0.0
0.0
1.0
1.0
1.0
0.671282
1.0
1.0

1.0
0.0
0.103769
0.0
0.186169
1.0
1.0
0.087253
0.566227
0.042711
0.141905
1.0
0.045934
0.006374
0.765641
1.0
1.0
0.193626
1.0
0.095458

0.709266
-0.009209
-0.225339
0.0
0.364401
1.0
0.635238
0.725055
0.940293
0.015751
0.007253
0.830403
0.0
0.030989
1.0
1.0
1.0
0.852381
1.0
1.0

0.777238
-0.009209
0.0
0.0
0.0
1.0
1.0
1.0
0.371209
0.067033
0.042418
1.0
0.051502
0.054432
1.0
1.0
1.0
0.750989
0.999194
1.0

0.2751
0.192188
0.0
0.0
-0.33601
1.0
0.699121
0.131209
0.544103
0.0
0.127985
0.942344
0.0
0.009597
1.0
1.0
0.999194
1.0
1.0
0.99978

0.932912
-0.319687
0.0
-0.165422
0.272082
1.0
0.331648
0.218535
0.248278
0.024835
0.0
0.830403
0.018388
0.0
1.0
1.0
1.0
0.508352
0.997729
0.99978

0.172976
-0.135867
0.111557
0.0
0.025605
1.0
1.0
0.128571
0.542051
0.079048
0.01663
1.0
0.0
0.0
1.0
1.0
1.0
0.66337
1.0
1.0

1.0
-0.307418
0.089423
0.0
0.0
1.0
0.272747
1.0
0.767106
0.024835
0.071136
1.0
0.017802
0.012527
1.0
1.0
1.0
0.341612
1.0
1.0

0.924844
-0.626467
0.0
0.407499
0.289724
1.0
1.0
0.282418
0.382051
0.127985
0.184835
1.0
0.032161
0.0
1.0
1.0
1.0
0.293407
0.99978
0.999194

0.676831
-0.522055
0.026078
-0.141616
0.341665
1.0
0.756117
0.271575
0.727839
0.101612
0.007253
1.0
0.018681
0.001392
1.0
1.0
1.0
0.764469
1.0
1.0

0.738664
-0.061319
-0.002017
0.0
0.186169
1.0
1.0
0.781465
1.0
0.122418
0.095751
1.0
0.0
0.0
1.0
1.0
1.0
0.937656
1.0
0.084908

0.849076
0.0
0.0
0.0
0.29069
1.0
1.0
0.601245
0.531355
0.0
0.042711
1.0
0.0
0.035678
1.0
1.0
0.999487
0.654872
0.997729
1.0

0.460098
0.0
0.0
0.0
-0.067618
1.0
1.0
0.202711
0.371209
0.115385
0.060586
0.849744
0.0
0.002271
1.0
1.0
1.0
0.239341
0.999487
1.0

0.882357
0.0
0.238047
0.0
0.519956
1.0
0.838608
0.218535
0.749231
0.08989
0.058535
0.854725
0.017216
0.172234
1.0
1.0
1.0
0.607985
1.0
1.0

0.620548
-0.519226
0.0
0.0
0.0
1.0
0.774432
1.0
0.382051
0.011941
0.050916
1.0
0.003443
0.10718
1.0
0.670989
1.0
0.647399
0.99978
0.999194

