flat_m
Left

0.586255
0.0
0.0
0.0
0.0
1.0
1.0
1.0
1.0
0.06967
0.06967
1.0
0.072894
0.072894
1.0
0.251941
0.251941
1.0
0.999194
0.999194

0.5401
0.0
0.0
-0.046881
0.0
1.0
1.0
0.74044
1.0
0.090183
0.090183
1.0
0.070549
0.070549
0.962711
0.139707
0.139707
1.0
0.999194
0.999194

0.370257
0.0
0.0
0.0
0.0
1.0
1.0
0.922564
1.0
0.112747
0.112747
1.0
0.066447
0.066447
1.0
0.08315
0.08315
1.0
0.999194
0.999194

0.626121
0.086418
0.0
0.629003
0.849203
1.0
0.825128
0.513773
0.332821
0.054725
0.041245
0.661905
0.0
0.0
0.731062
0.0
0.0
0.494579
1.0
0.175165

0.443564
-0.094197
0.0
-0.287344
0.912128
1.0
1.0
0.18044
1.0
0.077289
0.08315
0.612381
0.007546
0.0
0.520366
0.0
0.005495
0.799927
1.0
1.0

0.370275
0.0
-0.152353
-0.006237
0.017553
1.0
1.0
0.207106
0.172821
0.087546
0.079048
1.0
0.013407
0.138388
0.736044
0.043297
0.0
0.148498
0.673187
1.0

0.647569
0.0
0.0
0.359398
0.348721
1.0
0.746593
1.0
0.928278
0.041245
0.069084
1.0
0.00315
0.138388
0.700879
0.037436
0.056484
0.682125
0.324615
0.676264

0.826863
0.0
0.0
0.0
0.608212
1.0
0.644908
0.207106
1.0
0.128571
0.069084
0.508938
0.035971
0.020147
0.507179
0.140879
0.0
0.338388
0.673187
0.149084

0.693382
-0.191813
-0.343815
-0.022617
0.0
1.0
0.947619
0.729597
0.159341
0.046813
0.175311
1.0
0.0
0.0
0.709377
0.0
0.0
1.0
1.0
1.0

0.664731
-0.094197
-0.254135
0.0
0.0
1.0
0.66674
0.088425
0.183077
0.035678
0.079927
0.915238
0.004322
0.0
1.0
0.148791
0.0
0.846227
0.999194
1.0

0.459022
-0.284362
-0.160579
-0.317177
0.022383
1.0
0.829817
1.0
0.245201
0.08315
0.079048
0.715238
0.0
0.072894
0.507179
0.0
0.024835
1.0
1.0
0.999194

1.0
-0.740831
0.0
0.121499
0.95596
1.0
0.380879
0.530037
1.0
0.043004
0.055897
0.661905
0.143516
0.023956
0.627912
0.0
0.16696
0.495605
0.314212
1.0

0.644627
-0.354529
-0.412674
0.0
0.940848
1.0
0.844469
0.207106
0.272308
0.142637
0.08315
1.0
0.035971
0.007253
1.0
0.251941
0.039487
0.552161
0.291795
0.270403

0.443564
-0.502419
-0.152353
0.0
0.0
1.0
1.0
0.441685
0.638755
0.062051
0.301612
0.565788
0.022784
0.0
0.442711
0.0
0.018681
0.450623
0.187473
1.0

0.626121
-0.054122
0.070401
0.292446
0.610043
1.0
0.439194
1.0
0.628205
0.041245
0.058828
0.749524
0.0
0.072894
0.514799
0.08315
0.130623
0.44315
1.0
0.314212

0.987764
-0.313022
0.020824
0.08004
0.520612
1.0
1.0
0.088425
0.197436
0.186007
0.069084
0.70293
0.0
0.0
0.325202
0.016044
0.027179
1.0
1.0
0.125495

0.644627
-0.146144
0.0
0.403196
0.793426
1.0
0.808718
0.441685
1.0
0.107473
0.163443
1.0
0.0
0.0
0.442711
0.048864
0.024835
0.871429
0.733993
1.0

0.946396
-0.354529
0.0
0.326799
0.0
1.0
1.0
0.0
0.118901
0.214139
0.041245
1.0
0.0
0.0
0.758901
0.056484
0.0
0.650183
0.324615
1.0

