flatspread_5
Left

0.50784
0.337821
-0.086647
-0.196278
-0.292028
1.0
1.0
1.0
0.011143
0.0
0.0
0.010136
0.0
0.0
-0.030225
0.0
0.0
0.0
0.0
0.0

0.403125
0.147072
-0.257401
-0.297317
-0.384152
1.0
1.0
1.0
0.104561
0.0
0.0
0.147888
0.0
0.0
-0.021193
0.0
0.0
0.0
0.0
0.0

0.487697
0.176617
-0.117806
-0.081537
-0.300315
1.0
1.0
1.0
0.089728
0.0
0.0
0.044914
0.0
0.0
-0.046725
0.0
0.0
0.0
0.0
0.0

0.542182
0.270096
0.007468
0.012972
-0.619483
1.0
0.723443
1.0
-0.250971
0.0
0.0
0.0
0.0
0.0
-0.130776
0.0
0.0
-0.030705
0.0
0.0

0.555604
0.581447
0.054411
-0.241448
-1.020382
1.0
1.0
0.947912
0.0
0.012821
0.0
0.0
0.0
0.0
0.0
0.0
0.0
-0.109814
0.0
0.0

0.467013
0.896594
-0.047396
-0.213316
-0.377565
1.0
0.917436
1.0
-0.032427
0.0
0.0
-0.036967
0.0
0.0
-0.024045
0.0
0.0
0.0
0.0
0.0

0.498624
0.78778
0.504562
-0.089359
-1.020382
1.0
1.0
0.0
0.07859
0.013114
0.0
0.0
0.0
0.0
-0.088186
0.0
0.0
-0.021567
0.0
0.0

-0.171376
0.90416
-0.176091
-0.149377
-0.361129
1.0
0.855897
0.966227
0.145861
0.015165
0.0
0.0
0.0
0.0
0.030696
0.0
0.0
0.0
0.0
0.0

0.612035
0.337821
-0.086911
-0.008719
-0.300784
1.0
1.0
0.395238
-0.123774
0.0
0.0
-0.14649
0.0
0.0
-0.11377
0.0
0.0
0.0
0.0
0.0

0.450306
0.341094
-0.068172
-0.001385
-0.474621
1.0
1.0
0.167106
0.017216
0.0
0.015165
0.010136
0.0
0.0
0.01956
0.0
0.0
0.0
0.0
0.0

0.401655
1.110041
0.041236
-0.022534
-0.243645
1.0
1.0
0.987436
0.030403
0.0
0.0
-0.05591
0.0
0.0
-0.11377
0.0
0.0
0.003443
0.0
0.0

0.612035
0.655359
-0.086647
0.476464
-0.760624
1.0
1.0
0.886667
0.037143
0.0
0.0
0.0
0.0
0.0
-0.05633
0.0
0.0
-0.121544
0.0
0.0

0.476418
0.341094
-0.038385
-0.20164
-0.659639
1.0
0.531355
0.319634
0.0
0.009304
0.0
-0.036967
0.0
0.0
-0.030225
0.0
0.0
-0.191603
0.0
0.0

0.555604
0.258277
0.064408
-0.21912
-1.132734
1.0
1.0
0.886667
-0.044034
0.0
0.0
0.0
0.0
0.0
-0.121013
0.0
0.0
0.015165
0.0
0.0

-0.411696
0.665769
0.092559
0.523557
-0.417956
1.0
1.0
0.184396
-0.112849
0.0
0.0
0.0
0.0
0.0
-0.009657
0.0
0.0
-0.005187
0.0
0.0

0.614164
0.581447
-0.04798
0.030148
-0.542628
1.0
0.957875
0.371795
-0.139028
0.006667
0.0
-0.124126
0.0
0.0
-0.05633
0.0
0.0
-0.145439
0.0
0.0

0.663213
0.639261
-0.490224
-0.12391
0.225855
1.0
0.912747
1.0
0.017216
0.025421
0.0
-0.144116
0.0
0.0
-0.309792
0.0
0.0
-0.030705
0.0
0.0

0.468347
1.183744
0.003128
-0.181851
-0.575894
1.0
1.0
1.0
-0.032427
0.0
0.030403
-0.036967
0.0
0.0
0.0
0.0
0.0
-0.079553
0.0
0.0

