g
Left

0.752284
-0.009235
0.0
0.0
0.0
1.0
0.818681
0.0
0.989377
0.063223
0.063223
1.0
1.0
1.0
1.0
0.999487
0.999487
1.0
0.999194
0.999194

0.814697
-0.077709
0.0
0.0
0.0
1.0
0.831722
0.0
0.911868
0.195092
0.195092
1.0
1.0
1.0
1.0
0.999487
0.999487
1.0
0.999194
0.999194

0.684956
0.0
0.0
0.0
0.0
1.0
0.786301
0.0
1.0
0.030989
0.030989
1.0
1.0
1.0
1.0
0.999487
0.999487
1.0
0.999194
0.999194

1.0
-0.740616
0.0
0.0
0.214398
1.0
0.075531
0.0
0.911868
0.0
0.0
1.0
1.0
1.0
1.0
1.0
1.0
1.0
1.0
1.0

0.26315
-0.553711
0.036587
0.040023
0.035523
1.0
0.831722
0.011062
1.0
0.124615
0.00989
0.72315
1.0
0.998022
1.0
1.0
1.0
0.817656
1.0
1.0

0.88058
0.0
0.0
-0.403477
0.0
0.738761
0.224689
0.0
0.219854
0.0
0.091648
1.0
1.0
1.0
1.0
1.0
1.0
0.789084
1.0
0.999194

0.645034
0.0
0.131171
0.0
0.0
1.0
0.0
0.0
0.86
0.195092
0.0
0.895751
1.0
1.0
1.0
1.0
1.0
0.998022
0.99978
0.997729

0.543187
-0.254739
-0.045678
0.0
0.0
1.0
0.449011
0.0
0.424249
0.0
0.009304
1.0
1.0
0.998608
1.0
0.958169
1.0
1.0
1.0
1.0

0.655077
-0.253014
0.0
0.0
0.0
1.0
0.041832
0.0
0.629377
0.05707
0.054432
1.0
1.0
1.0
1.0
1.0
1.0
1.0
0.99978
1.0

0.86775
0.0
0.0
0.0
0.0
1.0
0.485202
0.0
0.380293
0.087546
0.0
0.921685
1.0
0.99978
1.0
1.0
1.0
1.0
1.0
0.99978

0.555401
-0.825118
0.0
0.0
-0.896383
1.0
0.582784
0.0
0.356264
0.0
0.032454
1.0
0.99978
1.0
0.940586
1.0
1.0
1.0
0.997729
1.0

0.497999
-0.254739
0.248257
0.009108
0.033297
1.0
0.315238
0.0
1.0
0.0
0.004322
1.0
1.0
1.0
1.0
1.0
1.0
0.725201
1.0
1.0

0.544397
-0.248354
0.248257
0.0
0.0
1.0
0.0
0.0
0.515385
0.032454
0.0
1.0
1.0
1.0
1.0
0.999487
1.0
1.0
0.997729
1.0

0.540669
-0.740616
-0.003168
0.0
0.0
1.0
0.813846
0.0
0.287692
0.063223
0.0
0.884176
0.998608
0.998608
1.0
1.0
1.0
1.0
0.998901
1.0

0.839428
0.0
-0.283985
0.0
0.121246
0.733003
0.786301
0.0
0.857363
0.0
0.012527
0.659267
0.998315
1.0
1.0
0.958169
1.0
0.930476
1.0
1.0

0.290897
0.0
0.0
0.0
0.035523
0.892496
0.910403
0.0
0.410183
0.195092
0.004322
1.0
1.0
1.0
1.0
1.0
1.0
1.0
0.958169
1.0

0.825458
0.257909
0.0
0.0
0.059999
1.0
0.450037
0.0
1.0
0.0
0.0
1.0
1.0
1.0
1.0
1.0
0.999194
1.0
0.999487
0.99978

0.727315
-0.057026
0.0
0.0
-0.157826
1.0
0.193187
0.0
0.86
0.027179
0.0
1.0
1.0
1.0
1.0
1.0
1.0
0.930476
0.999487
1.0

