goody_goody
Left

0.569041
0.262598
0.027256
0.0
-0.24754
0.0
-0.05871
-0.032163
0.108938
0.0
0.0
0.348645
0.0
0.0
1.0
0.999487
0.999487
0.030989
0.060879
0.060879

0.212194
0.080149
0.041425
-0.11087
-0.086764
0.318467
0.147326
0.003443
0.013407
0.0
0.0
0.000806
0.0
0.0
0.680073
0.999487
0.999487
0.0
0.008718
0.008718

0.186203
0.58081
0.612068
0.0
0.15957
0.115684
0.185714
0.0
0.192308
0.0
0.0
0.195385
0.0
0.0
1.0
0.999487
0.999487
0.028645
0.200659
0.200659

0.156766
0.217036
0.081291
0.305023
-0.089648
0.459162
0.071429
0.065568
0.0
0.0
0.0
0.0
0.0
0.0
1.0
1.0
1.0
0.020733
0.0
0.0

0.239516
0.221109
0.365568
0.252275
-0.105582
0.231243
-0.062944
0.0
0.013407
0.0
0.0
0.410769
0.0
0.0
1.0
1.0
1.0
0.048571
0.0
0.0

0.838738
-0.095781
0.251873
0.194654
-0.073364
0.242606
-0.056878
0.0
-0.012794
0.0
0.0
0.743077
0.0
0.0
0.269817
1.0
0.592454
0.001685
0.0
0.0

0.156766
0.497749
0.166706
0.0
-0.278518
0.270944
0.0
0.0
0.220248
0.0
0.0
0.201245
0.0
0.0
1.0
1.0
1.0
0.067326
0.0
0.058535

0.00044
-0.059425
0.37509
-0.020357
0.100947
0.187252
0.254579
0.0
0.028059
0.0
0.0
0.238755
0.0
0.0
0.379121
1.0
1.0
0.15641
0.0
0.0

0.47437
0.822387
-0.212081
0.040783
-0.02514
0.276653
0.0
0.0
0.023956
0.0
0.0
0.191868
0.0
0.0
0.612088
1.0
1.0
0.0
0.067033
0.0

0.446449
0.2639
0.247636
-0.08955
-0.073364
0.214807
-0.05871
0.0
0.241187
0.0
0.005201
0.570769
0.0
0.0
0.334286
1.0
1.0
0.0
0.0
0.0

0.396054
-0.099543
0.129962
0.389279
-0.11089
0.241099
0.464982
0.0
0.001392
0.0
0.0
0.057363
0.0
0.0
0.94
1.0
1.0
0.0
0.0
0.0

0.325007
0.046976
0.197382
-0.310419
-0.583483
0.0
0.153773
0.0
0.0
0.0
0.0
0.73956
0.0
0.0
1.0
1.0
1.0
0.047106
0.0
0.008425

0.239516
0.217036
0.103313
0.0
-0.201817
0.15089
0.087546
0.0
0.011062
0.0
0.0
0.395238
0.0
0.0
0.426007
1.0
1.0
0.045934
0.0
0.067033

0.00044
0.559813
-0.093638
0.0
0.205744
0.459162
0.151722
0.0
0.033626
0.0
0.005201
0.410769
0.0
0.006374
0.612088
1.0
1.0
0.0
0.0
0.008425

0.389342
-0.209637
-0.023727
0.0
-0.278518
0.195295
0.0
0.0
0.092234
0.0
0.0
0.195385
0.0
0.0
1.0
1.0
0.999487
0.018681
0.0
0.0

0.389342
0.317955
0.235006
0.305023
-0.073364
0.199394
0.0
0.0
0.241187
0.0
0.0
-0.112561
0.0
0.000806
0.418095
1.0
1.0
0.308352
0.0
0.0

0.251044
0.421237
0.24499
0.156136
-0.192235
0.270944
0.153773
0.0
0.081978
0.0
0.0
-0.082817
0.0
0.0
1.0
0.999487
1.0
0.0
0.0
0.0

-0.092766
0.001398
-0.06139
0.128334
0.250628
0.164509
0.0
0.03011
0.028059
0.0
0.0
0.743077
0.0
0.0
0.680073
1.0
1.0
0.0
0.001685
0.0

