i
Left

0.653352
0.0
0.0
0.0
0.010804
1.0
1.0
1.0
1.0
1.0
1.0
1.0
1.0
1.0
1.0
0.999487
0.999487
0.164029
0.0
0.0

0.58925
0.0
0.0
0.0
-0.040425
1.0
1.0
1.0
1.0
1.0
1.0
1.0
1.0
1.0
1.0
0.972381
0.972381
0.250769
0.035971
0.035971

0.960525
0.0
0.0
0.0
0.359358
1.0
1.0
1.0
1.0
1.0
1.0
1.0
1.0
1.0
1.0
0.999487
0.999487
0.270989
0.027179
0.027179

0.585157
0.0
0.000847
0.157204
0.221614
1.0
1.0
0.0937
1.0
1.0
1.0
0.804029
1.0
1.0
1.0
1.0
1.0
0.247253
0.0
0.035971

0.673784
0.0
-0.128086
0.0
0.02449
1.0
0.243736
1.0
0.775311
0.99978
1.0
0.963736
1.0
1.0
0.831868
1.0
1.0
0.033333
0.0
0.0

0.31517
0.0
0.0
0.0
0.241347
1.0
1.0
0.086081
0.700733
1.0
1.0
1.0
0.998608
0.999194
1.0
1.0
1.0
0.265275
0.0
0.012527

0.797319
0.0
0.000242
0.0
0.057723
1.0
1.0
1.0
0.736923
1.0
1.0
1.0
1.0
1.0
0.769158
0.748352
1.0
0.38044
0.0
0.0

0.31517
0.0
-0.325362
-0.00041
0.06987
1.0
0.944982
1.0
1.0
1.0
1.0
1.0
1.0
0.999194
1.0
1.0
1.0
0.14293
0.0
0.0

0.729757
0.0
0.0
0.0
0.024145
1.0
0.960513
1.0
1.0
1.0
1.0
1.0
1.0
1.0
0.379414
1.0
1.0
0.224249
0.0
0.0

0.754467
0.0
0.0
0.0
0.010804
1.0
1.0
0.898828
1.0
1.0
1.0
0.963736
0.99978
1.0
0.769158
1.0
1.0
0.139121
0.0
0.0

0.692463
0.0
0.0
0.0
0.02449
1.0
0.52359
0.405348
1.0
1.0
1.0
1.0
1.0
1.0
1.0
1.0
1.0
0.0
0.021612
0.0

1.0
-0.110825
0.0
0.0
0.306157
1.0
0.508645
0.197729
0.762418
1.0
1.0
1.0
1.0
0.998315
0.319927
0.999487
1.0
0.161099
0.031575
0.052381

0.754467
0.0
0.0
0.0
0.342675
1.0
0.273919
0.087253
1.0
1.0
1.0
0.826007
1.0
1.0
0.769158
1.0
0.999194
0.241099
0.0
0.026886

0.586634
0.0
0.0
0.0
0.034174
1.0
1.0
0.569597
1.0
1.0
1.0
0.955531
1.0
1.0
1.0
1.0
1.0
0.272161
0.0
0.0

0.943249
0.0
0.0
0.0
0.010804
1.0
0.734432
1.0
0.853553
0.99978
1.0
0.920073
0.944103
0.980073
1.0
1.0
1.0
0.19978
0.0
0.0

0.928825
0.0
0.0
0.0
0.099995
1.0
0.758022
0.152894
1.0
1.0
1.0
1.0
1.0
1.0
0.966374
1.0
1.0
0.08696
0.052381
0.0

0.534465
-0.063006
0.0
0.038376
0.119857
1.0
1.0
0.063516
0.722418
1.0
1.0
1.0
1.0
0.944103
1.0
1.0
0.798461
0.159634
0.0
0.0

0.716975
0.0
-0.274293
0.0
0.342675
1.0
1.0
0.212381
1.0
1.0
1.0
0.712161
1.0
0.998608
1.0
0.798461
0.999487
0.210769
0.0
0.026886

