ily
Left

0.371965
0.0
0.0
0.0
-0.36626
0.113106
0.295897
0.031575
1.0
0.0
0.0
1.0
1.0
1.0
1.0
0.999487
0.999487
0.30293
0.04359
0.04359

0.558271
0.0
0.0
0.0
-0.134733
0.271507
0.25956
0.016044
1.0
0.0
0.0
1.0
1.0
1.0
1.0
0.999487
0.999487
0.245201
0.025421
0.025421

0.502395
0.0
0.0
0.0
-0.005524
0.109848
0.2263
0.006081
1.0
0.0
0.0
1.0
1.0
1.0
1.0
0.998315
0.998315
0.474945
0.063516
0.063516

-0.025911
-0.060782
0.0
0.0
-0.348004
0.426265
-0.070037
-0.070287
0.726813
0.0
0.0
1.0
0.998022
0.99978
1.0
0.487839
1.0
0.375751
0.13619
0.0

0.802994
-0.185785
0.0
-0.011779
-0.36626
0.352208
-0.237847
0.0
0.022832
0.0
0.0
1.0
0.671429
0.998315
0.078755
0.582198
1.0
0.572527
0.033626
0.0

0.558271
-0.169358
0.0
-0.100218
-0.181961
0.106693
-0.078597
0.0
-0.000872
0.0
0.041832
1.0
0.998608
1.0
0.931648
1.0
1.0
0.071429
0.0
0.021612

-0.101265
-0.086438
0.0
0.0
-0.407356
0.101749
0.177216
-0.022723
0.255458
0.0
0.0
0.251209
1.0
0.99978
1.0
1.0
0.80652
0.169011
0.0
0.0

0.26764
-0.107715
-0.094499
0.0
-0.03805
0.128763
-0.003974
-0.143354
0.562564
0.0
0.0
1.0
0.998022
0.999194
0.059707
1.0
1.0
0.045641
0.0
0.0

0.623041
-0.287183
-0.038779
0.0
0.340255
0.0
0.030732
-0.033783
-0.09379
0.0
0.0
1.0
1.0
1.0
1.0
1.0
1.0
0.694725
0.0
0.052381

0.802994
-0.154289
0.0
0.0
-0.204204
0.013297
-0.000444
0.0
1.0
0.0
0.0
0.714359
1.0
0.998608
1.0
1.0
0.676264
0.12696
0.0
0.0

0.467223
-0.107154
0.0
0.0
-0.056413
0.062533
0.0
0.215604
-0.169607
0.0
0.0
1.0
1.0
0.927692
1.0
0.855311
0.999487
0.050623
0.279194
0.0

0.214471
-0.185785
0.0
0.026024
-0.135096
0.0
0.0
0.0
0.407546
0.0
0.005495
1.0
1.0
0.692381
0.269524
1.0
1.0
0.245201
0.0
0.0

1.0
0.37309
0.0
0.0
-0.061447
0.0
-0.237847
0.031575
0.407546
0.0
0.0
0.804029
1.0
1.0
1.0
1.0
0.991282
0.499121
0.0
0.024542

0.631005
0.072781
0.0
0.0
0.198878
0.213107
-0.128547
0.094579
0.624396
0.0
0.0
1.0
0.786007
1.0
0.224689
1.0
1.0
0.040659
0.0
0.0

0.858563
-0.112786
0.0
-0.030512
-0.181961
0.103753
0.23641
0.0
1.0
0.0
0.0
0.551722
0.99978
1.0
1.0
1.0
1.0
0.205641
0.076996
0.0

0.467223
0.37309
0.0
0.023529
0.054598
0.0
-0.363636
0.0
0.600659
0.022198
0.0
1.0
0.998608
0.998315
0.904249
1.0
1.0
0.217656
0.076996
0.0

0.427653
-0.187528
-0.436087
0.0
0.63032
0.424459
0.188059
0.0
0.331062
0.0
0.0
0.804029
0.998608
1.0
1.0
1.0
1.0
0.0
0.0
0.021612

0.369407
-0.098068
0.0
0.0
0.163891
0.101749
0.0
-0.070475
-0.040256
0.0
0.00022
1.0
1.0
1.0
0.935311
0.587766
1.0
0.0
0.030989
0.025421

