o
Left

0.448532
-0.257829
0.0
0.288677
-0.405098
1.0
0.73033
1.0
0.565202
0.700586
0.700586
1.0
0.595971
0.595971
0.416923
0.567986
0.567986
0.520659
0.314359
0.314359

0.476203
-0.328849
0.0
0.092631
-0.350039
1.0
0.642857
0.909084
0.654579
0.827179
0.827179
1.0
0.703517
0.703517
0.841245
0.611502
0.611502
0.703956
0.611209
0.611209

0.278483
-0.331282
0.0
0.280293
-0.581384
1.0
0.764469
0.35978
0.3863
0.899854
0.899854
1.0
0.764029
0.764029
0.538681
0.699853
0.699853
0.412821
0.522418
0.522418

0.925353
-0.357588
-0.732383
-0.742314
-0.370347
1.0
0.195092
0.42718
0.225421
0.94381
0.728132
0.888278
0.22293
0.513919
0.167253
0.997949
0.425861
0.14967
0.611209
0.462491

0.476203
-0.785261
0.058479
-0.22439
-0.014413
1.0
0.040073
0.3
0.188205
1.0
0.663663
0.340879
0.901319
0.491648
0.067033
0.473773
0.494872
0.619414
0.192454
1.0

0.737257
-0.660964
0.054022
-0.506672
-0.203895
0.784706
0.536777
1.0
0.455751
1.0
1.0
0.560513
0.192454
0.508938
0.491648
0.85033
0.289158
0.278755
0.647253
0.357729

0.744833
-0.183023
0.0
0.343333
0.076094
0.784706
0.164029
0.212381
0.411941
0.91304
0.995018
1.0
0.5863
0.238462
0.370623
0.86674
0.849744
0.143956
0.41956
0.314359

0.645317
-0.493327
-0.673537
0.117
-0.095672
1.0
0.387912
0.14967
0.434066
0.833333
0.947033
0.718462
0.825421
0.482564
0.496337
0.397875
1.0
0.412821
0.334872
0.440073

0.698219
-0.638063
-0.214429
-0.28074
-0.373306
1.0
0.207692
0.0
0.663077
0.855897
0.731649
0.946154
0.427326
0.498974
0.454579
1.0
0.600366
0.181319
0.152894
0.192454

0.76587
-0.557798
0.0
0.1354
0.580882
0.371242
0.371502
0.909084
0.219414
0.741612
0.683297
0.946154
0.300879
0.472308
0.231722
0.736337
0.949377
0.703956
0.314359
0.807546

0.810228
-0.408451
0.0
0.093578
0.026904
0.632113
0.164029
0.61326
0.434066
1.0
1.0
0.515385
0.192454
0.537949
0.758022
1.0
1.0
0.223223
1.0
0.655165

0.738964
-0.683025
0.066357
0.242931
-0.164653
1.0
0.267766
0.016044
0.618681
0.723297
1.0
0.825128
0.427326
0.377363
0.491648
1.0
0.592747
0.0
0.491062
0.529158

0.846476
-0.349081
-0.004463
-0.374889
-0.283456
1.0
0.51011
0.489597
0.178388
0.858681
1.0
0.749963
0.559341
0.484908
0.651795
0.31348
0.592747
0.494286
1.0
1.0

0.698219
-0.099267
-0.02738
0.120429
0.870836
1.0
0.635238
0.016044
0.201539
1.0
0.855897
0.702491
0.450623
0.474213
0.43978
1.0
1.0
0.291502
0.202711
0.334872

0.830363
-0.446101
-0.326836
0.428646
0.876631
1.0
0.227326
0.446813
0.51011
0.700586
0.833333
0.628498
0.408718
0.470843
0.367546
0.743223
0.853114
0.149963
1.0
0.269231

0.711669
-0.958597
0.054022
-0.375642
0.870836
1.0
0.73033
0.233187
0.279927
0.373993
0.243883
0.610037
0.513919
0.99978
0.29326
0.949377
0.11011
0.168132
0.304689
0.269231

0.827373
-0.748644
-0.326836
-0.512065
0.213162
0.869749
0.252234
0.618242
0.178388
0.693846
0.94381
0.563736
0.408718
0.513919
0.377363
0.600366
0.567986
0.494286
0.093407
0.152894

0.830582
-0.33995
-0.097338
0.117
0.40036
1.0
0.267766
0.559341
0.188205
1.0
0.995018
0.696484
0.893993
0.796557
0.841245
0.849744
1.0
0.244322
0.344835
1.0

