open_h
Left

-0.07416
-0.085369
0.006287
0.0
0.0
0.0
-0.038878
-0.026729
0.407839
0.0
0.0
0.227796
0.0
0.0
1.0
0.999487
0.999487
1.0
0.999194
0.999194

-0.258048
-0.24242
-0.142062
0.0
0.0
0.139839
0.005788
0.007253
0.147473
0.0
0.0
0.0
0.0
0.0
1.0
0.999487
0.999487
1.0
0.999194
0.999194

-0.260779
-0.186602
-0.039466
0.0
0.0
0.057279
0.0
0.0
0.074652
0.0
0.0
0.0
0.0
0.0
1.0
0.999487
0.999487
1.0
0.999194
0.999194

-0.81165
-0.748405
-0.03407
0.0
0.083564
0.008704
-0.151825
0.01663
0.195385
0.0
0.0
0.059414
0.0
0.0
0.605055
0.999487
1.0
1.0
1.0
1.0

0.434022
-0.624671
-0.396499
0.0
0.0
0.0
0.0
0.0
0.368865
0.0
0.0
0.434506
0.0
0.0
0.743663
1.0
0.501612
0.93011
0.72315
0.741319

0.159543
-0.108101
-0.326885
0.133194
0.0
0.541388
-0.14138
0.0
0.407839
0.0
0.0
0.015165
0.0
0.0
1.0
1.0
1.0
1.0
1.0
1.0

-0.81165
-0.473614
-0.077211
0.122038
0.058573
0.0
0.129744
-0.060053
0.231429
0.0
0.0
0.031282
0.0
0.0
1.0
1.0
1.0
0.791282
1.0
1.0

-0.138014
-0.724351
-0.013998
0.006785
0.004418
0.008619
0.0
-0.019964
0.697509
0.0
0.0
0.0
0.0
0.0
1.0
1.0
0.872308
0.744835
1.0
1.0

0.109687
-0.240123
-0.394002
0.0
0.083564
0.0
0.047985
0.0
0.396996
0.0
0.0
0.128864
0.0
0.0
1.0
1.0
1.0
0.934725
1.0
0.810037

0.307984
-0.122983
0.366717
0.068419
0.0
0.0
-0.03602
-0.063597
0.074652
0.0
0.0
0.304103
0.0
0.0
1.0
1.0
1.0
0.997143
1.0
0.814432

-0.44126
-0.68235
0.006287
0.0
0.04725
0.188756
-0.092504
-0.060053
0.195385
0.0
0.0
0.083736
0.0
0.0
1.0
1.0
1.0
1.0
1.0
1.0

-0.138014
-0.720588
0.318326
0.0
0.0
0.042878
0.0
0.0
-0.078779
0.0
0.0
0.227796
0.0
0.0
0.686374
1.0
1.0
1.0
1.0
1.0

0.136778
0.099113
-0.422631
0.0
0.000439
0.188756
-0.030871
0.0
0.340733
0.0
0.0
0.059414
0.0
0.0
1.0
1.0
1.0
0.838901
0.810037
0.976777

0.082885
-0.182437
-0.39131
0.0
0.0
0.0
0.029817
0.0
0.33956
0.0
0.0
0.0
0.0
0.0
0.918022
1.0
0.946154
1.0
1.0
0.998901

0.019448
-0.589265
0.083207
0.0
0.0
0.007617
-0.172328
0.0
0.586886
0.0
0.0
0.083736
0.0
0.0
1.0
1.0
1.0
1.0
0.99978
1.0

-0.438053
-0.724351
0.079342
0.048394
0.0
0.057279
-0.073521
-0.057848
0.338974
0.0
0.0
0.311429
0.0
0.0
0.920659
1.0
1.0
0.998828
1.0
1.0

-0.465263
-0.122983
0.003432
0.0
0.0
0.086899
-0.092504
0.0
0.0
0.0
0.0
0.004615
0.0
0.0
1.0
1.0
1.0
0.99978
1.0
0.9737

-0.260779
-0.195234
-0.39131
0.122038
0.0
0.0
0.0
0.0
0.56403
0.0
0.0
0.507179
0.0
0.0
1.0
1.0
1.0
1.0
1.0
0.858535

