open_e
Left

0.081988
-0.026585
-0.130128
-0.143288
-0.256927
0.89432
0.782051
1.0
0.020733
0.759194
0.759194
0.050037
0.801832
0.801832
0.089304
0.411648
0.411648
0.0
0.56315
0.56315

0.125805
0.206027
0.009384
-0.167767
-0.260391
0.987714
0.629377
0.285641
0.031868
0.743663
0.743663
0.0
0.718462
0.718462
0.109963
0.391575
0.391575
0.0
0.629963
0.629963

-0.285838
-0.052373
-0.022512
-0.132239
-0.081297
0.958328
0.407839
0.100733
-0.081323
0.764176
0.764176
0.0
0.632308
0.632308
0.095751
0.326667
0.326667
0.086609
0.774286
0.774286

-0.200426
-0.026585
-0.130128
-0.310893
0.064579
0.987714
0.231429
0.038901
-0.088611
1.0
1.0
0.454432
0.998315
0.718462
0.023806
0.721099
0.57663
-0.023782
1.0
0.472894

0.136047
0.082662
-0.200275
-0.172624
-0.218251
0.946064
0.128278
0.0
-0.01109
0.99978
1.0
0.0
1.0
0.99978
0.122681
0.965421
0.942051
0.085201
1.0
1.0

0.034061
0.105177
-0.057214
-0.040064
-0.591577
0.843554
0.619707
0.0
-0.155904
1.0
1.0
-0.09097
0.718462
1.0
0.095751
1.0
1.0
0.033333
1.0
0.703956

0.08864
0.240129
-0.048672
-0.033592
0.090441
0.510736
0.164322
0.005788
-0.049328
1.0
1.0
-0.052906
0.998315
0.718462
0.038891
1.0
1.0
-0.023782
1.0
1.0

0.200751
0.042291
-0.03521
-0.160213
-0.256927
0.645738
0.0
0.424982
0.352161
1.0
0.764176
0.001099
1.0
1.0
0.160806
1.0
1.0
0.372088
1.0
1.0

-0.144246
0.1307
-0.057214
-0.129871
0.195177
1.0
0.619707
0.0
1.0
1.0
0.743663
-0.023818
1.0
1.0
0.01663
1.0
0.955385
0.0
0.506593
0.785568

0.036837
0.08623
-0.078486
0.010477
-0.185317
0.843312
0.128278
0.022491
0.041565
0.743663
1.0
0.278608
1.0
1.0
0.001919
0.464835
1.0
0.0
0.685348
0.703956

0.466066
0.112458
-0.04083
-0.154775
-0.156246
0.783797
0.001685
0.0
-0.175173
1.0
0.99978
0.0
0.718462
1.0
0.6263
0.68652
1.0
0.178974
0.785568
1.0

-0.048995
-0.131256
-0.205055
-0.310893
0.500058
0.823565
0.0
0.0
0.013978
0.99978
1.0
0.063516
1.0
1.0
0.045934
0.999194
1.0
-0.197008
1.0
0.869084

0.139615
0.119829
-0.092928
0.024489
-0.077039
0.804916
0.407839
0.0
0.05619
1.0
0.99978
0.363004
0.999194
1.0
0.132967
0.721099
0.727253
-0.048959
0.957875
0.389817

0.303481
0.105177
-0.082004
-0.132239
0.097027
0.610748
0.110989
0.0
0.041565
1.0
1.0
0.0
1.0
0.970769
0.160806
0.955385
1.0
-0.178056
0.497802
0.319927

0.113368
0.150987
-0.013453
-0.232716
-0.03791
0.718183
0.377363
0.186593
0.001562
1.0
1.0
0.063516
0.998608
1.0
0.188835
1.0
0.464835
0.053846
0.202711
1.0

-0.233133
0.363456
-0.265925
0.168834
-0.349625
0.594989
0.072601
0.0
-0.080287
1.0
1.0
-0.089355
0.998608
0.99978
0.049158
1.0
1.0
-0.015153
0.785568
0.957875

0.113368
0.150987
-0.361537
-0.201226
0.240347
0.987969
0.203736
0.012527
-0.209961
1.0
1.0
0.003323
0.998608
1.0
0.0
1.0
0.999194
0.012821
1.0
1.0

-0.046886
-0.179747
-0.038915
-0.111308
-0.073036
0.544731
0.271282
0.0
0.059414
1.0
1.0
0.0
1.0
1.0
0.001919
0.965421
1.0
0.0
0.986007
0.666887

