p
Left

1.0
-1.294993
0.0
0.0
0.059374
1.0
0.574579
0.047985
0.102491
0.0
0.0
1.0
0.166374
0.166374
1.0
0.227912
0.227912
0.604762
0.234652
0.234652

1.0
-1.53266
0.0
0.0
0.0
1.0
0.642857
0.029817
0.27011
0.0
0.0
1.0
0.148205
0.148205
1.0
0.099853
0.099853
1.0
0.035971
0.035971

0.982288
-1.597548
0.0
0.0
-0.161903
1.0
0.452381
0.030403
0.329597
0.0
0.0
1.0
0.406374
0.406374
1.0
0.406667
0.406667
0.508205
0.248865
0.248865

0.618263
0.337241
-0.323851
0.0
0.039018
1.0
0.133114
0.0
0.102491
0.0
0.0
0.854139
0.013993
0.056777
1.0
1.0
1.0
0.733993
1.0
0.849011

1.0
-1.294993
0.0
0.0
0.0
0.783641
0.241978
0.0
0.134139
0.0
0.0
0.748938
0.033626
0.0
1.0
1.0
0.680513
1.0
1.0
1.0

0.737322
-0.672804
0.0
0.0
0.017744
1.0
0.188938
0.0
0.364762
0.0
0.0
1.0
0.099853
0.054725
1.0
1.0
1.0
1.0
1.0
1.0

0.68577
-0.960884
0.0
0.0
0.152662
1.0
0.574579
0.0
0.301465
0.0
0.0
0.641685
0.154066
0.060586
1.0
1.0
1.0
0.922564
0.997729
0.999487

0.557037
-1.10305
0.0
0.0
-0.008435
1.0
0.442418
0.0
0.065568
0.0
0.0
0.578095
0.212088
0.012527
1.0
1.0
0.406667
0.994945
1.0
1.0

0.677282
0.582043
0.0
0.0
0.070505
1.0
0.309377
0.0
0.016337
0.0
0.0
1.0
0.148205
0.048864
1.0
0.227912
1.0
0.919194
1.0
0.565641

0.677282
-0.218224
-0.228194
0.0
0.152503
1.0
0.309377
0.029817
0.307326
0.0
0.0
0.600659
0.021612
0.031282
0.859414
1.0
0.90044
1.0
1.0
1.0

0.686404
-0.336788
0.0
0.0
0.0
1.0
0.078755
0.030403
0.120659
0.0
0.0
0.996557
0.071136
0.054725
1.0
1.0
1.0
1.0
0.997729
1.0

0.665774
-1.126228
0.066829
0.0
0.102627
1.0
0.064396
0.0
0.071429
0.0
0.0
0.716703
0.004322
0.302051
1.0
1.0
0.526813
1.0
0.999487
1.0

0.466738
-1.53266
0.286449
0.0
0.007658
1.0
0.210183
0.0
0.238022
0.0
0.0
0.396117
0.048864
0.071136
1.0
1.0
0.526813
0.983077
1.0
1.0

1.0
-0.763453
-0.228194
0.0
-0.036189
1.0
0.0
0.0
0.170476
0.0
0.0
1.0
0.208571
0.212088
1.0
0.406667
0.227912
0.770916
1.0
0.998901

0.355119
-0.186079
0.0
0.0
0.007144
1.0
0.0
0.0
0.254286
0.0
0.0
1.0
0.017216
0.447985
1.0
1.0
1.0
0.795824
0.999487
0.997729

0.793456
-0.114203
0.0
0.0
0.0
0.987427
0.0
0.0
0.1863
0.0
0.004029
1.0
0.166374
0.135751
1.0
1.0
1.0
1.0
1.0
0.999487

0.685877
-1.653215
0.0
0.0
0.030007
1.0
0.358022
0.055018
0.063223
0.0
0.0
0.396117
0.172967
0.0
1.0
1.0
1.0
0.979194
0.99978
1.0

0.686404
-0.711082
0.0
0.0
-0.01173
1.0
0.0
0.0
0.235531
0.0
0.0
0.716703
0.1863
0.22967
1.0
1.0
1.0
1.0
1.0
0.980733

