q
Left

1.0
0.097819
0.0
0.0
0.0
0.440528
0.706154
0.050916
0.778828
0.039194
0.039194
1.0
1.0
1.0
1.0
0.999487
0.999487
1.0
0.999194
0.999194

1.0
0.0
0.0
0.0
0.0
0.750335
0.585714
0.001685
1.0
0.05707
0.05707
1.0
1.0
1.0
1.0
0.999487
0.999487
1.0
0.999194
0.999194

1.0
0.085688
0.0
0.0
0.0
0.730965
0.609011
0.0
0.647253
0.059707
0.059707
1.0
1.0
1.0
1.0
0.999487
0.999487
1.0
0.999194
0.999194

0.912551
-0.023805
0.004241
0.035997
0.0
1.0
0.106593
0.0
0.509964
0.061465
0.03304
1.0
1.0
1.0
1.0
1.0
1.0
0.715238
1.0
1.0

0.951412
-0.89702
0.003286
0.070179
0.086844
0.924296
0.0
0.0
0.476264
0.0
0.038608
0.765348
1.0
1.0
0.780147
1.0
1.0
0.299414
1.0
1.0

0.950532
-0.487258
0.086416
0.0
0.221585
1.0
0.058828
0.0
0.091355
0.021026
0.037729
1.0
1.0
1.0
0.412528
1.0
1.0
0.512747
1.0
0.99978

1.0
-0.467415
0.0
0.0
0.0
1.0
0.0
0.0
0.441538
0.0
0.0
1.0
1.0
0.998022
1.0
1.0
1.0
1.0
1.0
1.0

1.0
0.0
0.009365
0.076616
0.179164
1.0
0.060879
0.0
0.177802
0.010183
0.004615
0.557876
1.0
1.0
1.0
1.0
1.0
0.70293
1.0
1.0

1.0
-0.801142
0.004241
0.0
0.10941
1.0
0.225275
0.001685
0.173407
0.059707
0.05619
0.63348
1.0
0.998608
0.084908
1.0
1.0
0.43055
1.0
1.0

0.950532
0.137091
0.003286
0.0
0.01676
1.0
0.425421
0.0
0.509964
0.058828
0.04652
1.0
1.0
0.999194
0.931941
1.0
1.0
0.925348
1.0
1.0

1.0
-0.079657
0.248899
0.245974
0.171907
0.920158
0.058828
0.0
0.217656
0.059707
0.028938
1.0
0.993846
0.99978
0.974579
1.0
1.0
0.562125
1.0
0.99978

0.749026
0.0
0.0
0.076616
0.894965
0.74713
0.368865
0.0
0.14674
0.0
0.0
1.0
0.999194
0.99978
0.974432
0.999194
1.0
0.742198
1.0
0.99978

1.0
-0.125241
-0.300734
0.0
0.606111
1.0
0.414579
0.0
0.82
0.010183
0.0
0.472601
0.998608
0.751868
1.0
1.0
1.0
0.306593
1.0
0.99978

1.0
-0.35142
0.196367
0.0
0.065475
1.0
0.0
0.0
0.441538
0.0
0.043883
0.971941
1.0
1.0
1.0
0.999487
1.0
0.542051
1.0
1.0

0.912551
0.0
0.275393
0.3354
0.086844
1.0
0.060879
0.0
0.476264
0.177509
0.08315
1.0
0.99978
1.0
1.0
1.0
1.0
0.881978
0.999194
1.0

1.0
0.007434
0.0
0.0
0.228871
1.0
0.30044
0.0
0.476264
0.040073
0.0
0.715678
1.0
0.999194
1.0
1.0
1.0
0.306593
1.0
1.0

1.0
-0.1272
0.458566
0.0
0.196647
0.964808
0.181612
0.0
0.232747
0.094579
0.0
0.725495
1.0
1.0
1.0
1.0
1.0
0.62967
1.0
1.0

1.0
-0.295506
0.069967
0.285128
0.221585
1.0
0.008718
0.0
0.317582
0.0
0.0
1.0
1.0
1.0
0.412528
1.0
1.0
0.925934
1.0
0.999487

