r
Left

0.433582
0.373177
-0.00604
0.0
0.0
1.0
1.0
1.0
0.412821
0.0
0.0
0.097216
0.026886
0.026886
1.0
0.999487
0.999487
0.954652
0.999194
0.999194

0.370623
0.251035
0.002605
0.0
0.0
1.0
1.0
0.721392
0.668059
0.0
0.0
0.067326
0.00315
0.00315
1.0
0.999487
0.999487
1.0
0.999194
0.999194

0.412232
0.420052
0.039747
0.0
0.0
1.0
1.0
0.738681
0.675971
0.0
0.0
0.278608
0.0
0.0
1.0
0.999487
0.999487
1.0
0.999194
0.999194

1.0
0.251035
0.453647
0.0
0.482181
1.0
0.360366
0.0
0.264835
0.016923
0.0
0.0
0.0
0.052381
0.868205
1.0
1.0
0.325202
1.0
0.999487

0.168027
-0.225497
0.42004
-0.03494
0.649582
1.0
1.0
0.164908
0.412821
0.00696
0.0
0.026886
0.021026
0.05619
0.66718
1.0
1.0
0.45619
1.0
1.0

1.0
-1.174742
0.412325
0.234647
0.62995
1.0
0.305275
0.171941
0.211795
0.0
0.0
0.197729
0.0
0.0
0.766813
1.0
1.0
0.804029
0.806081
1.0

1.0
0.009933
0.307417
0.243806
0.247868
1.0
0.300586
1.0
0.114799
0.0
0.0
0.349817
0.0
0.0
1.0
1.0
1.0
0.615604
0.999487
1.0

0.758028
-0.147283
0.71184
0.0
0.195867
1.0
1.0
0.382051
0.299707
0.0
0.0
0.166081
0.0
0.010183
1.0
1.0
1.0
0.82337
1.0
1.0

0.61154
-0.915823
0.42004
0.182853
0.087913
1.0
0.344835
0.536191
0.241099
0.0
0.0
0.087546
0.0
0.071136
1.0
1.0
0.999194
0.540879
1.0
0.806081

1.0
-0.745299
0.381446
0.0
0.621052
1.0
1.0
0.034799
0.947766
0.0
0.005788
0.0
0.120806
0.079634
0.66718
1.0
1.0
0.216484
1.0
1.0

0.632899
0.032135
0.426527
-0.03494
0.047144
1.0
1.0
0.201539
0.531502
0.0
0.0
0.097216
0.102784
0.0
0.387912
0.999194
1.0
0.508938
1.0
1.0

0.522182
-0.524241
0.174506
0.314884
0.174555
1.0
0.381612
0.75978
0.228791
0.0
0.0
0.0
0.0
0.0
0.684469
1.0
1.0
0.675385
1.0
0.99978

0.751157
-0.21606
0.238438
0.0
0.111149
1.0
1.0
0.12652
0.228791
0.0
0.0
0.144221
0.102784
0.0
0.751282
1.0
0.719341
0.792894
1.0
1.0

0.677596
-0.347264
0.15139
0.315255
0.162156
1.0
1.0
0.159341
0.162271
0.016923
0.0
0.0
0.013993
0.067912
1.0
1.0
1.0
0.901758
0.999194
0.997729

0.758028
-0.838385
0.326311
0.0
0.0
1.0
0.300586
0.708205
0.318169
0.0
0.011648
0.124762
0.0
0.040366
0.949231
1.0
1.0
0.743663
1.0
1.0

0.644945
-0.475006
-0.092002
0.072211
0.428259
1.0
1.0
0.141319
0.055897
0.0
0.0
0.0
0.102784
0.026886
1.0
0.999487
1.0
0.704835
1.0
0.998901

1.0
-0.695836
0.371972
0.0
0.532514
1.0
0.317875
0.0
0.158901
0.00696
0.0
0.189377
0.122711
0.046227
0.828938
1.0
1.0
0.369744
0.997729
1.0

0.360462
-0.858105
0.298955
0.0
0.482181
1.0
1.0
0.394359
0.106007
0.0
0.0
0.026886
0.120806
0.0
0.868205
1.0
1.0
0.587473
0.999194
1.0

