s
Left

0.291798
0.0
0.0
0.0
0.0
1.0
1.0
0.628791
1.0
1.0
1.0
1.0
1.0
1.0
1.0
0.999487
0.999487
1.0
0.999194
0.999194

0.470176
0.0
0.0
0.0
0.0
1.0
0.97282
0.449744
1.0
1.0
1.0
1.0
1.0
1.0
1.0
0.999487
0.999487
1.0
0.999194
0.999194

0.451459
0.0
0.0
0.0
0.061669
1.0
1.0
0.65663
1.0
1.0
1.0
1.0
1.0
1.0
1.0
0.999487
0.999487
0.974579
0.999194
0.999194

0.744455
-0.03797
-0.086752
0.0
0.061292
1.0
1.0
1.0
1.0
1.0
1.0
0.607839
1.0
1.0
1.0
1.0
0.999487
0.67641
1.0
0.997729

0.769125
-0.281199
0.0
0.0
0.0
1.0
0.539121
1.0
0.841538
1.0
1.0
1.0
1.0
1.0
1.0
1.0
1.0
0.425421
1.0
1.0

0.673568
0.0
0.0
0.231091
-0.091069
1.0
0.892235
0.076996
1.0
0.99978
1.0
1.0
1.0
1.0
1.0
1.0
1.0
0.331941
1.0
0.99978

0.291798
0.0
0.0
0.0
0.432425
1.0
1.0
0.503077
0.503956
1.0
0.99978
0.985788
1.0
1.0
1.0
1.0
0.999487
0.95685
0.999487
0.994213

0.487521
0.0
0.0
0.0
0.323382
1.0
1.0
0.449744
1.0
1.0
1.0
0.898828
1.0
1.0
1.0
1.0
1.0
0.462051
1.0
1.0

0.699872
0.0
-0.155871
0.0
0.0
1.0
1.0
0.327253
0.616484
1.0
1.0
1.0
1.0
0.998315
0.912161
1.0
1.0
0.608571
1.0
1.0

0.697487
0.0
0.0
0.248832
0.323382
1.0
1.0
0.086667
1.0
1.0
0.99978
1.0
0.998315
1.0
0.677436
1.0
0.999194
0.60022
1.0
1.0

0.646065
-0.505369
0.0
0.0
0.378867
1.0
0.827473
1.0
1.0
1.0
0.99978
0.607839
1.0
1.0
1.0
1.0
1.0
1.0
1.0
1.0

0.63463
-0.056043
-0.256754
0.213253
0.181865
1.0
1.0
1.0
1.0
1.0
1.0
1.0
1.0
1.0
1.0
1.0
1.0
0.326667
1.0
1.0

0.932959
-0.186198
0.0
0.0
0.199691
1.0
1.0
0.776777
1.0
1.0
1.0
0.914505
1.0
1.0
1.0
1.0
1.0
0.743077
1.0
0.999194

0.487521
0.0
0.0
0.00353
0.365995
1.0
1.0
0.503077
1.0
1.0
1.0
0.874359
1.0
1.0
1.0
1.0
1.0
0.560073
0.915092
1.0

0.681716
0.0
0.0
0.194827
0.323382
1.0
1.0
0.836557
0.982491
0.99978
1.0
1.0
0.99978
1.0
1.0
1.0
1.0
0.899267
1.0
0.915092

0.681716
0.0
-0.256754
0.0
0.203829
1.0
1.0
0.836557
1.0
1.0
1.0
0.985788
1.0
1.0
0.915092
1.0
1.0
0.833626
1.0
0.994213

0.599334
-0.27924
0.039273
0.0
0.096228
1.0
0.691941
0.041832
0.675385
1.0
1.0
0.914505
1.0
1.0
1.0
1.0
1.0
1.0
1.0
1.0

0.673568
0.0
-0.044163
0.194827
0.02686
1.0
0.892235
1.0
1.0
1.0
1.0
0.777363
1.0
1.0
1.0
1.0
1.0
0.743077
1.0
1.0

