stacked_5
Left

0.68037
0.428389
0.264094
0.128178
0.0
0.812723
0.159927
0.0
0.096337
0.0
0.0
0.291795
0.0
0.0
0.791722
0.035971
0.035971
1.0
0.050037
0.050037

0.672135
0.608763
0.242031
0.0
0.0
1.0
0.357729
0.0
0.287985
0.0
0.0
0.598022
0.0
0.0
1.0
0.152601
0.152601
1.0
0.143517
0.143517

0.296638
-0.073915
-0.238642
0.0
0.0
1.0
0.434506
0.0
-0.082117
0.0
0.0
0.804615
0.364176
0.364176
1.0
0.052967
0.052967
1.0
0.200659
0.200659

0.348444
0.54503
0.0
-0.192684
-0.17542
0.934375
0.007253
0.0
0.006968
0.0
0.0
0.331941
0.0
0.0
1.0
0.034505
0.011648
1.0
0.0
0.277143

0.394515
1.004044
-0.027871
0.011925
0.006475
0.946152
0.044469
0.0
0.175685
0.0
0.0
0.106365
0.0
0.0
0.874359
0.0
0.0
0.926813
0.126374
0.292674

0.004374
0.32136
-0.040796
0.444386
0.0
0.679235
0.0
0.0
0.075824
0.0
0.0
0.219854
0.0
0.0
1.0
0.010769
0.0
0.733993
0.071429
0.404176

0.672135
0.049018
-0.088226
0.330377
0.082977
0.927462
0.234945
0.0
0.044469
0.0
0.0
0.35641
0.0
0.0
1.0
0.128864
0.0
0.668059
0.092527
0.003443

0.544577
0.291553
0.063803
0.0
0.0
0.882352
0.044469
0.0
-0.007026
0.0
0.0
1.0
0.0
0.0
0.151136
0.040952
0.052674
1.0
0.112161
0.200659

0.306097
0.007821
0.32559
0.150776
0.0
1.0
0.217656
0.0
0.577216
0.0
0.0
0.049744
0.0
0.0
0.733114
0.0
0.035971
1.0
0.292674
0.000513

0.440166
0.296363
0.069164
0.036751
0.0
0.92327
0.0
0.0
-0.013187
0.0
0.0
0.197729
0.0
0.0
0.024249
0.039487
0.0
0.849597
0.071722
0.446813

0.893137
0.459215
0.204782
-0.09133
0.082977
0.595735
0.039194
0.08022
0.243443
0.0
0.0
0.275971
0.0
0.0
1.0
0.044469
0.043297
0.590403
0.126374
0.051502

0.681959
0.514125
-0.032074
0.0
0.022127
0.624026
0.458242
0.0
0.053855
0.0
0.0
0.17175
0.0
0.0
0.120513
0.04359
0.0
1.0
0.129157
0.071429

0.893137
0.291553
0.287886
0.39537
0.080629
0.624026
0.0
0.0
-0.037145
0.0
0.0
0.147912
0.0
0.0
0.733114
0.010769
0.028645
0.918901
0.999414
0.051502

0.270966
0.359695
0.319794
0.195578
0.476447
1.0
0.002271
0.0
-0.137497
0.0
0.0
0.197729
0.0
0.0
0.024249
0.002271
0.0
1.0
0.0
0.08022

0.207149
0.735554
0.179144
0.006023
-0.392843
0.947311
0.109524
0.0
-0.112996
0.0
0.0
0.853553
0.0
0.0
1.0
0.0
0.227766
1.0
0.066154
0.034505

0.400351
0.251551
-0.105116
-0.193765
0.0
0.724995
0.067033
0.0
0.0
0.0
0.0
0.275971
0.0
0.0
0.150843
0.040952
0.0
0.651941
0.147033
0.139853

0.544577
0.59394
0.450321
0.0
-0.038891
1.0
0.0
0.0
0.044469
0.0
0.0
0.315238
0.0
0.0
1.0
0.017509
0.034505
0.725201
0.145568
0.231722

0.461355
0.292388
0.50804
0.328552
0.0
1.0
0.308791
0.0
0.154799
0.0
0.0
0.147912
0.0
0.0
1.0
0.006081
0.054432
0.807253
0.385861
0.165055

