x
Left

-0.049447
-0.240111
0.0
0.0
0.0
1.0
1.0
1.0
0.597436
0.632308
0.632308
1.0
0.927692
0.927692
1.0
0.999487
0.999487
1.0
0.999194
0.999194

-0.118331
-0.288324
0.0
0.0
0.0
1.0
1.0
1.0
0.669231
0.852381
0.852381
1.0
1.0
1.0
1.0
0.999487
0.999487
1.0
0.999194
0.999194

-0.601879
-0.054091
0.0
0.0
0.0
1.0
1.0
1.0
0.527692
0.674945
0.674945
1.0
0.977216
0.977216
1.0
0.999487
0.999487
1.0
0.999194
0.999194

-0.23764
-0.389347
-0.036434
-0.044121
-0.415769
1.0
1.0
1.0
0.207399
0.535897
1.0
0.738681
0.998608
0.927692
0.604762
1.0
0.581612
0.806374
0.971062
1.0

-0.159583
-0.418209
0.0
0.011053
-0.133987
1.0
1.0
0.325495
0.471722
0.798755
1.0
1.0
1.0
0.954652
1.0
0.542784
1.0
0.927399
0.76696
0.997729

-0.014026
0.0572
0.0
-0.053031
0.362169
1.0
1.0
0.516264
0.404176
1.0
0.951722
1.0
0.928571
0.903663
0.667766
1.0
0.522564
0.88315
0.908645
0.76696

0.762748
0.097184
0.0
0.0
0.193287
1.0
1.0
1.0
0.527692
1.0
0.951722
1.0
0.998608
0.831575
1.0
1.0
0.999487
1.0
0.944689
1.0

0.335133
-0.321894
0.0
0.308585
-0.276191
1.0
1.0
1.0
0.192747
0.635238
1.0
1.0
1.0
0.928571
1.0
1.0
1.0
0.855898
0.971062
1.0

0.725005
-0.343856
-0.197334
-0.042278
0.114078
1.0
1.0
0.0
0.349231
0.951722
1.0
0.676996
0.998608
1.0
1.0
1.0
1.0
0.567985
1.0
0.997729

1.0
-0.290421
0.0
-0.207645
-0.145902
1.0
1.0
1.0
0.313187
0.4263
0.963443
0.902051
0.829084
0.998608
0.892234
0.854139
1.0
0.583077
1.0
0.581905

0.762748
-0.048148
0.0
0.0
0.011451
1.0
1.0
1.0
0.404615
0.998572
0.674945
1.0
0.725788
1.0
1.0
1.0
0.993773
0.452381
1.0
0.999194

1.0
-0.976585
0.0
-0.328837
0.231424
1.0
1.0
0.222491
0.367106
1.0
1.0
1.0
1.0
0.970183
0.961099
1.0
1.0
0.567985
1.0
1.0

0.725005
0.108572
0.0
0.0
0.322416
1.0
1.0
0.330769
0.35011
0.635238
0.237289
1.0
0.872308
1.0
0.562125
0.937656
0.999487
0.680073
1.0
1.0

1.0
-0.273383
0.0
0.0
0.261695
1.0
1.0
1.0
0.383517
0.67304
1.0
1.0
0.985568
0.954066
1.0
1.0
1.0
0.999414
1.0
0.908645

-0.014026
-1.438063
0.0
0.0
-0.474604
1.0
1.0
0.302637
0.217656
0.905421
1.0
0.909817
0.831575
0.954652
0.72315
0.495458
0.541172
0.970769
0.581905
1.0

-0.38014
-0.449477
-0.183569
-0.124169
-0.993409
1.0
1.0
0.347473
0.208425
1.0
1.0
0.908059
1.0
1.0
1.0
1.0
0.561978
0.869084
1.0
1.0

0.824569
-0.202347
-0.066707
0.0
-0.276191
1.0
1.0
1.0
0.422051
1.0
1.0
0.765641
0.954066
0.985568
1.0
1.0
0.999487
0.855898
1.0
0.851795

0.619243
-1.091587
0.0
0.421634
-0.009784
1.0
1.0
0.0
0.360366
0.870549
1.0
1.0
0.862051
0.88315
1.0
1.0
0.812527
1.0
1.0
0.997729

