3
Left

0.544888
0.287189
-0.024629
0.0
0.127324
0.0
-0.024354
-0.02596
0.052674
0.0
0.0
0.324029
0.0
0.0
1.0
1.0
1.0
0.891355
1.0
1.0

0.331335
0.231449
-0.033007
0.089803
0.10725
0.0
-0.174618
-0.12005
0.013407
0.0
0.0
0.068205
0.0
0.0
0.732234
1.0
1.0
0.415165
1.0
1.0

0.551931
0.214891
-0.004423
0.026791
0.164284
0.015811
0.0
0.0
0.008809
0.0
0.0
0.0
0.0
0.0
0.3337
1.0
1.0
0.340733
1.0
1.0

0.331335
0.344082
0.0
0.044317
-0.015455
0.08425
-0.018461
0.0
0.015458
0.0
0.0
0.194799
0.0
0.0
0.952894
1.0
0.705275
1.0
1.0
1.0

0.106295
0.283306
-0.383917
0.0
0.0
0.0
0.0
0.0
0.022784
0.0
0.0
0.008718
0.0
0.0
0.732234
1.0
1.0
0.589524
1.0
1.0

-0.159807
0.829896
-0.054673
0.0
0.142745
0.0
-0.029384
-0.020201
0.0263
0.0
0.0
0.010769
0.0
0.0
1.0
1.0
1.0
0.995604
1.0
0.999194

0.30565
-0.225972
-0.217508
0.044317
0.0
0.0
0.014345
0.0
0.022856
0.0
0.0
0.08989
0.0
0.0
0.871722
1.0
1.0
0.882711
0.997729
0.645934

0.408751
0.113357
-0.395784
0.007188
0.244471
0.0
0.0
0.212409
0.297363
0.0
0.0
0.48696
0.0
0.0
0.974359
1.0
1.0
0.995604
1.0
0.694725

0.650782
-0.020748
-0.161936
0.184115
0.124646
0.249264
-0.096395
-0.15299
0.008132
0.0
0.0
0.021319
0.0
0.0
1.0
1.0
1.0
0.589524
0.634066
0.997729

0.316185
0.593315
-0.374565
0.104708
0.25946
0.0
-0.010126
-0.033989
0.0263
0.0
0.0
0.338388
0.0
0.0
1.0
0.593919
1.0
1.0
1.0
1.0

0.061069
0.215558
-0.360563
0.0
0.124646
0.265875
-0.024354
0.030696
0.058242
0.0
0.0
0.10718
0.0
0.0
0.846813
0.705275
1.0
0.697656
0.952894
1.0

0.538102
1.028515
-0.701772
0.184115
0.122216
0.0
-0.238189
-0.099098
0.057656
0.0
0.0
0.194799
0.0
0.0
0.901612
0.675824
1.0
1.0
0.720073
0.720073

0.447284
0.215558
-0.383917
0.0
0.0
0.0
0.033631
0.0
0.016923
0.0
0.0
0.275971
0.0
0.0
0.904835
1.0
1.0
1.0
1.0
0.898388

0.519784
0.424111
0.0
0.0
0.0
0.041782
-0.22253
0.0
0.011062
0.0
0.0
0.052381
0.0
0.0
1.0
1.0
1.0
0.511868
1.0
1.0

0.135661
0.246534
-0.656416
0.184115
0.053748
0.0
-0.096395
-0.117386
0.0263
0.0
0.0
0.010769
0.0
0.0
1.0
0.890037
0.80022
0.939414
1.0
0.634799

0.255626
0.414282
-0.141164
0.035597
0.0
0.0
-0.029384
-0.124127
0.018681
0.0
0.0
0.027179
0.0
0.0
1.0
1.0
1.0
0.995604
1.0
1.0

-0.260846
0.497693
-0.220462
0.089803
0.162285
0.041782
-0.096395
-0.031875
0.148205
0.0
0.0
0.377363
0.0
0.0
0.846813
0.803883
1.0
0.523883
1.0
0.827179

0.106295
0.439392
-0.216244
0.0
0.123798
0.028257
0.0
-0.005802
0.015458
0.0
0.008425
0.073773
0.0
0.0
0.901612
0.890037
1.0
0.71641
0.634066
0.634066

