8
Left

1.0
0.047856
0.009163
0.1491
-0.322881
1.0
0.624103
0.0
0.041832
0.0
0.0
0.675971
0.814286
0.814286
0.5737
0.007253
0.007253
0.005201
0.014872
0.014872

0.883586
-0.041291
0.077438
0.268277
-0.196802
1.0
0.139121
0.079927
0.061758
0.0
0.0
0.826886
0.28359
0.28359
0.459414
0.0
0.0
0.019267
0.0
0.0

0.803536
-0.061853
-0.055092
0.184742
-0.227428
1.0
0.169304
0.047692
0.177404
0.0
0.0
0.601245
0.586886
0.586886
0.294432
0.0
0.0
0.0
0.0
0.0

0.58017
-0.030955
-0.163449
0.282547
-0.632169
1.0
0.125348
0.296484
0.182784
0.0
0.0
0.30337
0.43685
0.590696
0.086374
0.0
0.0
0.0
0.0
0.0

0.790177
0.228673
0.0
0.429445
-0.695811
1.0
0.030403
0.069963
0.165282
0.0
0.0
0.317729
0.844176
0.712894
0.67348
0.012527
0.006081
0.0
0.0
0.0

0.620058
0.382121
0.152713
0.618156
-0.265023
1.0
0.0
0.435385
0.042418
0.0
0.0
0.693553
0.998315
0.960513
0.0
0.012821
0.0
0.0
0.0
0.0

0.579698
-0.386213
0.0
-0.023365
-0.286779
1.0
0.662198
0.06674
0.312601
0.0
0.0
0.401099
0.690623
0.257802
0.415751
0.0
0.0
-0.034063
0.0
0.0

0.643336
0.233295
-0.345439
0.158459
-0.764811
1.0
0.188791
0.420879
0.009597
0.0
0.0
0.401245
1.0
0.521392
0.459414
0.0
0.0
-0.073329
0.0
0.0

0.005815
-0.341198
0.326037
0.251351
-0.129313
1.0
0.566667
0.077875
-0.140963
0.0
0.0
0.693553
0.772674
0.722857
0.090183
0.0
0.0
0.0
0.0
0.0

0.665833
-0.044323
0.233118
0.160897
-0.310261
1.0
0.125348
0.0
0.0
0.0
0.0
0.775897
0.665421
1.0
0.253114
0.0
0.01663
-0.098539
0.0
0.0

0.841813
0.047856
0.00758
0.223164
-0.303386
1.0
0.376777
0.0
0.0
0.0
0.0
0.278022
0.521392
0.644322
0.591575
0.0
0.0
-0.129465
0.0
0.0

0.883586
-0.001978
0.050456
0.182917
-0.274428
1.0
0.0
0.064982
0.0
0.017802
0.0
0.702637
0.957289
0.729304
0.361832
0.022491
0.012821
0.022198
0.0
0.0

0.701256
-0.184454
0.182526
0.434757
-0.237138
1.0
0.327985
0.015165
0.057656
0.0
0.015165
0.775897
0.957289
1.0
0.171941
0.010769
0.0
0.004029
0.0
0.0

0.712226
-0.030955
0.127105
0.277421
-0.374602
1.0
0.721099
0.514799
-0.140963
0.004908
0.0
0.451209
1.0
0.716703
0.221758
0.004908
0.0
-0.076436
0.0
0.0

0.841813
1.322265
0.29232
0.286869
-0.310261
1.0
1.0
0.0
0.0
0.0
0.0
0.315238
0.853114
0.999707
0.078169
0.0
0.0
0.073773
0.0
0.0

0.665833
-0.182223
0.242503
0.01349
-0.898555
1.0
1.0
0.084029
0.0274
0.034799
0.0
0.074652
0.767985
1.0
-0.001978
0.013993
0.0
0.0
0.0
0.0

0.701256
0.250297
0.403665
-0.163367
-0.25347
1.0
0.746007
0.052088
0.0
0.0
0.0
0.702637
0.853114
0.581612
0.049451
0.010769
0.0
0.0
0.0
0.0

0.303062
0.181104
0.042496
0.316634
-0.391744
1.0
0.710256
0.59641
0.0
0.0
0.0
1.0
0.656923
0.28359
0.060586
0.0
0.0
-0.034098
0.0
0.0

