a
Left

-0.34388
0.0
0.0
0.0
0.0
0.0
-0.301092
0.00538
1.0
1.0
1.0
1.0
1.0
1.0
1.0
1.0
1.0
1.0
1.0
1.0

-0.304466
0.0
0.0
0.0
0.0
0.0
-0.363636
0.000902
1.0
1.0
1.0
1.0
1.0
1.0
1.0
1.0
1.0
1.0
1.0
1.0

0.055807
0.0
0.0
0.0
0.0
0.0
-0.192759
0.135683
1.0
1.0
1.0
1.0
1.0
1.0
1.0
1.0
1.0
1.0
1.0
1.0

0.002154
0.0
0.0
0.0
0.0
0.0
-0.118291
0.163007
1.0
1.0
1.0
1.0
0.998608
1.0
1.0
1.0
1.0
0.902491
1.0
0.99978

0.998584
0.0
0.0
0.0
0.0
0.0
-0.192759
0.000902
1.0
1.0
1.0
1.0
1.0
1.0
1.0
1.0
0.782198
0.997143
1.0
1.0

0.303417
0.0
0.0
0.0
0.0
0.0
-0.115563
0.056777
0.999487
0.936996
1.0
1.0
1.0
0.998315
1.0
0.754799
1.0
0.998022
1.0
1.0

-0.55139
0.0
0.0
0.0
0.0
0.0
0.0
-0.121154
1.0
1.0
1.0
1.0
1.0
0.998315
1.0
0.754799
1.0
1.0
0.999194
1.0

-0.623887
0.0
0.0
0.0
0.0
0.0
-0.323479
-0.1875
1.0
1.0
1.0
1.0
1.0
0.99978
1.0
0.782198
1.0
1.0
1.0
1.0

0.504675
-0.00012
0.0
0.0
0.0
0.0
-0.156116
-0.033387
1.0
1.0
1.0
1.0
1.0
1.0
1.0
1.0
0.999487
0.998022
1.0
0.99978

-0.056979
0.0
0.0
0.0
0.0
0.0
-0.221702
-0.02713
1.0
1.0
1.0
1.0
1.0
1.0
1.0
1.0
1.0
1.0
0.997729
0.678901

-0.34388
0.0
0.0
0.0
0.0
0.0
-0.039461
-0.1875
1.0
1.0
1.0
0.99978
1.0
1.0
1.0
1.0
0.999487
0.705861
0.999194
1.0

0.005782
0.0
0.0
0.0
0.0
0.387948
-0.363636
0.279623
1.0
1.0
1.0
1.0
0.998022
0.998022
1.0
0.80315
1.0
1.0
1.0
0.997729

-0.305969
0.0
0.0
0.0
0.002825
0.304096
-0.363636
-0.097794
1.0
1.0
1.0
1.0
0.998315
0.998608
1.0
1.0
1.0
1.0
1.0
1.0

-0.631722
0.0
0.0
0.0
0.0
0.0
-0.192759
0.10674
1.0
1.0
1.0
1.0
1.0
1.0
1.0
1.0
1.0
1.0
1.0
0.999194

-0.972909
0.0
0.0
0.0
0.0
0.0
-0.298035
-0.1754
1.0
1.0
1.0
1.0
1.0
1.0
1.0
1.0
1.0
1.0
1.0
0.999487

1.0
0.0
0.0
0.0
0.0
0.0
-0.323479
0.219732
1.0
1.0
1.0
1.0
1.0
0.998022
1.0
1.0
1.0
1.0
1.0
1.0

0.882054
0.0
0.0
0.0
0.2523
0.0
-0.156116
0.007839
1.0
1.0
1.0
1.0
1.0
0.99978
1.0
1.0
1.0
1.0
0.999194
0.99978

-0.0523
0.0
0.0
0.0
0.0
0.474698
0.0
-0.02713
1.0
1.0
1.0
1.0
1.0
1.0
1.0
1.0
1.0
0.997143
1.0
1.0

