bent_v
Left

0.616839
0.45985
-0.440704
0.107109
0.399063
1.0
0.407986
0.0
0.032747
1.0
1.0
0.0
0.859121
0.859121
0.568865
1.0
1.0
0.352308
1.0
1.0

0.607324
0.405865
-0.381263
0.037577
0.34371
1.0
0.249304
0.0
0.017802
1.0
1.0
0.0
0.709963
0.709963
0.916264
1.0
1.0
0.617949
1.0
1.0

0.508912
0.371753
-0.368849
0.0
0.430605
1.0
0.300586
0.161099
0.035092
1.0
1.0
0.070549
0.546154
0.546154
1.0
1.0
1.0
0.489597
1.0
1.0

0.313188
0.46314
0.022771
0.003385
0.0
1.0
1.0
0.0
-0.044477
1.0
0.99978
0.008425
0.813553
0.617363
0.647985
1.0
1.0
0.584835
1.0
1.0

0.333824
0.553871
-0.455472
-0.056121
0.085335
1.0
1.0
0.269524
0.084029
1.0
1.0
-0.371101
0.950256
0.998315
1.0
1.0
1.0
1.0
0.999487
0.889597

0.458014
0.403487
-0.199551
0.209504
0.893553
1.0
1.0
0.0
0.0
1.0
1.0
-0.007484
0.999414
1.0
0.761832
1.0
1.0
0.876117
1.0
1.0

0.508912
0.247626
-0.491763
0.053843
0.0
1.0
0.905714
0.208132
0.0
1.0
1.0
0.0
1.0
1.0
1.0
1.0
0.999487
1.0
1.0
1.0

0.631212
0.520708
0.178729
0.165059
0.080076
1.0
0.249304
0.310549
-0.044477
1.0
1.0
-0.032987
1.0
0.99978
0.42044
1.0
1.0
0.706154
1.0
0.997729

0.328019
0.403487
-0.165042
0.013751
0.080039
1.0
0.407986
0.16022
0.025714
1.0
0.876117
-0.027617
0.66718
0.998315
0.63011
1.0
1.0
0.520073
1.0
1.0

0.328019
0.658907
0.038283
0.02526
-0.166758
1.0
1.0
1.0
0.00782
0.99978
1.0
0.042418
0.461465
0.998608
0.577802
1.0
1.0
1.0
1.0
1.0

0.282964
0.4317
-0.217111
0.053843
0.352312
1.0
0.424396
0.570183
0.0
0.861758
1.0
0.008425
0.998608
0.588645
1.0
1.0
0.935458
0.731355
0.997729
0.998901

0.83697
0.625036
-0.130814
0.022625
0.0
1.0
0.257509
1.0
0.229969
1.0
1.0
0.0
0.804322
1.0
0.707033
1.0
1.0
0.655897
1.0
1.0

0.339256
0.597481
-0.491763
0.0
-0.250197
1.0
0.300586
1.0
-0.084479
1.0
0.937509
-0.037853
0.34967
0.804322
0.605055
1.0
1.0
0.786007
1.0
1.0

0.508912
0.609437
0.178838
0.0
0.143622
1.0
1.0
0.51978
0.084029
0.99978
0.640806
0.0
0.998315
1.0
0.872015
1.0
1.0
0.706154
1.0
0.398022

0.566439
0.181401
-0.695112
-0.067497
0.151517
1.0
1.0
1.0
0.023782
1.0
1.0
-0.046027
0.722857
1.0
0.926667
1.0
1.0
0.347326
1.0
0.999487

0.531203
0.34305
-0.26881
0.0
0.0
1.0
1.0
1.0
0.036058
0.640806
1.0
0.0
1.0
1.0
0.575311
1.0
1.0
0.833773
1.0
0.848278

0.869479
0.609437
-0.217111
0.02526
-0.242349
1.0
0.663663
0.089011
-0.081822
0.847985
1.0
-0.408642
1.0
1.0
1.0
1.0
1.0
0.865568
1.0
1.0

0.186631
0.131958
-0.763385
0.0
0.258793
1.0
1.0
0.327546
-0.032104
1.0
1.0
0.0
0.998315
1.0
0.577802
1.0
1.0
0.535311
1.0
1.0

