bent_1
Left

0.922758
-0.024351
0.0
0.0
0.0
1.0
1.0
0.82337
0.364469
1.0
1.0
1.0
1.0
1.0
1.0
1.0
1.0
1.0
1.0
1.0

0.702305
0.211232
0.0
0.0
0.272942
1.0
0.7337
0.48022
0.114945
1.0
1.0
1.0
1.0
1.0
1.0
1.0
1.0
0.78674
1.0
1.0

0.773288
0.245448
0.0
0.0
0.000475
1.0
0.74044
0.94381
0.090183
1.0
1.0
1.0
1.0
1.0
1.0
1.0
1.0
0.999707
1.0
1.0

0.277461
-0.757131
0.0
0.0
0.0
1.0
1.0
0.878608
0.062058
1.0
1.0
0.785421
0.99978
1.0
1.0
0.999487
0.999487
1.0
0.999487
0.999194

0.860988
-0.219076
-0.068562
0.0
0.080824
1.0
0.621172
1.0
0.802271
0.424835
1.0
1.0
1.0
1.0
0.918315
1.0
1.0
1.0
0.999194
1.0

0.773351
-0.480931
0.0
0.0
-0.120093
1.0
1.0
0.72315
0.152308
1.0
1.0
1.0
1.0
1.0
0.554066
0.999487
1.0
0.721392
1.0
0.909524

0.262638
-0.204241
0.0
0.0
0.015276
1.0
0.74044
1.0
0.299414
1.0
1.0
1.0
0.926813
1.0
1.0
1.0
1.0
0.792894
0.997729
1.0

0.753848
0.535302
0.162114
0.0
0.094417
1.0
0.941172
1.0
0.08677
1.0
1.0
0.707033
0.999194
1.0
0.723736
1.0
1.0
0.418681
0.99978
1.0

0.296662
0.211278
-0.443851
0.089958
0.063996
1.0
1.0
1.0
0.133647
1.0
0.899854
0.801099
0.998608
1.0
0.896483
1.0
1.0
1.0
0.999487
0.747473

0.675647
0.100825
-0.015494
0.0
0.090437
0.673909
1.0
1.0
0.284176
1.0
1.0
1.0
1.0
1.0
1.0
1.0
1.0
0.82718
1.0
0.99978

0.630758
0.221859
0.0
0.0
0.0
1.0
0.438022
1.0
0.0
0.99978
1.0
0.932234
1.0
1.0
1.0
1.0
1.0
0.934725
1.0
0.909524

0.644363
0.295876
0.263277
0.0
0.145433
1.0
1.0
0.502784
0.222259
1.0
1.0
0.923004
0.999194
1.0
1.0
1.0
0.999194
0.771502
1.0
1.0

0.731682
0.069592
0.0
0.0
0.000155
0.928299
1.0
1.0
0.208774
1.0
1.0
1.0
1.0
0.998608
1.0
1.0
1.0
1.0
1.0
0.99978

0.133477
-0.271376
-0.161415
0.0
0.220141
1.0
0.724322
0.015165
0.150549
1.0
1.0
0.939121
1.0
1.0
1.0
1.0
1.0
0.398755
1.0
1.0

0.230134
0.257169
0.0
0.0
0.0
0.673909
0.26337
0.356264
0.017509
1.0
1.0
1.0
1.0
1.0
1.0
1.0
1.0
0.904103
1.0
1.0

0.555894
0.266447
0.0
0.0
0.0
1.0
0.457656
1.0
0.048662
1.0
1.0
1.0
0.998022
0.998608
1.0
0.999194
0.999487
0.771502
1.0
1.0

0.848931
0.352997
0.0
0.06933
-0.206649
1.0
0.52359
1.0
0.208774
0.399341
0.349817
0.639634
0.926813
0.99978
1.0
1.0
1.0
0.792894
0.999487
0.998901

0.797845
0.28695
0.0
0.0
0.0
0.863738
0.96022
0.411795
0.487692
1.0
1.0
1.0
1.0
0.999194
1.0
1.0
1.0
0.999707
1.0
0.997729

