closed_e
Left

0.970556
-0.03085
0.016235
0.250427
0.271213
1.0
1.0
0.037143
0.843443
1.0
1.0
0.951136
1.0
1.0
0.482564
1.0
1.0
0.344835
1.0
1.0

0.89586
-0.173511
0.033956
0.159784
0.054475
1.0
1.0
0.0
0.670549
1.0
1.0
0.895458
1.0
1.0
0.371648
1.0
1.0
0.219854
1.0
1.0

0.949158
-0.120545
0.0
0.118629
0.143484
1.0
1.0
0.0
0.826447
1.0
1.0
1.0
1.0
1.0
0.588059
1.0
1.0
0.285641
1.0
1.0

0.960046
-0.020451
-0.115197
0.138314
-0.155742
1.0
1.0
0.299414
1.0
1.0
1.0
0.40696
1.0
1.0
0.40359
0.953626
1.0
0.224542
1.0
1.0

0.504501
0.161223
0.0
0.250427
1.31311
1.0
1.0
1.0
1.0
1.0
0.99978
1.0
1.0
1.0
0.502784
1.0
1.0
0.290916
0.999487
0.947473

0.640146
0.0
-0.054562
0.159784
0.054475
1.0
1.0
1.0
0.670549
1.0
1.0
0.4263
0.998315
1.0
0.127692
1.0
1.0
0.242857
1.0
1.0

0.758763
0.0
0.0
0.159784
-0.056848
1.0
1.0
0.999487
0.629084
1.0
1.0
0.307619
0.999194
1.0
0.482564
1.0
1.0
0.224542
1.0
1.0

0.611508
-0.085399
0.0
0.118629
0.16868
1.0
1.0
0.182198
0.866301
1.0
1.0
0.477582
1.0
0.999194
0.188352
1.0
1.0
0.18718
1.0
1.0

0.549908
-0.003565
-0.363612
0.226818
0.109409
1.0
1.0
0.154066
1.0
1.0
1.0
0.594506
1.0
1.0
1.0
1.0
1.0
0.203883
1.0
0.99978

0.364049
-0.021544
0.0
0.0
0.16868
1.0
1.0
1.0
1.0
1.0
1.0
0.307619
1.0
0.998608
0.583956
0.999194
1.0
0.258388
1.0
1.0

0.918386
-0.044679
0.177855
0.002687
0.0
1.0
1.0
0.0137
1.0
1.0
0.99978
1.0
0.998022
0.998315
0.259707
1.0
1.0
0.298242
0.99978
0.999487

0.47454
-0.120545
-0.021622
-0.266228
-0.063538
1.0
1.0
0.262491
0.920293
1.0
1.0
1.0
0.999194
1.0
0.505861
1.0
1.0
0.697949
0.998901
0.865568

0.078146
0.161223
-0.054562
0.487434
-0.155742
1.0
1.0
1.0
0.670549
1.0
1.0
0.307619
1.0
1.0
0.14293
1.0
1.0
0.162125
1.0
0.999487

-0.21637
-0.00547
0.0
0.072844
-0.186039
1.0
1.0
0.799487
0.62381
1.0
1.0
0.506886
1.0
0.99978
0.583956
1.0
1.0
0.400073
0.830403
1.0

0.505974
-0.202951
0.0
0.002687
0.167207
1.0
1.0
1.0
0.843443
1.0
0.99978
0.479634
1.0
0.998608
0.396996
1.0
1.0
0.166374
1.0
1.0

1.0
-0.275445
0.0
0.18731
0.031306
1.0
1.0
0.159341
0.590403
1.0
1.0
1.0
1.0
1.0
0.125788
1.0
1.0
0.314945
0.947473
1.0

0.949158
-0.333119
-0.176019
-0.031847
0.02412
1.0
1.0
0.999487
1.0
1.0
1.0
0.98608
1.0
1.0
0.204762
1.0
1.0
0.382637
1.0
0.998901

0.339191
0.0
0.070612
0.487434
0.097996
1.0
1.0
0.262491
1.0
1.0
1.0
0.598022
1.0
1.0
0.731941
1.0
1.0
0.697949
1.0
1.0

