curved_5
Left

0.920206
0.408243
0.017387
-0.287551
-0.173134
0.489561
0.05707
0.0
0.0
0.134432
0.134432
0.0
0.090476
0.090476
0.0
0.216777
0.216777
0.085788
0.051795
0.051795

0.97265
0.336557
-0.037404
-0.285984
-0.09824
0.51797
0.004322
0.0
0.0
0.158315
0.158315
0.0
0.166081
0.166081
0.0
0.263517
0.263517
0.069963
0.059414
0.059414

0.878233
0.373666
-0.053905
-0.317441
-0.07801
0.706846
0.052088
0.0
0.001392
0.181026
0.181026
0.0
0.191282
0.191282
0.0
0.448864
0.448864
0.062051
0.124176
0.124176

0.878233
0.152368
0.172323
-0.322598
-0.806103
0.866786
0.0
0.001099
0.018974
0.824835
0.275971
0.0
0.422491
0.809597
0.0
0.234652
0.999194
0.0
0.668791
0.394359

0.920206
0.356049
-0.026943
-0.008443
0.011646
0.51797
0.390256
0.140586
0.052674
0.903224
0.266154
0.051795
0.749231
0.076117
0.004029
1.0
0.752747
0.040366
0.368425
0.165201

0.371421
-0.344738
-0.018023
-0.22567
-0.890002
0.811077
0.227912
0.035678
0.0
0.464835
0.279487
0.502784
0.30967
0.460879
0.100147
1.0
0.684176
0.081392
0.394359
0.14381

0.651424
0.160545
-0.094132
-0.280614
-0.293333
0.979941
0.0
1.0
0.007253
0.307326
0.552601
0.0
0.36359
0.428059
0.005495
0.94989
0.916264
0.246667
0.129744
0.394359

0.61881
0.408243
-0.007531
-0.168488
-0.249107
0.782409
0.001978
0.0
0.0
0.275971
0.22293
0.0
0.320806
0.985421
0.0
0.763297
0.189084
0.192454
0.341319
0.491648

0.807307
0.42406
-0.018023
-0.113226
-0.419595
1.0
0.479634
0.0
0.338095
0.986887
1.0
0.0
0.460879
0.320806
0.0
1.0
0.216777
0.406374
0.076703
0.428059

0.795605
0.340392
-0.170934
-0.008443
-0.419595
1.0
0.485202
0.0
0.014079
1.0
0.607985
-0.019735
0.30967
0.428059
0.0
0.14293
0.082857
0.238462
0.274799
0.896337

0.231496
0.351286
0.302725
-0.456376
-0.229828
1.0
0.334286
0.0
0.008132
0.612381
1.0
0.0
0.273919
0.176044
0.0
0.625568
0.716117
0.470256
0.257363
0.0

0.877299
0.475706
0.137533
-0.124265
-0.249107
1.0
0.706154
0.005495
-0.00102
0.702784
0.279487
0.022491
0.176044
0.34337
0.067033
0.390549
0.263517
0.616484
0.013993
0.051795

0.8305
0.03467
-0.250027
-0.257676
0.2149
1.0
0.480073
0.0
0.001392
0.971941
0.134432
0.0
0.076117
1.0
0.0
0.14293
0.170769
0.085788
0.013993
0.126227

0.814762
0.115813
0.120157
-0.282701
-0.181096
1.0
0.343663
1.0
0.0
0.612381
0.786447
0.0
0.273919
0.474945
0.067033
0.225421
1.0
0.17663
0.279194
0.144103

0.893794
-0.280949
-0.061406
-0.168488
-1.057326
1.0
0.476996
0.0
0.011355
0.808132
0.986887
-0.015517
0.428059
0.481392
0.0
0.234652
0.123883
0.731941
0.048864
0.047399

0.776521
0.296139
0.141538
0.575854
-0.698516
1.0
0.222344
0.0
0.066154
0.903224
0.903224
0.0
0.481392
0.452088
-0.011086
0.959634
0.993114
0.0
0.15348
0.008718

0.231496
0.447852
-0.023302
-0.452439
0.120077
1.0
0.227912
0.028059
0.0
0.986887
0.786447
0.0
0.600952
0.090476
0.0
0.964762
1.0
0.128132
0.051795
0.368425

0.88117
0.26186
-0.08564
-0.026943
0.107678
1.0
0.932967
0.0
0.008132
1.0
0.432747
0.0
0.801685
0.619267
0.030403
0.258388
0.94989
0.038022
0.164029
1.0

