e
Left

0.910702
-0.104924
-0.161604
-0.218029
-0.025484
1.0
1.0
1.0
-0.077572
1.0
1.0
0.02392
0.713187
0.713187
0.04664
1.0
1.0
0.07348
1.0
1.0

0.793659
0.00328
-0.123106
-0.099667
0.058242
1.0
1.0
1.0
-0.065434
1.0
1.0
0.000806
0.832308
0.832308
0.059707
1.0
1.0
0.067619
1.0
1.0

0.844045
0.16805
-0.032134
0.003955
0.116276
1.0
1.0
1.0
-0.038878
1.0
1.0
0.027473
0.865421
0.865421
0.018095
1.0
1.0
0.070549
1.0
1.0

0.323171
0.301551
-0.496728
-0.500322
0.092299
1.0
1.0
1.0
-0.168144
1.0
1.0
-0.144252
0.998608
0.911722
0.32945
1.0
0.51304
0.018912
1.0
1.0

0.766483
0.053088
0.074676
-0.483494
-0.005118
1.0
1.0
1.0
0.005788
1.0
1.0
-0.019288
1.0
1.0
0.018968
1.0
0.708791
0.041832
0.692381
0.869377

1.0
0.492759
-0.318132
-0.370477
0.313706
0.94083
1.0
1.0
0.015751
1.0
1.0
0.012821
1.0
0.998608
0.019143
0.999194
0.731795
0.070842
1.0
1.0

0.382125
-0.011869
-0.100895
-0.014492
-0.262456
1.0
1.0
1.0
-0.150102
1.0
1.0
-0.06339
0.998022
1.0
-0.051636
1.0
0.606227
0.020459
1.0
1.0

0.303655
-0.196375
-0.283862
-0.302329
-0.152902
1.0
1.0
0.99685
-0.106326
1.0
1.0
0.181612
1.0
1.0
0.078955
1.0
1.0
0.081685
1.0
1.0

0.83458
0.016815
-0.318281
-0.027613
-0.08654
0.496038
1.0
1.0
0.022491
1.0
1.0
-0.130751
0.998608
0.99978
0.289304
1.0
0.933846
0.082271
1.0
0.997729

0.873224
0.015355
-0.219194
-0.144376
0.204514
1.0
1.0
1.0
-0.18232
1.0
1.0
-0.050556
0.998022
1.0
-0.042539
0.51304
0.464103
0.250183
1.0
0.668645

-0.422157
0.6037
-0.068758
-0.165391
0.014767
1.0
1.0
1.0
0.058754
1.0
1.0
-0.18399
1.0
1.0
0.111485
1.0
0.999194
0.031282
1.0
0.692381

1.0
0.021168
-0.089616
-0.379676
-0.152902
1.0
1.0
1.0
-0.134008
1.0
1.0
0.014872
0.998608
1.0
0.32945
1.0
0.606227
0.081685
0.99978
1.0

1.0
-0.168607
-0.151449
-0.089638
-0.516305
1.0
1.0
1.0
-0.065434
1.0
0.99978
-0.019288
0.998608
0.998608
0.018095
0.945568
1.0
0.0
0.999194
1.0

0.821591
0.071026
-0.050634
-0.099667
0.070344
1.0
1.0
1.0
-0.106326
1.0
1.0
0.027473
1.0
0.996264
0.210916
1.0
1.0
0.150549
1.0
0.396996

0.093952
-0.09179
0.013156
-0.500322
0.046308
1.0
1.0
0.681538
0.026593
0.99978
1.0
0.000806
1.0
0.8137
0.124322
1.0
1.0
0.091941
1.0
1.0

0.64637
-0.368956
-0.322556
0.003522
0.009851
1.0
1.0
1.0
-0.095543
1.0
1.0
-0.050556
1.0
0.998315
0.447399
1.0
1.0
0.061758
0.99978
0.668645

0.971255
0.157669
-0.288512
-0.500322
-0.5043
1.0
1.0
1.0
-0.107873
1.0
1.0
-0.019288
1.0
1.0
0.027606
1.0
0.652967
0.0
0.731941
0.91978

-0.191473
0.036771
-0.30437
-0.099667
0.048151
1.0
1.0
1.0
0.045818
1.0
1.0
-0.021963
1.0
1.0
0.001482
1.0
1.0
0.0
1.0
1.0

