flat_n
Left

0.890745
-0.174401
0.0
0.0
0.528625
1.0
0.667473
0.772821
0.6137
0.100879
0.100879
1.0
0.003443
0.003443
1.0
1.0
1.0
0.695458
1.0
1.0

0.970278
-0.326138
0.0
0.0
0.341665
1.0
0.774432
0.738974
0.542051
0.069377
0.069377
1.0
0.0
0.0
1.0
1.0
1.0
0.745421
1.0
1.0

1.0
-0.266402
0.0
0.0
0.519956
1.0
0.756117
1.0
0.636703
0.063516
0.063516
1.0
0.0
0.0
1.0
1.0
1.0
0.69033
1.0
1.0

0.83223
-0.097847
0.0
0.0
0.175202
1.0
1.0
0.898388
0.51011
0.120073
0.151429
0.663077
0.151429
0.151429
0.777363
1.0
1.0
0.701758
0.999194
0.99978

0.94077
-0.53035
-0.373548
0.0
-0.077736
1.0
1.0
0.14
1.0
0.058535
0.095751
1.0
0.0
0.007253
1.0
1.0
1.0
1.0
0.140733
1.0

0.932912
-0.519226
-0.007115
0.0
0.142315
1.0
1.0
0.282418
0.850623
0.079048
0.011941
0.854725
0.010476
0.017216
0.531795
1.0
0.999194
0.750989
1.0
1.0

0.754909
-0.522055
-0.175146
0.0
0.0
1.0
0.531795
0.781465
1.0
0.17326
0.020733
0.974359
0.032161
0.0
0.847692
1.0
1.0
0.701758
1.0
0.999194

0.738664
-0.639385
-0.317405
0.844106
-0.067618
1.0
1.0
0.421319
0.675971
0.169011
0.055311
1.0
1.0
0.001099
1.0
1.0
1.0
1.0
0.997729
1.0

0.849076
-0.456905
-0.302806
-0.094557
0.142315
1.0
0.693114
0.271575
0.913333
0.029231
0.120073
0.867619
0.998022
0.018681
1.0
0.999194
1.0
0.341612
1.0
1.0

0.754909
-0.174401
0.103769
0.0
0.0
1.0
0.704982
1.0
0.675971
0.042418
0.042418
1.0
0.009597
0.0
0.531795
1.0
1.0
0.407253
0.140733
0.095458

0.960988
0.0
-0.317405
0.0
0.29069
1.0
1.0
0.271575
0.568718
0.045055
0.0
0.849744
0.015165
1.0
1.0
1.0
1.0
0.239341
1.0
1.0

0.923069
-0.294492
0.0
0.0
0.364401
1.0
0.331648
0.131209
1.0
0.122418
0.0
1.0
0.061172
0.015165
1.0
0.999194
1.0
0.508352
0.998901
0.998901

0.772783
0.192188
0.0
0.0
0.418661
1.0
0.699121
0.16022
1.0
0.020733
0.079048
1.0
0.001099
0.037143
1.0
1.0
1.0
0.701758
1.0
1.0

1.0
0.0
-0.202193
0.0
0.272082
1.0
1.0
0.213553
0.539121
0.055604
0.101612
0.849744
0.020733
0.0
1.0
0.999487
1.0
0.554652
0.99978
1.0

0.924844
-1.075368
0.0
0.0
-0.106662
1.0
0.813114
1.0
0.566227
0.151429
0.007253
1.0
0.032161
0.067033
0.717289
1.0
1.0
1.0
0.99978
0.997729

0.636481
-0.560348
0.0
0.0
0.036375
1.0
1.0
1.0
0.509084
0.127985
0.0
0.710256
0.0
0.031575
1.0
0.999487
1.0
0.157143
0.084908
0.99978

0.836584
-0.482751
-0.027564
-0.094557
0.29069
1.0
1.0
0.183956
0.494872
0.151429
0.169011
1.0
0.009597
0.018681
0.886081
1.0
1.0
0.407253
1.0
0.084908

0.932912
0.0
0.0
0.0
0.219532
1.0
1.0
0.741612
0.542051
0.050916
0.100879
1.0
0.013114
0.061172
1.0
1.0
1.0
1.0
0.140733
1.0

