flatspread_5
Left

0.697509
0.178384
-0.113868
-0.217424
-0.180911
1.0
0.872894
0.869377
-0.01604
0.0
0.0
0.0
0.0
0.0
0.0
0.0
0.0
0.0
0.0
0.0

0.674324
0.270096
-0.176091
-0.291085
-0.346296
1.0
0.791136
1.0
-0.107956
0.0
0.0
-0.081102
0.0
0.0
-0.009657
0.0
0.0
-0.028557
0.0
0.0

0.646547
0.661901
0.112118
-0.381244
-0.65301
1.0
0.531355
0.78967
-0.147618
0.0
0.0
-0.198486
0.0
0.0
-0.046875
0.0
0.0
0.0
0.0
0.0

0.704826
0.498653
0.100312
-0.099774
0.163451
1.0
1.0
0.0
-0.107956
0.0
0.0
0.0
0.0
0.0
-0.098758
0.0
0.0
0.0
0.0
0.0

0.173597
0.655359
0.092559
-0.089359
-0.307861
1.0
1.0
0.961099
-0.139028
0.018681
0.0
0.047985
0.0
0.0
-0.009657
0.0
0.0
0.0
0.0
0.0

0.498624
0.665769
-0.490224
0.523557
-0.243645
1.0
1.0
0.771502
0.086374
0.0
0.0
0.0
0.0
0.0
-0.001834
0.0
0.0
0.0
0.0
0.0

-0.503372
0.677319
-0.117806
0.036851
-0.04172
1.0
0.607692
0.379121
0.055311
0.0
0.0
0.0
0.0
0.0
0.0
0.0
0.0
-0.071287
0.0
0.0

0.450306
0.639261
0.253378
-0.175375
-0.754218
1.0
1.0
1.0
0.011143
0.0
0.003736
-0.11613
0.0
0.0
-0.097015
0.0
0.0
0.0
0.0
0.0

0.960058
0.176617
-0.047396
-0.291085
-0.26093
1.0
1.0
1.0
-0.136099
0.0
0.0
-0.162412
0.0
0.0
0.0
0.0
0.0
0.0
0.0
0.0

0.403125
1.010706
0.130552
-0.279269
-0.328674
1.0
0.917436
1.0
-0.107956
0.015165
0.0
0.0
0.0
0.0
0.0
0.0
0.0
-0.135264
0.0
0.0

0.459146
0.086073
0.217334
-0.107952
-0.303582
1.0
1.0
1.0
0.097216
0.0
0.0
0.047985
0.0
0.0
-0.056271
0.0
0.0
-0.023009
0.0
0.0

0.467013
0.953774
0.065283
-0.158402
-0.608268
1.0
1.0
1.0
-0.123774
0.0
0.0
-0.11613
0.0
0.0
0.030696
0.0
0.0
-0.038227
0.0
0.0

0.341602
1.010706
-0.047396
-0.107952
-0.255869
1.0
1.0
0.327253
-0.107956
0.012821
0.0
-0.11613
0.0
0.0
0.0
0.0
0.0
-0.174836
0.0
0.0

-0.419473
1.183744
0.299416
0.522124
-0.180911
1.0
1.0
0.987436
-0.095195
0.0
0.0
-0.051606
0.0
0.0
0.0
0.0
0.0
-0.06924
0.0
0.0

-0.06917
0.475568
0.016492
-0.222101
-0.474621
1.0
1.0
1.0
-0.176943
0.0
0.0
-0.153961
0.0
0.0
0.097949
0.0
0.0
-0.022046
0.0
0.0

0.50784
0.367331
0.134613
0.523557
-0.608268
1.0
1.0
1.0
0.052674
0.0
0.0
0.0
0.0
0.0
-0.050104
0.0
0.0
0.0
0.0
0.0

0.476418
1.010706
0.041236
-0.196278
-1.101532
1.0
1.0
0.478755
0.0
0.0
0.0
-0.033854
0.0
0.0
-0.064763
0.0
0.0
0.0
0.0
0.0

0.889942
0.35408
0.016492
-0.217424
-0.243645
1.0
1.0
0.91685
-0.149176
0.0
0.0
0.0
0.0
0.0
-0.167185
0.0
0.0
0.0
0.0
0.0

