flat_h
Left

0.790307
-0.164513
0.0
0.0
0.0
1.0
0.928571
1.0
0.731648
0.091648
0.091648
1.0
0.035971
0.035971
1.0
1.0
1.0
1.0
1.0
1.0

0.767712
-0.169328
0.0
0.0
0.472668
1.0
0.782051
1.0
0.544689
0.075531
0.075531
1.0
0.055311
0.055311
1.0
1.0
1.0
0.578681
1.0
1.0

0.856236
-0.218892
0.0
0.101641
0.368773
1.0
0.703223
0.346593
0.523297
0.16315
0.16315
1.0
0.038608
0.038608
0.912454
1.0
1.0
0.430989
1.0
1.0

0.734648
-0.164513
-0.120189
0.0
0.331671
1.0
1.0
0.0
1.0
0.088718
0.091648
0.729597
0.034212
0.005788
1.0
1.0
1.0
1.0
0.956703
1.0

0.158729
-0.639137
-0.009651
0.0
0.442658
1.0
1.0
1.0
0.25707
0.015458
0.068498
0.618535
0.028059
0.032161
1.0
1.0
1.0
0.275385
1.0
1.0

0.790307
0.0
-0.17038
0.054391
0.514575
1.0
1.0
0.096777
0.367106
0.065275
0.093407
1.0
0.046813
0.110989
1.0
1.0
1.0
1.0
1.0
1.0

0.767712
-0.778063
0.0
0.0
0.07498
1.0
0.434506
0.698681
1.0
0.142051
0.136484
1.0
0.03011
0.028059
0.974286
1.0
1.0
0.755092
0.99978
1.0

0.734648
-0.138247
-0.260437
0.0
0.285651
1.0
0.76652
0.232015
0.394066
0.0
0.083736
0.734286
0.035971
0.053846
1.0
1.0
1.0
0.430989
1.0
0.99978

0.706217
0.030285
-0.102147
0.0
0.368773
1.0
1.0
1.0
1.0
0.065275
0.068498
0.911868
0.0
0.0
1.0
0.999194
1.0
1.0
1.0
1.0

0.43653
-0.011305
0.0
0.146778
-0.318528
1.0
1.0
1.0
0.583663
0.088425
0.091648
1.0
0.001685
0.038901
1.0
1.0
1.0
1.0
1.0
1.0

0.895676
-0.266281
0.0
0.0
0.0
1.0
1.0
0.232601
0.179267
0.116264
0.068498
0.671722
0.0
0.0
0.651355
1.0
1.0
0.275385
0.99978
1.0

1.0
-0.179031
-0.067957
0.08233
0.0
1.0
0.928571
0.232015
0.992821
0.0
0.27685
1.0
0.027179
0.005788
1.0
1.0
1.0
1.0
1.0
0.997729

0.689473
-0.035295
0.0
0.002904
0.620941
1.0
1.0
0.765495
0.36652
0.015458
0.075531
1.0
0.0
0.0
0.995311
1.0
1.0
0.664103
1.0
1.0

0.45309
-0.61228
0.166036
0.0
0.0
1.0
1.0
0.686227
0.537656
0.072894
0.0
0.576044
0.005201
0.005788
1.0
1.0
1.0
1.0
1.0
1.0

0.988505
0.0
-0.002743
0.0
0.472668
1.0
1.0
1.0
0.292381
0.059707
0.072894
1.0
0.028059
0.038901
1.0
0.999194
0.999194
1.0
1.0
1.0

0.850424
0.0
-0.009651
0.0
0.0
1.0
1.0
1.0
0.335165
0.040073
0.068498
0.729597
0.013993
0.030403
1.0
1.0
1.0
0.470549
0.997729
1.0

1.0
0.0
0.0
0.0
0.0
1.0
0.76652
1.0
0.795531
0.072015
0.0
1.0
0.012234
0.005201
1.0
1.0
0.999487
0.850916
0.999194
1.0

0.665967
0.030285
0.0
0.0
0.120155
1.0
0.433919
1.0
1.0
0.084615
0.07641
0.600952
0.011648
0.0
1.0
1.0
1.0
0.967692
0.997729
0.997729

