flat_m
Left

0.987764
0.021959
0.0
0.0
0.138386
1.0
0.825128
0.345714
0.733553
0.122857
0.122857
1.0
0.003736
0.003736
1.0
0.048864
0.048864
0.951282
1.0
1.0

1.0
-0.054122
0.0
0.0
0.348721
1.0
0.839487
0.258095
0.620439
0.125055
0.125055
1.0
0.0
0.0
1.0
0.043297
0.043297
0.871429
1.0
1.0

0.946396
-0.189003
0.0
0.0
0.0
1.0
0.864689
0.358901
0.614139
0.054725
0.054725
1.0
0.003443
0.003443
1.0
0.057949
0.057949
1.0
1.0
1.0

0.664731
0.0
0.004692
0.258796
0.613997
1.0
0.850037
0.398169
1.0
0.062051
0.186007
1.0
0.059707
0.028059
0.809011
0.048864
0.0
0.98652
0.613553
1.0

0.430922
0.0
-0.270663
-0.006805
0.0
1.0
1.0
0.0
0.158755
0.043004
0.077289
0.600659
0.0
0.0
1.0
0.130623
0.043297
1.0
0.472601
0.522125

0.723553
-0.632593
0.0
0.161918
0.95596
1.0
0.587033
0.079927
1.0
0.035678
0.050916
0.556996
0.006667
0.0
0.618242
0.044469
0.0
0.495605
0.187473
0.999487

0.970786
-0.228998
-0.198586
0.0
0.963282
1.0
1.0
0.791136
0.457802
0.062051
0.055897
0.715238
0.0
0.0
1.0
0.004908
0.071136
0.494579
0.124029
1.0

0.626121
-0.961358
0.119093
0.07967
-0.190112
1.0
0.805495
0.0
0.158755
0.301612
0.019267
1.0
0.0
0.0
0.589524
0.018681
0.016044
0.98652
0.270403
1.0

0.987764
0.021959
0.0
0.258155
0.477838
1.0
0.939121
0.0
0.733553
0.051502
0.062051
1.0
0.0
0.011648
0.514799
0.014872
0.004908
0.508938
1.0
0.124029

0.946396
-0.575395
0.0
-0.310358
0.017553
1.0
0.554799
0.1337
0.43011
0.06967
0.110403
0.612381
0.022198
0.0
1.0
0.0
0.0
0.532674
1.0
1.0

0.714613
-0.861815
-0.361733
0.205214
0.217602
1.0
0.805495
0.729597
0.609744
0.14293
0.035678
0.421905
0.0
0.035971
0.520366
0.039487
0.0
1.0
1.0
0.998901

0.587412
-0.228998
-0.003238
0.08004
0.561302
1.0
0.644908
0.751282
0.806374
0.090769
0.122857
0.77326
0.0
0.0
0.962711
0.0
0.08315
0.392894
0.650769
0.270403

1.0
-0.024398
0.0
-0.010343
0.547304
1.0
1.0
0.247839
0.277289
0.043004
0.069084
0.661905
0.0
0.003443
0.242564
0.0
0.027179
1.0
0.472601
0.187473

0.742658
0.0
-0.218674
0.0
0.0
1.0
0.823077
0.178095
0.598608
0.090769
0.041245
0.611502
0.007253
0.0
1.0
0.0
0.000806
0.712601
1.0
0.998901

0.780426
-0.551155
-0.290292
0.0
0.797198
1.0
1.0
0.156996
1.0
0.046813
0.082857
1.0
0.007839
0.0
0.589524
0.044469
0.0
0.306447
0.270403
0.997729

0.399173
-0.058823
-0.254135
0.121499
0.940848
1.0
0.825128
0.341319
0.799048
0.112747
0.142637
1.0
0.012527
0.0
0.700879
0.027179
0.0
0.508938
1.0
0.650769

0.730497
-0.147267
0.0
0.061037
0.613997
1.0
1.0
1.0
0.620439
0.040366
0.090183
1.0
0.0
0.010769
1.0
0.227326
0.048864
0.995971
1.0
1.0

0.334153
0.0
0.0
-0.006805
-0.190112
1.0
0.823077
0.0
0.934139
0.087546
0.082857
0.915238
0.035971
0.0
0.630549
0.0
0.08315
1.0
0.99978
0.124029

