flat_ily
Left

-0.278629
0.0
0.0
0.0
0.0
0.26349
0.055311
0.0
1.0
0.044762
0.044762
1.0
0.988864
0.988864
1.0
0.813114
0.813114
1.0
0.03304
0.03304

-0.433644
-0.106885
0.0
0.0
0.0
0.350726
0.134725
0.0
0.909817
0.033333
0.033333
1.0
1.0
1.0
1.0
1.0
1.0
1.0
0.006374
0.006374

-0.335555
-0.027381
0.0
0.0
0.0
0.163088
0.071136
0.0
0.98337
0.033626
0.033626
1.0
1.0
1.0
1.0
1.0
1.0
1.0
0.006374
0.006374

-0.53291
0.0
0.0
0.0
0.0
0.624765
0.0
0.0
0.967253
0.061758
0.037436
1.0
1.0
0.904835
1.0
0.595238
1.0
0.713773
0.00315
0.0

-0.483495
0.0
0.0
0.0
-0.006808
0.178915
-0.100564
0.112454
1.0
0.113919
0.095458
0.99978
0.988864
0.797289
1.0
0.449158
0.405202
1.0
0.0
0.0

-0.680573
0.0
0.0
0.0
0.0
0.0
0.042418
0.068904
1.0
0.088132
0.044469
1.0
0.813407
0.704103
1.0
1.0
0.515238
0.718901
0.0
0.004908

-0.23884
0.0
0.0
0.0
0.510629
0.230959
0.117289
-0.112499
0.626154
0.072015
0.0
1.0
0.351868
1.0
1.0
0.447692
0.55348
1.0
0.0
0.009597

-0.120283
-0.027381
0.0
0.0
-0.634572
0.223626
0.134725
0.0
0.748938
0.024249
0.064982
1.0
1.0
0.99978
1.0
0.654286
1.0
0.821612
0.038901
0.0

-0.416118
0.0
0.0
0.0
-0.293653
0.0
0.052967
0.0
1.0
0.0
0.024249
1.0
1.0
1.0
1.0
0.525788
1.0
0.539414
0.027766
0.0

-0.452817
0.0
0.0
0.0
0.002353
0.616278
0.0
0.0
1.0
0.061758
0.070842
0.99978
0.99978
1.0
1.0
1.0
1.0
1.0
0.0
0.0

-0.473612
0.0
0.0
0.0
0.0
0.0
-0.130315
-0.089592
0.646081
0.026886
0.148059
1.0
0.704542
0.704542
1.0
1.0
1.0
0.719194
0.0
0.006374

-1.016855
0.0
0.0
0.0
0.0
0.731432
0.076703
0.083022
1.0
0.111282
0.13326
1.0
0.924469
0.771941
1.0
1.0
0.515238
0.841832
0.0
0.030403

-0.211405
0.0
0.0
0.0
0.0
0.496518
-0.152937
0.0
1.0
0.030403
0.03978
1.0
0.914799
1.0
1.0
1.0
1.0
0.698242
0.0
0.0

0.39723
-0.657978
-0.000545
0.0
-0.31177
0.0
0.195092
0.008132
0.541172
0.021612
0.044762
1.0
0.998315
0.904835
1.0
1.0
0.654286
0.961099
0.030403
0.270403

-0.514133
-0.762064
0.0
0.0
-0.580875
0.17098
0.146447
0.03685
1.0
0.03978
0.095458
1.0
1.0
1.0
1.0
1.0
1.0
1.0
0.011941
0.00315

-0.23884
0.0
0.0
0.0
0.0
0.0
0.075824
0.005788
1.0
0.095458
0.05326
0.918315
0.704103
1.0
1.0
0.985128
1.0
1.0
0.0
0.00315

-0.53291
-0.443373
-0.000528
0.0
-0.293653
0.367073
0.042418
0.0
0.082564
0.061758
0.037436
1.0
0.94
0.468059
1.0
1.0
0.869231
1.0
0.270403
0.033919

-0.364079
-0.657978
0.0
0.0
-0.634572
0.097632
-0.132625
0.151136
1.0
0.08315
0.070842
1.0
0.775458
0.970696
1.0
1.0
0.566374
0.668059
0.082857
0.0

