flat_horns
Left

1.0
-0.330724
0.0
0.0
0.354466
1.0
0.940879
1.0
0.649597
0.011941
0.011941
1.0
1.0
1.0
1.0
1.0
1.0
0.779414
0.03011
0.03011

1.0
-0.409993
0.0
0.0
0.37238
1.0
0.755092
1.0
0.619707
0.032454
0.032454
1.0
0.971648
0.971648
1.0
1.0
1.0
0.761832
0.004322
0.004322

1.0
-0.302927
0.0
0.0
0.036011
1.0
1.0
1.0
0.743517
0.026886
0.026886
1.0
1.0
1.0
1.0
1.0
1.0
0.974286
0.005495
0.005495

0.960592
-2.676935
0.0
0.0
0.265876
1.0
1.0
0.719341
0.330623
0.109377
0.03685
1.0
0.719341
1.0
0.934432
1.0
0.999414
0.394066
0.0
0.0

0.792613
-0.409993
0.0
0.0
-0.34686
1.0
0.472894
0.215604
0.513333
0.029524
0.123883
1.0
0.480513
0.99978
1.0
1.0
0.784982
0.367985
0.0
0.0

-0.160506
-0.091253
-0.33104
0.0
0.039256
1.0
0.92359
0.891502
1.0
0.008425
0.025714
1.0
0.575458
1.0
1.0
1.0
0.666593
0.825128
0.0
0.204176

0.335313
0.0
0.0
0.0
-0.227071
1.0
1.0
0.209744
0.287106
0.029524
0.021612
0.71729
1.0
0.999194
1.0
1.0
1.0
0.367985
0.005495
0.0

-0.251229
-1.083061
0.0
0.0
-0.206774
1.0
0.808425
0.200659
0.41956
0.146154
0.176777
1.0
0.971648
1.0
1.0
0.699707
0.666593
0.190256
0.0
0.0

0.812145
-1.074929
-0.027774
0.0
0.0
1.0
1.0
1.0
0.494725
0.0
0.112454
1.0
1.0
0.719341
1.0
0.817509
1.0
0.538681
0.004029
0.0

0.80226
-0.550707
0.0
0.0
1.215544
1.0
0.579414
0.183223
0.389377
0.008425
0.0
1.0
0.99978
0.618681
1.0
0.739854
1.0
1.0
0.0137
0.0

0.921427
-0.409993
0.069775
0.0
-0.476752
1.0
1.0
1.0
0.949304
0.046227
0.032454
1.0
1.0
1.0
1.0
1.0
1.0
0.466447
0.0
0.04652

0.724098
-0.036112
-0.363191
0.0
-0.662312
1.0
1.0
0.254725
0.529744
0.011941
0.0
1.0
1.0
0.999194
1.0
0.718169
0.718169
0.418095
0.004029
0.0

1.0
-0.433784
0.0
0.0
0.08937
1.0
0.679194
0.288571
0.91055
0.0
0.023663
1.0
0.998315
0.480513
1.0
0.870843
0.999487
0.312894
0.0
0.0

0.558634
0.0
0.0
0.0
0.33367
1.0
0.778242
0.207399
0.618535
0.029524
0.026886
0.886374
0.764469
1.0
0.934432
1.0
1.0
0.468205
0.204176
0.00315

0.428296
-1.815295
0.0
0.0
-0.313192
1.0
0.456337
0.998022
0.309524
0.034505
0.0
1.0
0.697363
0.998315
1.0
1.0
1.0
1.0
0.0
0.0

0.821218
-0.056125
0.0
0.0
-0.443432
1.0
1.0
1.0
1.0
0.025714
0.009011
1.0
0.851209
1.0
1.0
1.0
0.915971
0.695897
0.0
0.0

-0.251229
0.0
-0.143572
0.0
0.022722
1.0
1.0
0.591575
0.330623
0.026886
0.053846
1.0
0.697363
0.967839
1.0
1.0
0.621172
1.0
0.0
0.0

0.724098
0.0
-0.159692
0.0
-0.313192
1.0
1.0
1.0
0.319048
0.004322
0.067912
1.0
1.0
1.0
0.924469
1.0
1.0
0.418095
0.03304
0.035678

