flat_4
Left

1.0
-0.10168
0.0
0.0
0.643066
1.0
1.0
0.370623
0.749817
0.077289
0.077289
1.0
0.0
0.0
1.0
0.0
0.0
0.631722
0.021319
0.021319

0.99577
-0.177968
0.0
0.0
0.633004
1.0
1.0
0.694432
0.670403
0.047399
0.047399
1.0
0.0
0.0
1.0
0.0
0.0
0.660879
0.014579
0.014579

0.996369
-0.164492
0.0
0.0
0.447668
1.0
1.0
0.628205
0.85707
0.037729
0.037729
1.0
0.0
0.0
1.0
0.0
0.0
0.722564
0.006667
0.006667

-0.868348
-1.050681
0.0
0.0
0.381621
1.0
1.0
0.625861
0.0
0.03978
0.007253
0.700879
0.029231
0.029231
1.0
0.0
0.0
0.401832
0.002271
0.031575

0.712073
-0.858361
-0.310931
0.035379
0.447668
1.0
1.0
1.0
1.0
0.037729
0.023077
1.0
0.007839
0.0
0.789377
0.0
0.0
0.456044
0.006667
0.0

0.908344
-0.177968
-0.511725
0.0
-0.319285
1.0
1.0
0.926813
0.504542
0.185128
0.028938
0.594799
0.013993
0.029231
0.56315
0.0
0.0
0.94381
0.016044
0.021319

0.046944
-1.77916
-0.556738
-0.255055
0.477219
1.0
1.0
1.0
1.0
0.075531
0.043297
0.497216
0.003736
0.0
1.0
0.0
0.0
0.736923
0.0
0.025128

0.762037
0.0
-0.889762
0.0
-0.287503
1.0
1.0
0.739267
1.0
0.18967
0.097216
1.0
0.055604
0.0
1.0
0.0
0.0
0.134725
0.008425
0.016044

0.99577
0.0
0.0
0.0
0.0
1.0
1.0
1.0
1.0
0.058535
0.054725
1.0
0.0
0.064103
0.828645
0.0
0.0
0.55348
0.0
0.0

0.655786
-1.307828
-0.556738
0.051497
0.019971
1.0
1.0
1.0
1.0
0.069084
0.005495
0.51011
0.0
0.007839
0.734286
0.025421
0.025421
0.262784
0.0
0.0

0.904392
0.0
-0.38543
-0.398909
0.088159
1.0
1.0
0.423663
1.0
0.0137
0.0
0.530623
0.0
0.0
0.56315
0.0
0.001392
0.54
0.016044
0.001685

-0.04353
-0.579356
-0.275674
-0.761344
-0.536928
1.0
1.0
0.62
0.244908
0.005495
0.056484
0.453846
0.013993
0.0
0.337802
0.0
0.0
0.55348
0.0
0.0

0.768128
0.0
0.0
-0.362549
0.346585
1.0
1.0
0.891648
0.272454
0.058535
0.0
1.0
0.0
0.0
0.358022
0.0
0.024542
0.309377
0.016044
0.014872

0.996369
0.126004
-0.889762
0.0
-0.372916
1.0
1.0
0.201539
1.0
0.068791
0.047399
1.0
0.0
0.0
1.0
0.0
0.0
0.880806
0.0
0.021319

1.0
-0.352306
-0.610512
0.0
-0.059953
1.0
1.0
0.23641
1.0
0.231429
0.03978
1.0
0.029231
0.008425
0.734286
0.0
0.0
0.152308
0.005201
0.03978

0.698561
-0.96769
-0.412251
-0.78538
0.19772
1.0
1.0
0.438901
0.718462
0.045641
0.034212
1.0
0.0
0.0
0.103663
0.0
0.0
0.189963
0.0
0.007253

0.506769
0.054611
0.0
-0.362549
0.085546
1.0
1.0
0.661026
0.288278
0.055311
0.0137
1.0
0.0
0.013993
1.0
0.0
0.0
0.307619
0.0
0.021319

0.633822
-0.164492
0.0
-0.146706
0.682629
1.0
0.898095
1.0
1.0
0.043004
0.0937
1.0
0.008132
0.0
1.0
0.001392
0.0
0.970769
0.001685
0.0

