goody_goody
Left

0.545115
-0.099543
0.232639
0.032046
-0.462819
0.214807
0.0
0.0
0.001392
0.0
0.0
0.070549
0.0
0.0
0.913919
1.0
1.0
0.022784
0.050916
0.050916

0.006965
-0.115709
0.191014
0.178531
-0.186906
0.429435
0.0
0.0
0.0
0.0
0.0
0.006667
0.0
0.0
0.533553
1.0
1.0
0.043883
0.014579
0.014579

-0.181012
-0.122438
0.213781
0.23033
-0.332049
0.47037
0.00989
0.0
0.007253
0.0
0.0
0.0
0.0
0.0
0.410476
1.0
1.0
0.033919
0.001685
0.001685

0.267978
0.262598
-0.064328
-0.310419
0.250628
0.318467
0.153773
0.0
0.028059
0.0
0.0
0.087839
0.0
0.0
0.940586
0.532967
1.0
0.0
0.007839
0.0

0.203948
0.317955
-0.016797
0.0
0.262386
0.326698
0.147326
0.03011
0.0
0.0
0.0
0.195385
0.0
0.000513
0.395238
1.0
0.941685
0.0
0.0
0.0

0.412026
0.0
0.016397
0.0
-0.058944
0.647663
-0.119182
0.0
0.06381
0.0
0.0
0.041832
0.0
0.0
0.337509
1.0
1.0
0.354799
0.035092
0.0

0.545115
-0.241303
0.081291
0.156136
-0.293908
0.289952
0.00989
0.0
0.0
0.0
0.0
0.104378
0.0
0.0
0.100586
1.0
1.0
0.061172
0.0
0.0

0.482145
-0.096153
0.025003
-0.08955
0.374031
0.455644
0.034799
0.0
0.05707
0.0
0.0
0.23348
0.0
0.0
0.277875
1.0
1.0
0.0
0.043297
0.014579

0.41106
0.233375
0.240028
0.0
0.382319
0.106827
-0.056878
0.0
-0.233004
0.0
0.0
0.570769
0.0
0.0
1.0
1.0
1.0
0.0
0.0
0.001685

0.545115
-0.095781
0.365568
0.0
-0.316808
0.376161
0.08022
0.007546
0.200467
0.0
0.0
0.0
0.0
0.0
0.21326
1.0
0.999487
0.022784
0.0
0.0

0.296852
-0.122438
-0.113657
0.0
0.037234
0.647663
0.079634
0.029231
0.05707
0.002857
0.0
0.000806
0.0
0.0
0.192881
1.0
1.0
0.098388
0.0
0.06

-0.054036
0.497749
0.166706
0.0
-0.278518
0.115684
0.0
0.0
0.157473
0.0
0.0
0.201245
0.0
0.0
1.0
1.0
1.0
0.045934
0.050916
0.060879

-0.429391
-0.320905
0.251873
0.036027
-0.013562
0.276653
0.071429
0.0
0.023663
0.002857
0.0
0.201245
0.0
0.0
1.0
0.532967
0.376191
0.090183
0.0
0.0

0.479952
0.032476
0.041425
0.0
0.146654
0.065964
0.08022
0.0
0.007546
0.0
0.0
0.008718
0.0
0.0
1.0
1.0
1.0
0.077289
0.0
0.060879

0.223709
0.822387
-0.06139
0.040783
-0.019103
0.164509
0.0
0.0
0.157473
0.0
0.0
0.348645
0.0
0.0
0.68359
1.0
1.0
0.022784
0.001099
0.0

0.06053
-0.043409
0.074999
-0.08955
0.235146
0.763085
0.0
0.0
0.0
0.0
0.0
0.0
0.0
0.0
1.0
1.0
0.706154
0.020733
0.0
0.0

0.13755
0.262598
0.139805
0.0418
-0.298972
0.196364
0.0
0.0
0.011062
0.0
0.0
0.542051
0.0
0.0
0.426007
1.0
0.592454
0.087253
0.093114
0.021319

0.565446
-0.059425
0.191014
0.119294
-0.316808
0.0
-0.119182
0.0
0.0
0.0
0.0
0.057363
0.0
0.0
0.395238
1.0
1.0
0.030989
0.0
0.0

