horns
Left

1.0
-0.155606
0.0
0.0
0.160742
1.0
1.0
0.991502
0.130623
0.0
0.0
1.0
1.0
1.0
1.0
1.0
1.0
0.085495
0.0
0.0

1.0
-0.10493
0.0
0.0
0.164739
1.0
1.0
0.909231
0.065568
0.0
0.0
1.0
1.0
1.0
1.0
1.0
1.0
0.153773
0.0
0.0

1.0
-0.249064
0.0
0.0
0.263546
1.0
1.0
1.0
0.167839
0.0
0.0
1.0
1.0
1.0
1.0
1.0
1.0
0.184249
0.0
0.0

0.709396
-0.044209
0.111219
0.056442
-0.119836
1.0
0.977875
0.200659
0.034212
0.0
0.003443
0.78293
0.998608
0.99978
1.0
1.0
1.0
0.220293
0.0
0.0

0.628189
-0.019742
-0.019945
0.0
0.101035
1.0
0.822198
1.0
0.11011
0.0
0.0
0.701905
1.0
0.771502
1.0
1.0
1.0
0.033919
0.0
0.0

1.0
-0.061971
0.0
0.0
0.033247
1.0
0.417949
0.375604
0.065275
0.031575
0.000806
0.919194
1.0
1.0
1.0
1.0
1.0
0.029817
0.0
0.0

0.628189
-0.273139
0.0
0.0
0.033247
1.0
1.0
1.0
0.077875
0.015458
0.027766
0.590403
1.0
0.99978
1.0
1.0
1.0
0.009597
0.0
0.0

0.640051
-0.003561
0.012409
0.030369
-0.046323
1.0
1.0
0.421026
0.156996
0.0
0.000513
1.0
1.0
0.999194
1.0
1.0
1.0
0.16315
0.0
0.0

0.917634
-0.040602
0.0
0.0
1.023924
1.0
0.754799
0.67978
0.067912
0.0
0.0
0.528572
0.998608
1.0
1.0
1.0
0.938388
0.074359
0.0
0.0

0.754784
-0.091065
0.0
0.0
0.048937
1.0
0.83685
0.482271
0.197436
0.022491
0.031575
0.523297
1.0
1.0
1.0
1.0
1.0
0.085788
0.0
0.0

0.739618
0.251805
0.032702
0.0
-0.152416
1.0
1.0
0.055604
0.203883
0.000806
0.0
0.78
1.0
0.998315
0.772381
1.0
0.938388
0.026593
0.0
0.0

1.0
-0.011536
0.0
0.0
0.164739
1.0
1.0
0.0
0.015458
0.0
0.025714
0.855604
1.0
1.0
1.0
1.0
1.0
0.096337
0.012527
0.0

0.472085
0.264042
0.275509
0.0
-0.119836
1.0
0.377363
0.074066
0.03304
0.025714
0.0
0.78
1.0
1.0
0.428938
1.0
1.0
0.161099
0.0
0.0

1.0
0.258107
0.0
0.173718
-0.046323
1.0
1.0
1.0
0.015458
0.0
0.0
0.683297
0.850916
1.0
0.94945
1.0
1.0
0.175018
0.0
0.0

0.937204
-0.22224
0.0
-0.036557
0.084084
1.0
0.63304
0.663956
0.0
0.0
0.0
1.0
1.0
0.759194
1.0
1.0
1.0
0.059414
0.034799
0.0

1.0
-0.269408
0.275509
0.174887
-0.13806
1.0
1.0
0.67978
0.364615
0.013993
0.0
0.701905
0.999194
1.0
1.0
1.0
1.0
0.033919
0.0
0.0

0.72932
-0.093827
0.172689
0.078316
-0.030902
1.0
1.0
0.245201
0.035971
0.0
0.0
1.0
0.839487
1.0
0.541612
1.0
1.0
0.096337
0.0
0.0

1.0
-0.058514
0.059424
0.144722
-0.044864
1.0
1.0
0.459707
0.026593
0.0
0.001392
0.490476
0.998315
0.998315
0.413993
1.0
1.0
0.009597
0.018388
0.0

