i
Left

0.716975
0.0
0.0
0.0
0.02449
1.0
0.974945
1.0
1.0
1.0
1.0
1.0
1.0
1.0
1.0
1.0
1.0
0.420147
0.0
0.0

0.896785
0.0
0.0
0.0
0.144473
1.0
1.0
1.0
1.0
1.0
1.0
1.0
1.0
1.0
1.0
1.0
1.0
0.333407
0.0
0.0

0.932641
-0.043691
0.0
0.0
0.254632
1.0
0.896923
0.856484
0.964322
1.0
1.0
1.0
1.0
1.0
1.0
1.0
1.0
0.248718
0.0
0.0

0.558939
0.0
-0.208477
0.0
-0.067374
1.0
1.0
0.258681
1.0
1.0
1.0
0.681832
0.998315
0.998608
0.77033
1.0
1.0
0.262491
0.0
0.0

0.321859
0.0
0.0
0.0
0.027004
1.0
0.481392
0.898828
0.777363
1.0
1.0
0.826007
0.998608
0.99978
1.0
1.0
1.0
0.420147
0.04652
0.0

0.460744
-0.203811
0.0
0.008858
0.373528
1.0
0.768132
0.312161
1.0
1.0
1.0
0.691502
1.0
1.0
0.966667
1.0
1.0
0.01956
0.0
0.0

0.586634
-0.187372
0.0
0.0
0.220035
1.0
0.705568
1.0
0.722418
1.0
0.99978
1.0
0.999194
1.0
0.910696
1.0
1.0
0.248718
0.0
0.0

0.579878
0.0
-0.210878
0.0
0.228316
1.0
0.595678
1.0
0.964322
1.0
0.99978
1.0
0.99978
0.832747
1.0
1.0
1.0
0.147619
0.027179
0.0

0.692463
0.0
0.0
0.104442
0.034174
1.0
1.0
1.0
1.0
1.0
1.0
0.826007
1.0
1.0
1.0
1.0
0.798461
0.270989
0.0
0.0

0.460744
0.0
0.0
0.0
0.099995
1.0
0.809597
1.0
1.0
1.0
1.0
1.0
1.0
1.0
1.0
1.0
1.0
0.087253
0.0
0.0

0.900995
-0.203811
0.0
0.0
0.23301
1.0
1.0
1.0
1.0
0.99978
0.99978
1.0
1.0
1.0
1.0
1.0
1.0
0.184835
0.0
0.0

0.627434
0.0
0.0
0.0
0.233508
1.0
1.0
0.637582
1.0
1.0
1.0
0.691502
1.0
1.0
0.966667
1.0
1.0
0.224249
0.0
0.0

0.896785
0.0
0.0
0.0
0.25407
1.0
0.944982
0.152894
1.0
1.0
1.0
1.0
1.0
0.99978
0.966374
1.0
1.0
0.094286
0.0
0.012527

0.299435
0.0
0.0
0.0
0.027004
1.0
1.0
0.29326
1.0
1.0
1.0
1.0
1.0
1.0
1.0
1.0
1.0
0.229084
0.033626
0.0

0.680437
0.0
-0.325362
-0.010094
0.03014
1.0
0.940806
1.0
1.0
1.0
1.0
1.0
1.0
1.0
1.0
1.0
1.0
0.017509
0.0
0.0

0.918014
-0.416277
0.0
-0.012409
-0.067374
1.0
1.0
1.0
0.775311
1.0
1.0
1.0
1.0
0.999194
1.0
1.0
1.0
0.033333
0.0
0.0

0.508317
0.0
0.0
0.012457
0.228316
1.0
0.758608
1.0
0.615458
1.0
1.0
1.0
1.0
0.998608
1.0
1.0
0.999487
0.01956
0.0
0.0

0.900995
0.0
0.0
0.0
-0.204233
1.0
0.459414
0.087253
1.0
1.0
1.0
0.955531
1.0
0.998608
0.702637
1.0
1.0
0.224249
0.0
0.021026

