ily
Left

0.093561
0.018309
0.0
0.0
0.152456
0.13981
0.015458
0.0
0.224542
0.0
0.0
1.0
1.0
1.0
1.0
1.0
1.0
0.241392
0.002564
0.002564

0.434624
-0.086438
0.0
0.0
0.0822
0.600286
0.077875
0.0
0.315678
0.0
0.0
1.0
1.0
1.0
1.0
1.0
1.0
0.169011
0.0
0.0

0.209309
0.009286
0.0
0.010344
0.163891
0.0
-0.076185
-0.052378
0.373407
0.0
0.0
1.0
1.0
1.0
0.989817
1.0
1.0
0.333407
0.0
0.0

0.312216
-0.112786
-0.075542
0.0
-0.403498
0.332479
0.0
0.031575
0.317582
0.0
0.029231
1.0
0.998608
0.998608
1.0
1.0
1.0
0.30293
0.0
0.0

0.080444
-0.116716
-0.055786
0.0
-0.276711
0.0
0.077875
0.0
0.685348
0.0
0.0
1.0
0.998315
1.0
1.0
1.0
1.0
0.482711
0.0
0.0

0.10658
0.015979
-0.436087
0.0
0.048739
0.269355
-0.102509
0.0
0.446227
0.0
0.0
1.0
0.998608
0.998022
0.347473
1.0
0.80652
0.217656
0.0
0.012821

-0.40699
-0.086321
0.0
0.0
-0.04589
0.0
0.001685
-0.029422
0.05619
0.005201
0.0
0.079927
1.0
0.998608
0.38381
1.0
1.0
0.045641
0.012821
0.0

0.738368
0.305001
0.0
0.0
0.204105
0.106693
0.0
0.094579
0.048864
0.0
0.0
1.0
1.0
1.0
1.0
1.0
1.0
0.041832
0.021612
0.0

0.802994
0.279448
0.114811
0.046313
0.061634
0.196938
0.0
0.0
0.372674
0.0
0.0
1.0
1.0
1.0
1.0
1.0
1.0
0.096923
0.0
0.0

0.585187
0.175599
0.0
-0.049698
-0.03805
0.424459
0.008718
0.029231
0.038608
0.0
0.0
1.0
1.0
1.0
1.0
1.0
1.0
0.482711
0.012821
0.13619

0.747198
0.271492
0.0
0.0
-0.044459
0.194203
0.0
-0.1875
0.628791
0.034799
0.0
1.0
1.0
0.786007
1.0
1.0
0.999707
0.11978
0.0
0.0

0.598723
0.113755
-0.173857
0.0
0.200277
0.057128
0.015165
0.031575
0.997363
0.0
0.0
1.0
0.992527
1.0
1.0
1.0
0.897949
0.707326
0.064689
0.0

0.283665
-0.107715
-0.180535
-0.03388
-0.490825
0.165195
0.0
0.0
1.0
0.0
0.041832
1.0
0.998608
0.998608
0.269524
0.999487
1.0
0.333407
0.0
0.012821

0.080444
0.015979
0.0
0.0
-0.333283
0.0
0.2263
0.0
0.341612
0.008132
0.0
1.0
0.998608
0.999194
0.568425
0.83685
1.0
0.0
0.0
0.0

0.331362
0.0
-0.278862
0.0
0.40652
0.424459
0.0
-0.1875
-0.000872
0.0
0.029231
1.0
1.0
0.999194
1.0
0.89956
1.0
0.173407
0.0
0.224396

-0.149209
0.305001
0.0
0.0
-0.559961
0.0
0.015458
0.094579
0.446227
0.0
0.0
0.640513
1.0
1.0
0.626154
0.871136
0.999707
-0.076486
0.012821
0.0

-0.341817
-0.112786
-0.109035
0.046313
-0.071717
0.198002
0.25956
0.0
0.438901
0.0
0.0
1.0
1.0
0.990183
1.0
0.997656
1.0
0.694725
0.0
0.0

0.254276
0.13424
0.114811
0.0
0.04584
0.062533
-0.037607
0.002564
0.628791
0.0
0.0
1.0
0.786007
1.0
0.059707
0.90044
1.0
0.572527
0.0
0.0

