k
Left

0.448824
0.208735
0.035471
0.0
0.394424
0.812943
0.34044
0.0
-0.008291
0.0
0.0
0.872015
0.0
0.0
1.0
1.0
1.0
0.318755
1.0
1.0

0.372357
0.401872
-0.003075
0.146003
0.192018
0.956512
0.21707
0.0
-0.109071
0.0
0.0
0.51685
0.057363
0.057363
0.647546
1.0
1.0
0.207399
1.0
1.0

0.478153
0.116276
0.08643
0.0
0.512684
0.996652
0.428059
0.0
0.02044
0.0
0.0
0.728425
0.0
0.0
1.0
1.0
1.0
0.292088
1.0
1.0

0.369586
0.148553
-0.08294
0.0
0.935858
0.962098
0.194506
0.006081
0.330916
0.0
0.0
0.441245
0.0
0.023956
0.906154
1.0
1.0
0.998022
0.995458
1.0

0.448824
-0.02544
-0.113548
0.0
-0.011089
1.0
0.216777
0.0
0.420733
0.0
0.0
0.193626
0.0
0.0
1.0
1.0
1.0
1.0
0.659561
1.0

0.476175
0.039181
0.098237
0.0
0.033421
0.382012
0.40022
0.0
0.060293
0.0
0.0
0.872015
0.02337
0.0
1.0
0.688864
1.0
0.939927
0.999194
0.659561

0.418346
0.401872
-0.120279
0.0
0.0
0.695576
0.0
0.0
0.170302
0.0
0.0
1.0
0.0
0.0
0.967253
1.0
1.0
1.0
0.99978
0.999194

0.223495
0.116276
-0.003075
0.0
0.0
0.829571
0.428059
0.018681
0.411941
0.0
0.0
0.705275
0.0
0.0
0.888425
1.0
1.0
0.978681
0.999487
0.385861

0.322302
0.708354
0.044368
0.0
0.105365
0.704165
0.078755
0.0
0.006081
0.0
0.0
0.678022
0.028938
0.0
0.870256
1.0
1.0
0.5737
0.878462
0.99978

0.261278
0.107736
0.0
0.0
0.0
1.0
0.037143
0.00696
0.068646
0.0
0.0
0.488718
0.008132
0.0
0.967253
1.0
1.0
1.0
1.0
0.491062

0.293006
0.099901
0.0
0.0
0.007313
1.0
0.0
0.0
0.058242
0.0
0.0
0.441245
0.0
0.0
0.647546
0.959634
1.0
1.0
1.0
0.644322

0.425165
0.401554
-0.06185
0.0
0.0
1.0
0.380293
0.0
0.153805
0.0
0.0
1.0
0.0
0.001099
1.0
0.999487
1.0
1.0
0.999194
0.99978

0.119588
-0.054976
0.0
0.0
0.780163
1.0
0.016337
0.001392
0.073187
0.0
0.0
1.0
0.0
0.0
0.94381
1.0
1.0
1.0
1.0
1.0

0.417994
0.099901
0.00853
0.0
0.0
1.0
0.134725
0.0
0.096167
0.0
0.0
1.0
0.0
0.098242
0.647546
1.0
1.0
1.0
1.0
0.99978

0.344355
0.086074
0.0
0.0
0.019866
1.0
0.0
0.0
0.058242
0.0
0.0
0.554359
0.0
0.013407
1.0
1.0
1.0
0.991575
0.999487
0.93619

0.413654
0.38908
0.0
0.018144
0.780163
0.382012
0.002857
0.012527
0.412528
0.0
0.0
0.678022
0.0
0.0
0.888425
0.66718
0.999487
0.991575
0.999194
1.0

0.405009
0.329285
-0.08294
0.0
0.352433
1.0
0.21707
0.00696
0.170302
0.0
0.0
0.424835
0.0
0.0
1.0
0.889597
1.0
0.726667
0.721099
0.999487

0.119588
0.039181
-0.003075
0.0
0.0
0.660561
0.145568
0.0
0.058242
0.0
0.0
0.788791
0.001099
0.0
1.0
1.0
1.0
1.0
0.93619
1.0

