l
Left

0.566982
-0.272164
0.0
0.0
0.0
0.0
-0.363636
-0.138941
0.385421
0.0
0.0
1.0
1.0
1.0
1.0
1.0
1.0
1.0
1.0
1.0

0.470201
-0.205046
0.0
0.0
0.0
0.0
-0.353642
-0.165254
0.220879
0.0
0.0
1.0
1.0
1.0
1.0
1.0
1.0
1.0
1.0
1.0

0.713658
-0.206689
0.0
0.0
0.0
0.0
-0.333707
-0.1875
0.216777
0.0
0.0
1.0
1.0
1.0
1.0
1.0
1.0
1.0
1.0
1.0

1.0
-0.018354
0.0
0.0
0.022536
0.0
0.255751
-0.075947
0.0
0.0
0.0
1.0
1.0
1.0
1.0
0.988132
1.0
0.962564
1.0
0.999487

0.470201
0.201474
0.0
0.0
0.0
0.0
-0.014787
-0.101535
0.700293
0.0
0.0
0.732527
1.0
0.998315
1.0
0.999194
1.0
0.99978
0.62293
1.0

-0.1609
0.116292
0.0
0.0
0.0
0.0
0.0
-0.020985
0.756557
0.0
0.0
0.888278
1.0
0.999194
1.0
1.0
1.0
1.0
0.825128
1.0

-0.154737
-0.206689
-0.000498
0.0
0.044981
0.174818
-0.333707
-0.1875
0.0
0.0
0.020733
1.0
0.999194
0.987766
1.0
1.0
1.0
1.0
0.99978
0.999487

0.581523
-1.45816
0.0
0.0
0.0
0.0
-0.357816
-0.077231
0.385421
0.0
0.0
0.551136
0.022784
1.0
1.0
1.0
0.999487
1.0
0.826886
1.0

-0.1609
0.180965
0.0
0.0
0.022536
0.0
0.0
0.0
0.01956
0.0
0.0
0.888278
0.967839
0.999194
1.0
1.0
1.0
1.0
0.998901
0.867472

0.581523
-0.018354
-0.023063
0.0
0.044981
0.0
-0.125355
-0.138941
0.756557
0.0
0.0
1.0
1.0
1.0
1.0
0.709963
1.0
0.91685
1.0
0.999487

-0.1609
0.06267
0.0
0.0
0.107589
0.067309
-0.111218
-0.076462
0.692381
0.0
0.0
1.0
1.0
1.0
1.0
1.0
1.0
0.760366
1.0
1.0

1.0
-0.073444
0.019467
0.0
0.048991
0.021978
-0.049108
-0.1875
0.081392
0.0
0.0
1.0
0.022784
0.998315
1.0
0.999487
1.0
0.284762
0.999194
1.0

0.532959
0.028647
0.0
0.0
0.155835
0.174818
-0.060795
-0.042188
0.68652
0.0
0.0
1.0
0.998608
1.0
1.0
0.999194
0.875824
0.925201
1.0
1.0

0.48188
-0.02912
0.019467
0.0
0.0
0.0
-0.135741
0.0
0.178388
0.0
0.0
1.0
0.998608
0.99978
1.0
1.0
0.794213
0.760366
0.044176
1.0

0.581523
-0.118705
0.131295
0.0
0.06894
0.0
-0.357816
0.0
0.424249
0.0
0.0
1.0
1.0
0.999194
0.928864
1.0
1.0
0.653846
0.999487
0.767692

0.00139
0.019382
0.0
0.0
0.0
0.0
-0.357816
-0.1875
0.100733
0.0
0.0
1.0
1.0
1.0
1.0
0.054725
1.0
1.0
1.0
1.0

-0.154737
-0.09748
0.0
0.0
0.000591
0.0
-0.087624
0.0
0.01956
0.0
0.0
0.709377
1.0
1.0
1.0
1.0
1.0
1.0
0.999194
0.99978

0.55824
-0.343809
0.0
0.0
0.0
0.0
-0.353642
-0.077231
0.197729
0.0
0.0
0.808132
0.998608
1.0
1.0
0.840659
0.598022
0.251648
1.0
0.735458

