n
Left

0.606481
0.0
0.0
0.0
0.024435
1.0
1.0
0.0
1.0
1.0
1.0
1.0
1.0
1.0
1.0
1.0
1.0
0.982784
1.0
1.0

0.542119
0.0
0.0
0.0
0.0
1.0
1.0
0.0
1.0
1.0
1.0
1.0
1.0
1.0
1.0
1.0
1.0
1.0
1.0
1.0

0.502858
0.0
0.0
0.0
0.217505
1.0
0.768425
0.0
1.0
1.0
1.0
1.0
1.0
1.0
1.0
1.0
1.0
0.818095
1.0
1.0

0.238745
-0.326772
0.050827
0.0
0.01526
1.0
1.0
0.0
1.0
1.0
1.0
0.810916
1.0
0.998315
1.0
1.0
1.0
0.998022
1.0
0.999487

-0.049803
-0.090527
-0.065597
0.0
0.0
1.0
1.0
0.033919
1.0
1.0
1.0
1.0
1.0
1.0
1.0
0.754799
1.0
1.0
0.997729
0.892234

0.545011
0.0
0.084767
0.0
0.0
1.0
1.0
0.00696
1.0
1.0
1.0
0.819853
0.998608
0.517436
1.0
1.0
1.0
1.0
1.0
0.577802

1.0
0.0
0.084767
0.0
0.0
1.0
0.882124
0.0
0.95055
1.0
0.878462
1.0
0.872601
0.834798
1.0
1.0
0.398755
1.0
1.0
1.0

0.454356
0.0
-0.000574
0.0
0.021635
1.0
1.0
0.0
1.0
1.0
0.654872
0.78381
1.0
0.954359
1.0
1.0
0.999194
0.220147
1.0
1.0

0.082338
-0.083832
0.001775
0.0
0.217601
1.0
1.0
0.204469
1.0
1.0
1.0
1.0
0.78674
0.993407
1.0
1.0
1.0
0.998022
0.997729
0.997729

0.238745
-0.031561
0.0
0.0
0.012549
1.0
1.0
0.204469
1.0
1.0
1.0
0.993919
0.834798
0.572528
1.0
0.754799
1.0
1.0
1.0
0.649011

0.761459
0.0
0.0
0.0
0.0
1.0
1.0
0.128278
0.987253
1.0
0.994506
0.723297
0.768865
1.0
1.0
1.0
1.0
1.0
1.0
1.0

0.52986
0.0
0.050754
-0.163129
0.083642
1.0
0.668645
0.0
1.0
1.0
1.0
0.666301
0.596264
0.998608
1.0
1.0
1.0
0.677876
0.998901
0.577802

0.572271
0.0
-0.219655
0.0
0.0
1.0
1.0
0.063223
0.740733
1.0
0.99978
0.930037
1.0
1.0
1.0
0.30967
1.0
0.687399
0.364176
1.0

0.647405
-0.049489
-0.09081
0.0
0.222577
1.0
1.0
0.0
1.0
1.0
0.72696
1.0
0.834798
1.0
1.0
0.562857
1.0
1.0
0.577802
0.999487

0.660228
-0.2776
0.0
0.007675
0.0
1.0
0.759487
0.0
1.0
1.0
1.0
0.868498
0.993407
0.572528
1.0
1.0
1.0
0.864103
1.0
1.0

0.531428
0.0
0.0
0.0
0.0
1.0
1.0
0.0
1.0
1.0
0.580732
1.0
0.804615
1.0
1.0
0.562857
1.0
0.998022
1.0
1.0

0.238745
-0.075292
0.0
0.136837
0.196728
1.0
1.0
0.0
1.0
1.0
1.0
1.0
0.64359
0.483736
1.0
1.0
0.512747
1.0
0.998901
0.997729

0.502858
-0.2776
0.027898
0.0
0.754518
1.0
1.0
0.284029
0.921245
1.0
0.99978
0.751575
0.517436
0.99978
0.959048
1.0
1.0
0.864103
1.0
1.0

