o
Left

0.918217
-0.349081
0.0
0.120429
0.433054
1.0
0.095165
1.0
0.279927
0.683297
0.683297
1.0
0.636703
0.636703
0.505421
0.997949
0.997949
0.207106
1.0
1.0

0.914142
-0.326481
0.0
0.333142
0.64347
1.0
0.065275
0.489597
0.178388
0.389817
0.389817
1.0
0.258242
0.258242
0.417802
0.86674
0.86674
0.160806
1.0
1.0

0.912126
-0.415338
0.0
0.242931
0.544514
1.0
0.059414
1.0
0.318462
0.507179
0.507179
1.0
0.300879
0.300879
0.314066
0.960806
0.960806
0.16022
1.0
1.0

0.830363
-0.87735
-0.031996
-0.55762
-0.121112
0.979583
0.267766
1.0
0.287985
1.0
0.389817
1.0
0.405495
0.238462
0.457656
0.982051
1.0
0.199194
0.393187
0.997729

0.738964
-0.538347
0.0
-0.392183
-0.592097
1.0
0.298242
0.304689
0.192454
1.0
0.700586
0.718462
0.352161
0.955531
0.454579
1.0
0.797875
0.304249
0.967839
0.997729

0.744833
-0.60574
-0.096469
-0.28074
-0.283456
1.0
0.078462
0.270403
0.568132
1.0
1.0
0.793333
0.99978
0.377363
0.320366
0.567839
0.997949
0.207106
0.997729
0.611209

0.8258
-0.099267
-0.117035
0.197022
-0.282396
1.0
0.267766
1.0
0.230549
1.0
1.0
1.0
0.901319
0.972528
0.238462
0.960806
0.982051
0.223223
0.522418
0.29707

0.810228
-0.349081
-0.08972
-0.742314
0.433054
1.0
0.061465
0.520366
0.272601
0.96989
0.700586
0.702491
0.464982
0.513919
0.182491
0.590989
0.853114
0.1737
0.312015
0.334872

0.912126
-0.954046
0.0
-0.519996
-0.350039
1.0
0.51011
0.489597
0.230549
0.776484
0.255897
0.888278
0.99978
0.559341
0.348498
0.434506
0.11011
0.0937
0.440073
0.357729

0.918217
-0.660964
-0.547106
0.120429
-0.051234
1.0
0.211502
0.0
0.240513
1.0
0.741612
0.718462
0.955531
0.825421
0.121245
0.473773
0.85033
0.293846
0.997729
0.912161

0.645317
-0.150163
-0.191262
0.189606
0.332971
1.0
0.255751
0.446813
0.192454
0.510403
0.243883
0.438901
0.604469
0.901319
0.414286
0.11011
0.11011
0.149963
1.0
0.658388

0.830582
-0.357588
-0.097338
0.457675
0.063261
1.0
0.065275
0.42718
0.478462
0.731649
1.0
0.724029
0.840366
0.300879
0.148498
0.494872
1.0
0.63011
1.0
1.0

0.693858
-0.603692
-0.214429
0.333142
-0.56091
0.902416
0.292234
0.643736
0.246374
1.0
1.0
0.872015
0.972528
0.258242
0.320366
0.786447
0.960806
0.169597
0.611209
0.675678

0.476203
-0.409523
0.000794
-0.272852
0.076094
0.533895
0.379414
0.507619
0.568132
1.0
0.995018
0.793187
0.470843
0.472308
0.182491
1.0
0.11011
0.207106
0.357729
1.0

0.597624
-0.044132
0.0
0.580236
0.64347
0.784706
0.030403
1.0
0.300586
0.997363
0.94381
0.710256
0.655458
0.893993
0.612527
1.0
1.0
0.324908
1.0
0.611209

0.918217
-0.449289
-0.01504
0.428646
-0.56091
1.0
0.019853
1.0
0.55011
1.0
0.741612
0.648132
0.498974
0.405495
0.525641
0.565788
0.418535
0.342344
0.529158
0.175311

0.756923
-0.538347
-0.476297
0.120429
-0.373306
1.0
0.14967
0.850037
0.3863
0.91304
1.0
1.0
0.484908
0.756996
0.355824
0.592747
1.0
0.14967
0.611209
1.0

0.821502
-0.328849
0.000794
-0.566976
-0.214203
0.880406
0.470256
0.325495
0.201539
0.827179
0.858681
1.0
0.491648
0.54381
0.496337
0.494872
1.0
0.08989
0.352747
0.997729

