open_8
Left

0.404085
-0.025106
-0.002265
0.268047
0.117373
0.806614
0.205055
0.0
0.102491
0.0
0.0
0.934432
1.0
1.0
0.335018
0.0
0.0
0.054432
0.0
0.0

0.144111
-0.077631
0.026399
0.319869
0.16619
0.797009
0.172821
0.0
0.098974
0.0
0.0
0.830989
0.652674
0.652674
0.308498
0.0
0.0
0.026886
0.0
0.0

0.202308
-0.038312
0.0
0.273706
0.184895
0.807094
0.096923
0.0
0.367985
0.0
0.0
1.0
0.310843
0.310843
0.411941
0.0
0.0
0.069963
0.0
0.0

0.604732
-0.3183
-0.120014
0.143281
0.011309
0.409276
0.104835
0.0
0.031575
0.0
0.0
1.0
0.0937
0.508352
0.021319
0.001392
0.0
0.0
0.0
0.0

0.042744
-0.205101
0.238912
0.071556
-0.255697
0.806614
0.005201
0.0
0.222344
0.0
0.0
0.393187
0.80989
0.087253
0.840366
0.0
0.0
0.060586
0.0
0.0

0.060193
-0.077631
0.0
0.0
-0.284489
0.467812
0.0
0.0
0.207253
0.0
0.0
0.822344
0.652674
0.025128
0.245201
0.0
0.002857
0.0
0.0
0.004322

0.321026
0.138894
-0.2548
0.249634
-0.244568
0.45333
0.202711
0.0
0.095751
0.019267
0.0
0.879341
1.0
0.203004
0.179267
0.0
0.0
0.0
0.026886
0.0

0.274823
-0.14012
0.0
0.0
-0.232074
0.612003
0.139121
0.004029
0.007839
0.0
0.0
0.904249
0.378242
1.0
0.187766
0.0
0.0
0.026886
0.0
0.0

0.323429
-0.135627
0.0
0.089913
-0.284489
0.346571
0.071136
0.0
-0.035032
0.002564
0.0
1.0
0.028645
0.699121
0.822491
0.0
0.004322
0.0
0.0
0.0

-0.072306
-0.291755
-0.316407
0.112261
-0.481502
0.45333
0.029231
0.0
0.134286
0.0
0.0
0.947912
0.203004
0.064396
0.515678
0.0
0.002271
0.028352
0.004908
0.010183

0.060193
-0.205101
0.0
-0.114489
-0.159958
0.378354
0.121538
0.021612
0.316996
0.0
0.0
0.598168
0.652674
0.768278
0.311429
0.0
0.0
0.027766
0.0
0.0

0.395995
0.067945
-0.159587
0.071556
-0.306005
0.424872
0.308791
0.0
0.072601
0.0
0.0
1.0
0.763297
1.0
0.248865
0.0
0.0
0.012821
0.0
0.004322

0.152255
0.071301
0.0
0.140495
-0.191401
0.358312
0.178974
0.0
1.0
0.002564
0.0
1.0
0.025128
0.652674
0.411941
0.0
0.0
0.158755
0.0
0.0

-0.104051
0.138894
-0.044509
0.069785
-0.042602
0.4228
0.0
0.025128
0.007253
0.0
0.0
1.0
0.709084
0.087253
0.135751
0.002857
0.0
0.047106
0.0
0.0

0.031002
-0.112287
0.0
0.265412
-0.255697
0.382419
0.139121
0.00022
0.241978
0.0
0.0
0.830989
0.0937
0.027179
1.0
0.0
0.004322
0.0
0.004908
0.004322

0.06371
-0.146268
-0.192091
0.004771
-0.159958
0.600332
0.235824
0.035971
0.037436
0.0
0.0
0.710549
1.0
0.46293
0.80022
0.0
0.0
0.071429
0.0
0.0

0.084939
-0.051703
-0.110053
0.965198
-0.343569
0.591352
0.06674
0.0
0.241978
0.0
0.0
0.572234
1.0
1.0
0.689157
0.0
0.015458
0.026886
0.0
0.0

0.404085
0.394527
-0.13421
0.100574
-0.326183
0.467812
0.029231
0.0
0.20359
0.0
0.0
1.0
0.025128
0.590696
0.578974
0.0
0.005201
0.027766
0.0
0.0

