open_f
Left

0.926541
-0.537022
-0.13315
-0.157373
-0.100997
1.0
0.144396
0.0
0.185568
0.257216
0.257216
-0.000247
0.0
0.0
-0.110253
0.0
0.0
-0.175956
0.0
0.0

1.0
-0.459303
-0.12781
-0.305179
-0.256507
1.0
0.069377
0.0
0.19685
0.105714
0.105714
-0.002731
0.0
0.0
-0.078282
0.0
0.0
-0.054288
0.0
0.0

1.0
-0.527863
-0.147398
-0.294531
-0.301432
1.0
0.005495
0.0
0.223517
0.175018
0.175018
0.0
0.0
0.0
-0.069328
0.0
0.0
-0.133545
0.0
0.0

1.0
-1.150929
-0.077515
-0.3596
-0.697102
0.498289
0.204176
0.0
0.465861
0.131502
0.272747
-0.175222
0.0
0.0
-0.084083
0.0
0.0
-0.09118
0.0
0.0

0.936535
-0.275859
-0.226404
-0.475397
-0.904129
0.793154
0.12652
0.0
0.178095
0.175018
0.319048
-0.00329
0.0
0.0
-0.036786
0.0
0.0
-0.456425
0.02337
0.0

1.0
-0.550256
-0.257919
-0.547448
-1.59396
0.560479
0.781319
0.0
0.018095
0.194212
0.091062
0.151924
0.0
0.0
-0.192863
0.007546
0.0
-0.111647
0.0
0.0

0.891764
-0.537022
-0.286943
-0.475101
-1.59396
0.507683
0.017216
0.010183
0.041245
0.335604
0.090183
0.82337
0.0
0.0
0.0
0.0
0.007546
-0.124192
0.0
0.0

0.923722
-0.101031
-0.12781
-0.624297
-0.609592
0.842484
0.118315
0.0
0.084615
0.073187
0.153187
0.0
0.0
0.0
-0.078282
0.0
0.0
-0.178802
0.0
0.045934

0.972613
0.157896
-0.257797
-0.068942
-0.904129
0.94734
0.092527
0.0
0.093993
0.113333
0.335604
0.083058
0.0
0.0
-0.240697
0.0
0.018681
-0.483837
0.007839
0.02337

1.0
0.121618
-0.226404
-0.538637
-0.603026
0.448236
0.0
0.0
0.084615
0.365641
0.257216
0.064396
0.0
0.0
-0.067155
0.0
0.0
-0.142347
0.003736
0.0

0.95738
0.0
-0.12781
-0.305179
-0.550894
1.0
0.000806
0.0
0.261319
0.274212
0.409158
-0.065495
0.0
0.0
-0.299345
0.0
0.0
-0.102981
0.0
0.0

0.853861
-0.44343
-0.257797
-0.019077
-0.845052
0.496431
0.021026
0.0
0.461758
0.166374
0.217363
0.0
0.0
0.0
-0.078282
0.0
0.007546
-0.246928
0.0
0.0

1.0
0.060969
-0.147537
-0.485044
-1.034972
0.589752
0.027179
0.0
0.353333
1.0
0.08315
-0.137143
0.0
0.0
-0.192863
0.007546
0.0
-0.000782
0.0
0.0

1.0
0.308338
-0.205423
-0.275337
-0.779516
0.525573
0.246227
0.0
0.949963
0.173114
0.173114
0.328718
0.0
0.0
-0.038313
0.0
0.0
-0.246928
0.0
0.0

0.838874
-2.043966
0.264184
-0.499825
-0.603026
1.0
0.198608
0.0
0.491209
0.032747
0.087839
-0.015133
0.0
0.0
-0.144532
0.0
0.0
-0.031507
0.0
0.0

0.952257
0.098474
-0.105141
0.340491
-0.737798
1.0
0.260733
0.0
0.465861
0.244908
0.244908
-0.075366
0.0
0.0
-0.308392
0.0
0.0
-0.111647
0.0
0.007839

1.0
0.308338
0.130323
-0.035603
-0.531413
0.793154
0.0
0.0
0.295604
0.072894
0.274212
0.0
0.0
0.0
-0.067155
0.0
0.0
-0.133545
0.045934
0.0

1.0
1.089677
-0.076683
-0.450692
-0.587505
0.678547
0.006081
0.0
0.158169
0.126227
0.069963
0.011355
0.0
0.0
-0.365047
0.0
0.0
-0.102981
0.0
0.0

