q
Left

1.0
-0.348453
0.069967
0.015073
-0.036046
1.0
0.065861
0.0
0.100147
0.090769
0.090769
0.62967
1.0
1.0
0.41663
1.0
1.0
0.210476
1.0
1.0

1.0
-0.378717
0.131238
0.154287
0.0
1.0
0.038315
0.0
0.124029
0.03304
0.03304
0.501905
1.0
1.0
0.196264
1.0
1.0
0.216923
1.0
1.0

1.0
-0.638126
0.009365
-0.152577
-0.067969
1.0
0.008718
0.0
0.196264
0.0
0.0
0.580586
1.0
1.0
0.084908
1.0
1.0
0.205641
1.0
1.0

0.769435
0.137091
0.019245
0.190024
0.205401
1.0
0.134139
0.0
0.875385
0.03304
0.103077
1.0
1.0
1.0
0.719194
1.0
1.0
0.981538
0.998901
1.0

1.0
-0.262396
0.033039
-0.032198
0.317413
1.0
0.289451
0.0
0.793187
0.0
0.067033
0.606813
0.998315
1.0
0.654286
0.999487
1.0
0.724029
0.99978
1.0

1.0
-1.017881
0.31865
0.1815
0.228871
1.0
0.038315
0.0
1.0
0.04652
0.0
1.0
0.998608
1.0
0.685641
0.999194
1.0
0.802125
1.0
1.0

1.0
-0.62937
0.0
0.0
0.0
1.0
0.058828
0.0
0.571648
0.058828
0.043883
0.472601
0.998608
0.759487
0.842711
1.0
1.0
0.724029
1.0
1.0

1.0
0.097819
0.554657
0.043746
0.065475
0.440528
0.441538
0.0
0.269231
0.177509
0.016923
0.608278
1.0
0.999194
1.0
1.0
1.0
0.72696
1.0
1.0

0.815425
-0.502061
0.0
0.0
0.412256
1.0
0.017802
0.0
0.218535
0.043883
0.010183
0.787766
0.998608
1.0
1.0
1.0
0.999194
0.855311
0.999194
1.0

1.0
0.097819
0.0
-0.032198
0.458117
1.0
0.0
0.0
0.208865
0.067033
0.058535
1.0
1.0
0.99978
0.777949
0.999487
0.999487
0.569011
0.99978
0.998901

1.0
-0.543256
0.0
0.029907
0.435301
0.734546
0.03304
0.0
0.173407
0.05707
0.004615
1.0
1.0
1.0
0.90044
1.0
1.0
0.963004
1.0
1.0

1.0
-0.684095
0.0
0.612258
0.702984
1.0
0.230843
0.0
0.091355
0.046227
0.037729
0.533407
1.0
0.998315
0.654286
1.0
1.0
0.691941
1.0
1.0

0.942419
-0.543256
-0.049613
0.043746
0.110665
1.0
0.089597
0.0
0.232747
0.041538
0.0
0.770916
0.998022
0.993846
1.0
1.0
1.0
1.0
1.0
1.0

1.0
0.383167
0.0
0.076616
0.453928
1.0
0.297656
0.0
0.022198
0.058535
0.008132
0.529304
1.0
0.952967
1.0
1.0
1.0
0.210476
1.0
1.0

1.0
0.085846
0.025835
0.0
0.292884
0.959221
0.408132
0.0
0.41326
0.0
0.046227
0.787766
1.0
0.814432
1.0
1.0
1.0
0.205641
1.0
0.99978

1.0
-0.467415
0.275393
0.0
0.065475
1.0
0.0
0.0
0.125055
0.038608
0.0
0.770916
0.868938
1.0
0.842711
1.0
1.0
0.74674
1.0
1.0

1.0
-0.348453
-0.027007
0.0
-0.376808
0.734546
0.032454
0.0
0.59685
0.035092
0.061465
1.0
0.751868
0.999707
1.0
1.0
1.0
0.766227
1.0
1.0

1.0
0.0
0.0
0.0
0.205401
0.918245
0.609011
0.0
0.207399
0.039194
0.043883
0.62967
1.0
0.977875
0.242418
1.0
1.0
0.959194
1.0
1.0

