r
Left

0.749914
-0.21606
0.229607
0.0
0.532514
1.0
0.390989
0.382051
0.157582
0.0
0.0
0.126227
0.0
0.0
1.0
1.0
1.0
0.456777
1.0
1.0

0.751157
-0.344878
0.181929
0.0
0.482181
1.0
0.344835
0.394359
0.162271
0.0
0.0
0.143223
0.0
0.0
1.0
1.0
1.0
0.603443
1.0
1.0

0.76794
-0.531033
0.15139
0.0
0.417487
1.0
0.365348
0.164908
0.21619
0.0
0.0
0.019267
0.0
0.0
1.0
1.0
1.0
0.59348
1.0
1.0

0.632899
-0.786978
0.402275
0.282597
0.195867
1.0
1.0
0.0
0.112454
0.0
0.038022
0.008718
0.0
0.0
1.0
1.0
1.0
0.900293
0.998901
0.999194

1.0
-0.318716
0.412368
0.0
0.28932
1.0
0.391722
0.0
0.225861
0.0
0.00696
0.049744
0.0
0.292967
1.0
1.0
1.0
0.760366
1.0
1.0

0.496426
-0.416795
0.466268
0.0
0.144385
1.0
1.0
0.199194
0.335165
0.0
0.0
0.0
0.0
0.0
0.7
1.0
1.0
0.545861
1.0
1.0

0.646188
-0.576651
0.290261
0.003706
0.118794
1.0
1.0
1.0
0.668059
0.0
0.0
0.093407
0.0
0.052381
0.767985
1.0
1.0
0.434652
1.0
1.0

0.575093
-0.154149
0.381446
0.072211
0.756393
1.0
1.0
0.097802
0.157582
0.0
0.0
0.0
0.0
0.0
1.0
1.0
1.0
1.0
0.99978
1.0

0.677596
-0.225497
0.109847
0.354443
0.417487
1.0
1.0
0.203297
0.162271
0.0
0.038022
0.071722
0.19304
0.013993
1.0
1.0
0.999487
0.694286
0.538242
1.0

0.646188
-0.21606
0.342396
0.262456
0.0
1.0
1.0
0.0
0.241099
0.0
0.0
0.055311
0.0
0.071136
1.0
1.0
0.950256
0.545861
1.0
1.0

0.318365
-0.44613
0.230705
0.0
0.363735
1.0
1.0
0.738681
0.216923
0.0
0.0
0.0
0.00315
0.061172
0.828938
1.0
1.0
0.708059
1.0
1.0

0.505533
-0.531033
-0.143764
0.0
0.471768
1.0
0.489157
0.064396
0.225861
0.0
0.0
0.268059
0.0
0.0
0.43978
1.0
1.0
0.860293
1.0
1.0

0.431055
-0.416795
0.50282
0.072211
-0.003538
1.0
1.0
0.034799
0.136777
0.0
0.0
0.0
0.19304
0.0
1.0
1.0
0.950256
0.59641
0.999487
0.99978

0.619552
-0.915823
0.453647
0.379896
0.440235
1.0
0.317875
0.160806
0.192161
0.0
0.0
0.097216
0.040366
0.0
0.7
1.0
1.0
0.540879
0.998901
1.0

0.575093
-0.944096
0.396646
0.0
0.688921
1.0
0.344835
0.137656
0.190696
0.003443
0.0
0.315971
0.0
0.013993
1.0
1.0
1.0
0.547033
1.0
0.999487

0.575093
-0.130704
0.229607
0.093387
0.561841
1.0
1.0
0.382051
0.180733
0.0
0.0
0.0
0.021319
0.052381
0.838169
1.0
0.999194
0.743663
1.0
1.0

0.735755
-0.347264
0.453647
0.0
0.0
1.0
0.280073
0.149963
0.095751
0.0
0.016923
0.006667
0.068791
0.0
0.482271
1.0
1.0
0.708059
0.999487
1.0

0.172292
-0.531033
0.442416
0.172032
0.363735
1.0
1.0
0.064396
0.113773
0.018095
0.012527
0.0
0.093114
0.079634
1.0
0.999194
1.0
0.210916
1.0
1.0

