s
Left

1.0
-0.022628
0.0
0.0
0.0
1.0
1.0
1.0
0.927692
1.0
1.0
1.0
1.0
1.0
1.0
1.0
1.0
1.0
1.0
1.0

0.967004
-0.067524
0.0
0.0
0.096228
1.0
1.0
1.0
0.841538
1.0
1.0
1.0
1.0
1.0
1.0
1.0
1.0
0.920366
1.0
1.0

0.973234
-0.042541
0.0
0.0
0.365995
1.0
1.0
0.910256
0.807253
1.0
1.0
1.0
1.0
1.0
1.0
1.0
1.0
0.60022
1.0
1.0

1.0
-0.022628
0.359798
0.068476
0.323382
1.0
1.0
0.746447
1.0
1.0
1.0
1.0
1.0
0.99978
0.703517
1.0
1.0
0.833626
0.810916
1.0

-0.1856
-0.218138
0.0
-0.048977
0.182129
1.0
1.0
0.742051
0.617949
1.0
1.0
1.0
1.0
1.0
1.0
1.0
1.0
0.089597
0.915092
1.0

0.75327
0.0
0.0
0.0
0.046853
1.0
0.97282
1.0
0.927692
1.0
1.0
0.693846
1.0
0.998608
1.0
1.0
1.0
0.462051
1.0
1.0

0.963701
0.0
0.0
0.0
0.181865
1.0
0.849744
1.0
1.0
1.0
1.0
1.0
1.0
0.998608
0.708205
1.0
1.0
0.575018
1.0
1.0

0.667624
0.0
-0.003066
0.194827
0.200861
1.0
1.0
0.781392
1.0
1.0
1.0
0.774579
0.99978
1.0
1.0
1.0
1.0
0.60022
1.0
1.0

-0.163485
0.0
-0.248608
0.232505
0.064647
1.0
1.0
1.0
1.0
1.0
1.0
1.0
1.0
1.0
1.0
1.0
1.0
0.447253
1.0
0.99978

0.457487
0.0
0.0
0.0
0.0
1.0
1.0
0.781392
0.706447
1.0
1.0
1.0
1.0
0.99978
0.745128
1.0
0.998315
0.920366
1.0
1.0

0.443793
-0.042541
0.359798
0.017193
0.521492
1.0
1.0
1.0
0.927692
1.0
1.0
1.0
0.998022
1.0
1.0
1.0
1.0
0.285495
1.0
0.999194

0.963701
-0.166134
0.0
0.0
0.190657
1.0
1.0
0.046227
0.805494
1.0
1.0
1.0
1.0
1.0
1.0
1.0
1.0
0.67641
0.915092
1.0

1.0
0.0
0.0
-0.048977
0.260812
1.0
1.0
0.229084
0.741172
1.0
1.0
1.0
1.0
0.99978
1.0
1.0
1.0
0.973846
1.0
1.0

0.818555
0.0
0.0
0.0
0.002448
1.0
0.789963
1.0
0.503956
1.0
1.0
1.0
1.0
1.0
0.832015
1.0
1.0
1.0
1.0
1.0

0.788082
0.0
-0.044163
0.0
0.223353
1.0
0.691941
0.086667
1.0
1.0
1.0
1.0
1.0
1.0
1.0
1.0
1.0
0.67641
0.999194
1.0

0.990102
-0.022628
-0.155871
0.0
0.273106
1.0
0.452527
1.0
0.83304
1.0
1.0
1.0
0.998315
1.0
1.0
1.0
0.998315
0.237289
0.994213
1.0

0.90323
0.0
-0.248608
0.0
0.181865
1.0
1.0
0.034505
1.0
1.0
1.0
1.0
1.0
1.0
0.34718
1.0
1.0
0.285495
1.0
1.0

0.75497
0.0
-0.004446
-0.022203
0.0
1.0
1.0
0.230843
1.0
1.0
1.0
0.742784
1.0
1.0
1.0
1.0
1.0
0.857949
1.0
1.0

