spread_e
Left

0.673905
0.610275
-0.187502
-0.427025
-0.263381
1.0
1.0
0.113626
-0.059401
1.0
1.0
-0.164706
1.0
1.0
-0.062724
1.0
1.0
0.046227
0.802564
0.802564

0.719739
0.602334
-0.200749
-0.509354
-0.276803
1.0
1.0
0.0
-0.028092
1.0
1.0
-0.200915
1.0
1.0
-0.055766
1.0
1.0
0.029231
0.472601
0.472601

0.816289
0.606728
-0.178224
-0.51156
-0.297944
1.0
1.0
0.021905
-0.058759
1.0
1.0
-0.166815
0.759487
0.759487
-0.069611
1.0
1.0
0.051209
0.314652
0.314652

-0.008283
-0.071176
-0.281995
-0.267478
-0.455555
1.0
1.0
1.0
0.211654
1.0
1.0
-0.154709
0.937949
1.0
0.422491
0.517729
0.585421
0.0
1.0
0.698535

0.768249
0.367549
0.080553
-0.159799
-0.604097
1.0
1.0
1.0
0.0937
1.0
1.0
-0.081968
1.0
1.0
0.132775
1.0
0.722711
0.051209
0.330769
0.55685

0.786385
1.040309
-0.282651
-0.356777
-0.535088
1.0
1.0
0.362418
-0.024499
1.0
1.0
-0.191712
1.0
0.937949
-0.059838
0.630549
1.0
-0.099913
0.340147
0.282418

0.742319
0.707165
0.208959
-0.370778
-0.370374
1.0
1.0
0.531209
0.06
1.0
1.0
-0.28822
1.0
0.99978
-0.183397
0.767399
1.0
0.003736
1.0
0.435971

0.430626
0.657125
0.11419
-0.083678
0.305779
1.0
1.0
1.0
0.0
1.0
1.0
-0.000803
1.0
0.759487
-0.051309
0.999194
0.722711
0.04122
0.743956
0.273626

0.477818
0.810959
0.080553
-0.009717
-0.436959
1.0
1.0
0.94967
-0.058759
1.0
1.0
-0.159792
0.759487
1.0
0.044513
0.751575
1.0
0.048571
0.698535
0.314652

0.816289
0.606728
-0.046814
-0.267478
-0.095289
1.0
1.0
1.0
-0.234479
0.99978
1.0
-0.28822
1.0
0.879341
-0.13559
0.754506
1.0
0.0
1.0
0.804029

0.397327
0.687274
-0.140402
-0.241787
-0.276803
1.0
1.0
0.719341
-0.071032
0.963883
1.0
-0.271518
0.670696
0.900147
-0.005219
1.0
1.0
0.051209
0.703956
0.515385

0.649931
0.821743
-0.187502
0.064452
-0.363025
1.0
1.0
1.0
-0.106353
1.0
1.0
-0.181178
0.825421
1.0
-0.055028
0.567546
0.968425
0.009011
0.698535
0.999194

0.830803
0.04349
-0.010969
-0.394894
-0.266864
1.0
1.0
1.0
-0.122838
1.0
1.0
0.056484
0.759487
0.881685
0.404322
0.968425
0.628498
0.437436
0.802564
0.439048

0.816289
0.54237
0.266684
-0.151624
-0.685899
1.0
1.0
1.0
-0.122122
1.0
1.0
-0.277352
0.986007
1.0
-0.118308
1.0
1.0
0.051502
1.0
0.950549

0.733864
0.677358
-0.099055
-0.093212
-0.372124
1.0
1.0
0.838608
0.0
1.0
1.0
-0.013819
1.0
1.0
-0.13559
1.0
1.0
0.0
0.575604
0.735751

0.690418
0.616455
0.208959
0.100001
-0.026431
1.0
1.0
1.0
0.012925
1.0
1.0
0.061172
1.0
0.731648
-0.059933
0.642564
1.0
0.0
0.951282
0.786447

0.58212
1.040309
0.042452
0.064452
-0.372124
1.0
1.0
0.543077
0.130037
1.0
1.0
0.0
0.56989
0.818388
-0.013197
0.750989
0.628498
0.038022
0.735751
0.735751

0.681201
1.468847
0.080553
-0.267876
-0.276803
1.0
1.0
0.021905
-0.037883
1.0
1.0
0.039487
0.940293
0.881685
-0.144691
0.754506
1.0
0.0
1.0
0.246667

