stacked_5
Left

0.223122
0.222114
0.281336
0.157064
0.006475
0.700855
0.119927
0.0
0.201245
0.0
0.0
0.409597
0.0
0.0
0.88315
0.054432
0.054432
0.997436
0.545861
0.545861

0.678282
0.470649
0.366859
0.380541
0.0
0.882352
0.069377
0.0
0.025592
0.0
0.0
0.315238
0.0
0.0
0.730769
0.070256
0.070256
1.0
0.388498
0.388498

0.681959
0.409792
0.32559
0.183338
0.0
1.0
0.234945
0.0
0.028059
0.0
0.0
0.40022
0.0
0.0
0.874359
0.03011
0.03011
1.0
0.297656
0.297656

0.023547
0.247213
0.281336
0.089013
0.0
0.948268
0.0
0.0
-0.111515
0.0
0.0
0.750696
0.0
0.0
0.542051
0.011648
0.059414
0.835971
0.143517
0.0

0.411046
0.151846
0.319794
0.195578
0.0
1.0
0.0
0.08022
-0.137497
0.0
0.0
0.273626
0.0
0.0
1.0
0.013114
0.0
0.904102
0.050037
0.388498

0.772099
0.17581
-0.010901
-0.145261
0.0
1.0
0.172527
0.0
0.13145
0.0
0.0
0.291795
0.0
0.0
0.114359
0.0
0.04359
1.0
0.000513
0.199634

0.27265
0.359079
-0.040796
0.116842
-0.008656
0.555585
0.7463
0.0
-0.064591
0.0
0.0
0.197729
0.0
0.0
0.150843
0.043297
0.0
1.0
0.147033
0.165055

0.461809
0.283301
0.319794
-0.06437
0.080629
1.0
0.007253
0.0
0.0
0.0
0.0
0.058242
0.0
0.0
0.752015
0.011648
0.0
1.0
0.03685
0.050037

0.302092
0.853256
-0.020137
0.265833
0.737495
1.0
0.144689
0.0
0.059203
0.0
0.0
0.061172
0.0
0.0
0.061465
0.054432
0.011941
0.372674
0.005788
0.066154

0.278363
0.154661
0.227234
0.0
0.0
0.84008
0.0
0.020147
0.08022
0.0
0.0
0.315238
0.157582
0.0
0.253407
0.0
0.013407
1.0
0.136777
0.066154

-0.011113
0.853256
0.078228
-0.103983
0.0
0.700855
0.311136
0.077875
0.0
0.0
0.0
0.841832
0.0
0.0
0.477876
0.0
0.013114
0.627326
0.069963
0.235531

0.507869
0.359695
-0.238642
0.265833
-0.287083
0.882352
0.055897
0.0
0.107619
0.0
0.0
0.72696
0.0
0.0
0.791722
0.052674
0.002271
1.0
0.545861
0.277143

0.193147
0.290447
0.50804
-0.06437
0.0
0.882352
0.055897
0.0
-0.022236
0.0
0.0
0.598022
0.0
0.0
0.061465
0.0
0.036557
0.478022
0.388498
0.126374

0.003571
0.181072
-0.129386
-0.305802
0.0
0.519847
0.334286
0.0
0.0
0.0
0.0
0.484615
0.0
0.0
0.217656
0.0
0.0
0.668059
0.03685
0.235531

0.638756
0.41598
0.227234
-0.249885
0.0
0.654724
0.7463
0.0
0.0
0.0
0.0
0.523004
0.0
0.0
0.629084
0.064982
0.016044
0.651941
0.231722
0.112161

0.380632
0.296363
0.355027
0.024304
0.0
1.0
0.055897
0.001392
-0.022236
0.0
0.024835
0.331941
0.0
0.0
0.291502
0.008718
0.005788
1.0
0.031575
0.040659

0.461889
0.469076
-0.088226
0.036751
0.082977
1.0
0.234945
0.028645
0.0
0.024835
0.0
0.2663
0.0
0.0
0.477876
0.001099
0.0
1.0
0.0
0.0

0.023547
0.543607
-0.168836
0.265833
0.0
0.859116
0.0
0.033626
-0.062089
0.0
0.0
0.112894
0.0
0.0
0.429817
0.052674
0.035092
0.668059
0.040659
0.092527

