v
Left

0.985345
0.365485
-0.175624
0.116346
0.694146
1.0
0.377656
0.024835
0.0
0.0
0.0
0.02337
0.0
0.0
0.899267
1.0
1.0
0.54674
0.821905
0.821905

1.0
0.348916
-0.18971
0.086592
0.709227
1.0
0.3
0.338095
0.0
0.0
0.0
0.034799
0.0
0.0
0.921685
1.0
1.0
0.483443
0.954066
0.954066

0.883055
0.282246
-0.160168
0.0
0.697923
1.0
0.298974
0.485202
0.001392
0.0
0.0
0.093993
0.0
0.0
1.0
1.0
1.0
0.633187
1.0
1.0

0.681329
0.23547
-0.071053
-0.002214
0.0
1.0
0.768865
0.434359
-0.127249
0.0
0.0
0.0
0.0
0.0
1.0
1.0
1.0
0.569304
0.999194
1.0

0.43173
0.449721
-0.389409
0.318681
0.23138
1.0
0.478755
0.0
0.0
0.0
0.0
0.02337
0.0
0.0
1.0
1.0
1.0
0.304103
1.0
1.0

0.718083
0.517474
0.049486
0.0
0.646751
1.0
0.712308
0.487839
0.0
0.0
0.0
0.0
0.0
0.0
0.927106
1.0
1.0
0.564322
0.997729
1.0

0.739211
0.53696
-0.106622
0.0
0.197902
1.0
1.0
0.155824
0.0
0.0
0.0
0.020733
0.0
0.0
1.0
1.0
1.0
0.414579
1.0
1.0

0.247915
0.382288
-0.137828
-0.002214
0.646751
1.0
0.712308
0.264396
0.0
0.0
0.0
0.0
0.0
0.0
0.899267
1.0
1.0
0.533553
1.0
1.0

0.985345
0.604952
-0.209244
0.0
0.342141
1.0
1.0
0.023077
-0.116333
0.0
0.0
-0.187937
0.0
0.0
0.655897
1.0
0.691209
0.298828
0.997729
1.0

0.858578
0.321062
-0.389409
0.0
0.354851
1.0
0.521392
0.0
-0.106457
0.0
0.0
0.0
0.0
0.0
0.484762
1.0
1.0
0.840366
1.0
1.0

0.653344
0.351397
-0.106622
0.0
-0.074965
1.0
1.0
0.376191
0.151997
0.0
0.0
0.088425
0.0
0.0
0.725788
1.0
0.883736
0.223663
1.0
1.0

0.743639
0.69736
0.156213
0.0
-0.184066
1.0
0.385714
1.0
-0.051223
0.0
0.0
0.128864
0.0
0.0
0.927106
1.0
1.0
0.483443
0.860879
1.0

0.585943
0.2407
-0.037232
0.234497
0.0
1.0
0.355678
0.391429
-0.094906
0.0
0.0
0.0
0.0
0.0
0.54381
0.71392
1.0
0.530769
0.99978
0.821905

0.81537
0.500934
-0.13536
0.0
0.646751
1.0
0.51304
1.0
0.081685
0.0
0.0
0.222637
0.0
0.0
0.496044
1.0
1.0
0.470549
1.0
1.0

0.556803
0.51194
-0.246676
0.117587
0.384273
1.0
1.0
0.558169
0.151997
0.0
0.0
0.214579
0.0
0.0
0.423956
1.0
1.0
0.445641
1.0
0.898388

0.653344
0.940272
-0.040032
0.086592
0.119023
1.0
1.0
0.076996
0.0
0.0
0.0
0.0
0.0
0.0
0.394945
1.0
1.0
0.840366
0.999487
0.99978

0.322247
0.607947
-0.200005
0.0
0.709227
1.0
0.615311
0.0
0.0
0.0
0.0
0.1063
0.0
0.0
0.508059
0.999487
1.0
0.489011
0.999194
0.679487

0.499986
0.510253
-0.199672
0.099954
0.261114
1.0
1.0
0.001978
0.015165
0.0
0.0
0.039487
0.0
0.0
1.0
1.0
1.0
0.223663
1.0
0.997729

