w
Left

0.80582
0.474934
0.042105
0.161376
0.63194
1.0
0.580147
0.172821
-0.040852
0.0
0.0
-0.071029
0.0
0.0
0.102198
0.0
0.0
0.557876
0.495751
0.495751

0.770271
0.452291
0.122644
0.180616
0.607414
1.0
0.647253
0.354213
-0.025105
0.0
0.0
-0.027133
0.0
0.0
0.115678
0.0
0.0
0.575165
0.518315
0.518315

0.794226
0.333907
0.045853
0.212298
0.574803
1.0
0.971062
0.511868
-0.000606
0.0
0.0
0.0
0.0
0.0
0.143516
0.0
0.0
0.619561
0.577656
0.577656

0.443161
0.449496
0.14073
0.20086
0.092729
1.0
0.581026
0.0
-0.035721
0.023077
0.010183
-0.065153
0.0
0.0
0.352747
0.0
0.0
0.182784
0.90044
0.661319

0.840603
0.237497
-0.115561
-0.007785
0.564588
1.0
1.0
0.135897
0.0
0.0
0.0
-0.098505
0.0
0.0
0.178681
0.0
0.0
0.572234
1.0
1.0

0.794226
0.225026
0.190799
-0.013098
0.657093
1.0
0.612234
0.095165
0.0
0.0
0.0
0.048571
0.0
0.0
0.161685
0.0
0.0
0.05707
0.838022
0.870256

0.699584
0.803432
-0.167188
0.212298
0.243136
1.0
0.642125
0.151575
0.0
0.0
0.023077
0.109288
0.0
0.0
0.461172
0.011941
0.0
0.856484
0.70674
0.518315

0.733438
0.304738
-0.085162
0.165149
0.282379
1.0
0.647253
0.036557
-0.044349
0.00315
0.0
0.0
0.0
0.0
0.161685
0.0
0.0
0.128425
0.787326
0.895751

0.840603
0.252412
0.057955
-0.160813
0.444606
1.0
0.869524
0.587473
0.0
0.0
0.014286
0.0
0.0
0.0
0.102198
0.0
0.0
0.137216
0.644615
0.29707

0.77687
0.621622
0.104539
0.011745
0.207434
1.0
0.737216
0.028645
-0.014364
0.023077
0.0
0.015458
0.0
0.0
0.143516
0.0
0.0
0.313773
0.38967
0.518315

0.580048
0.255378
0.031559
0.143467
0.447841
1.0
1.0
0.248132
-0.035721
0.0
0.023077
-0.065153
0.0
0.0
-0.116739
0.0
0.0
0.921978
0.797582
1.0

0.693716
0.347242
0.057955
-0.0143
0.193695
1.0
0.379121
0.085201
0.0
0.0
0.0
-0.005058
0.0
0.0
0.49707
0.0
0.0
0.274213
0.67685
0.976337

0.699584
-0.167148
0.171168
0.287668
0.690144
1.0
0.831868
0.086081
0.0
0.02337
0.010183
-0.005058
0.0
0.0
0.241832
0.0
0.0
0.313773
1.0
1.0

0.676405
0.282867
-0.054788
-0.123098
0.657093
1.0
0.699121
0.095165
-0.040852
0.014286
0.016044
0.582784
0.0
0.0
0.376191
0.0
0.0
0.274213
0.814286
1.0

0.489621
0.237497
0.190799
0.023028
0.444606
1.0
1.0
0.22381
-0.01071
0.009011
0.006081
0.0
0.0
0.0
0.14
0.044762
0.0
0.353333
0.650476
0.895751

0.443161
0.803432
-0.054788
-0.095028
0.479593
1.0
0.355092
0.14674
-0.037247
0.0
0.0
0.582784
0.0
0.0
0.199048
0.044762
0.0
0.290623
0.814286
0.848864

0.148153
0.323553
0.042105
0.398477
0.377647
1.0
0.667619
0.587473
0.0
0.0
0.0
0.152308
0.0
0.0
-0.014523
0.0
0.0
0.211209
0.734286
1.0

0.54081
0.480396
0.152567
-0.169039
0.354711
1.0
1.0
0.151575
0.0
0.0
0.0137
0.0
0.0
0.0
0.06967
0.0
0.0
0.307766
0.724908
1.0

