x
Left

1.0
-0.273383
0.0
0.0
0.376383
1.0
1.0
0.0
0.383517
0.378242
0.378242
1.0
0.976044
0.976044
1.0
1.0
1.0
0.728718
1.0
1.0

0.545674
-0.373732
0.0
0.0
0.165025
1.0
1.0
0.0
0.422051
0.467033
0.467033
1.0
0.928571
0.928571
1.0
1.0
1.0
0.869084
1.0
1.0

1.0
-0.133441
0.0
0.0
0.011451
1.0
1.0
0.0
0.404176
0.667912
0.667912
1.0
1.0
1.0
1.0
1.0
1.0
0.991648
1.0
1.0

0.658728
-0.452372
0.0
0.0
-0.009784
1.0
1.0
0.302637
0.748059
0.378242
0.632308
0.928571
0.998608
1.0
0.83304
1.0
1.0
0.420147
0.999194
1.0

-0.423501
0.097184
0.0
-0.207645
0.133759
1.0
1.0
1.0
0.612967
1.0
1.0
1.0
1.0
0.872308
0.72315
0.581612
1.0
0.435092
1.0
0.944689

1.0
-0.449477
-0.158565
-0.356188
-0.145902
1.0
1.0
0.0
0.422051
1.0
0.905421
1.0
0.838901
0.88315
0.562125
1.0
1.0
0.817509
1.0
1.0

-0.500746
-0.988816
-0.036434
-0.527221
0.0
1.0
1.0
0.0
0.434212
0.378242
0.852381
1.0
1.0
0.725788
0.892234
1.0
0.542784
0.698828
1.0
0.999194

-0.38014
-0.903333
-0.12129
0.421634
0.200814
1.0
1.0
0.248571
0.268938
0.735165
0.368278
1.0
1.0
1.0
1.0
1.0
1.0
0.670989
0.851795
1.0

1.0
-0.12556
0.0
0.182425
0.600128
1.0
1.0
1.0
0.208425
1.0
0.657509
0.9737
0.954652
0.869377
1.0
1.0
1.0
1.0
1.0
1.0

1.0
-0.343856
0.0
-0.124169
0.0
1.0
1.0
0.677143
0.35011
1.0
0.898095
1.0
1.0
0.872308
0.944689
1.0
1.0
0.441832
1.0
0.951722

0.495214
0.146512
0.0
-0.139885
0.000284
1.0
1.0
0.0
0.184835
0.798755
1.0
1.0
1.0
1.0
1.0
1.0
1.0
0.749377
1.0
0.811648

1.0
0.346836
0.0
0.0
0.032696
1.0
1.0
1.0
0.258828
1.0
1.0
1.0
0.648718
0.661026
1.0
1.0
1.0
1.0
0.851795
1.0

1.0
0.0
-0.066707
0.147861
0.019411
1.0
1.0
0.081685
0.512454
0.69707
1.0
1.0
0.978974
0.648718
0.710843
1.0
1.0
1.0
1.0
0.971062

0.545674
-0.281295
-0.183569
0.0
0.046119
1.0
1.0
0.224689
0.612967
0.648425
0.831282
1.0
1.0
0.725788
1.0
1.0
0.993773
0.87348
0.998901
1.0

0.14126
-0.199347
0.0
-0.000761
-0.107204
1.0
1.0
0.38293
0.565495
0.963443
1.0
0.722564
0.838901
1.0
1.0
1.0
1.0
0.670989
1.0
1.0

1.0
-0.452372
-0.055058
0.0
-0.145902
1.0
1.0
0.165788
0.620147
0.378242
1.0
1.0
1.0
0.725788
1.0
0.919487
0.542784
1.0
1.0
1.0

0.254981
-0.290421
-0.025315
-0.481448
0.561277
1.0
1.0
1.0
0.346886
1.0
0.67304
1.0
0.927692
0.978974
1.0
0.542784
0.625275
0.817509
1.0
0.99978

0.590537
-0.199347
-0.164993
-0.43985
0.357825
1.0
1.0
0.240806
0.184835
0.67304
0.535897
1.0
0.577509
0.577509
1.0
1.0
1.0
0.797729
0.916557
0.598608

