3
Left

0.680393
0.921852
0.008921
0.0
0.142745
0.0
-0.187484
-0.128896
0.015165
0.0
0.0
0.763883
0.0
0.0
1.0
1.0
1.0
0.920366
0.634066
0.634066

0.46594
0.829896
0.024762
0.0
0.018152
0.0
-0.165134
-0.11353
0.034799
0.0
0.0
0.859707
0.0
0.0
1.0
1.0
1.0
0.988645
0.703663
0.703663

0.316185
0.768606
0.053961
0.0
0.006274
0.0
-0.049438
-0.033989
0.011062
0.0
0.0
0.825714
0.0
0.0
1.0
1.0
1.0
0.995604
0.744835
0.744835

-0.342663
0.447107
-0.08879
0.0
0.06887
0.0
0.014345
0.0
0.013407
0.0
0.0
0.0
0.0
0.0
0.62967
1.0
1.0
0.715238
1.0
1.0

0.31186
0.223413
-0.404161
-0.045861
0.164284
0.320473
-0.187484
0.0
0.075531
0.0
0.0
0.171648
0.0
0.0
0.759487
1.0
1.0
1.0
0.744835
0.898388

-0.004993
0.058127
-0.360563
0.047273
0.293691
0.0
-0.118773
0.0
0.186265
0.0
0.028352
0.141026
0.0
0.0
1.0
1.0
0.593919
1.0
1.0
1.0

-0.001523
0.318102
-0.19374
0.0
0.006274
0.056407
-0.311927
0.0
0.015458
0.0
0.0
0.338388
0.0
0.0
1.0
1.0
1.0
1.0
1.0
1.0

0.447284
0.058127
-0.033007
0.0
-0.004297
0.0
0.016337
0.0
0.034799
0.028352
0.0
0.0
0.0
0.0
1.0
1.0
1.0
1.0
0.515678
0.99978

0.34789
0.414282
0.0
0.056881
0.180929
0.265875
0.053846
-0.027232
0.008809
0.0
0.0
0.0
0.0
0.0
0.846813
1.0
1.0
0.875824
0.53033
0.720073

0.551931
0.058127
0.129714
0.0
0.0
0.0
-0.071505
-0.087595
0.009304
0.0
0.0
0.0
0.0
0.0
1.0
1.0
1.0
1.0
1.0
0.703663

-0.62725
-0.035244
-0.404161
0.047273
0.0
0.0
-0.109044
-0.145516
0.079927
0.0
0.0
0.192161
0.0
0.0
1.0
1.0
1.0
1.0
1.0
1.0

0.339913
0.109874
-0.395784
0.119806
0.120687
0.028257
-0.058418
-0.062481
0.022784
0.0
0.0
0.052381
0.0
0.0
0.75304
1.0
1.0
0.982784
0.689744
0.634066

0.316185
0.692122
-0.08879
0.0
0.0
0.0
-0.182745
-0.005802
0.058242
0.0
0.0
0.192161
0.0
0.0
1.0
1.0
1.0
1.0
0.53033
0.645934

0.605109
-0.020748
-0.656744
0.0
0.436129
0.015811
-0.049258
-0.087595
0.022856
0.0
0.0
0.046813
0.0
0.0
1.0
0.999487
1.0
0.920366
1.0
0.999194

0.106295
0.223413
-0.177534
0.0
0.25946
0.0
-0.180548
-0.063662
-0.04797
0.0
0.0
0.12359
0.0
0.0
1.0
1.0
1.0
0.988645
1.0
1.0

0.996864
-0.424825
-0.302441
0.05798
0.224863
0.0
0.0
-0.033865
0.059121
0.0
0.0
0.052967
0.0
0.0
1.0
1.0
1.0
1.0
1.0
1.0

0.316185
0.418538
-0.404161
0.0
0.0
0.0
-0.238189
0.0
0.032454
0.0
0.0
0.08989
0.0
0.0
1.0
0.883736
1.0
0.690916
1.0
1.0

0.800855
0.27883
0.161466
0.056881
0.237813
0.041193
-0.109044
-0.183979
0.092821
0.0
0.0
0.0
0.0
0.0
0.744835
1.0
1.0
0.575458
1.0
0.999487

