8
Left

0.93771
0.489762
0.326037
0.158459
-1.262659
1.0
0.96696
0.0
0.0
0.0
0.0
0.502784
0.716703
0.716703
0.045934
0.0
0.0
0.0
0.0
0.0

0.597511
0.580754
0.45555
0.277421
-1.006389
1.0
0.296337
0.0
0.0
0.0
0.0
0.509817
0.521392
0.521392
0.066154
0.0
0.0
0.0
0.0
0.0

0.790177
0.523757
0.403665
0.065056
-1.22922
1.0
0.484615
0.0
0.009597
0.0
0.0
0.401245
0.622637
0.622637
0.049451
0.0
0.0
-0.034098
0.0
0.0

0.075943
-0.184454
0.115238
0.065056
-0.31577
1.0
0.05033
0.469963
0.061758
0.0
0.00696
0.176337
1.0
0.586886
-0.041798
0.0
0.013993
-0.056392
0.0
0.0

0.712226
0.545196
0.088153
0.272737
-0.328847
1.0
0.296337
0.147619
-0.058638
0.0
0.0
0.385128
0.665421
0.772674
0.180879
0.0
0.0
-0.047329
0.01663
0.0

0.534579
0.489762
-0.054233
0.316634
-0.312275
1.0
1.0
0.127106
0.0274
0.065568
0.0
0.775897
0.248132
0.136923
-0.020103
0.014579
0.01663
-0.046086
0.0
0.0

0.96443
-0.030955
-0.040798
0.007492
-0.303386
1.0
0.606227
0.609744
0.166137
0.0
0.0
0.502784
0.998315
0.999707
0.086374
0.0
0.0
-0.067551
0.0
0.0

0.852794
0.064324
-0.163449
0.234517
-0.346812
1.0
0.710256
0.065861
0.041832
0.0
0.034799
0.502198
0.521392
0.928278
0.637875
0.0
0.018388
0.019267
0.0
0.0

0.76739
-0.058191
-0.074702
0.241253
-0.895529
1.0
0.484615
0.693846
0.041245
0.0
0.0
0.641978
1.0
0.853114
0.591575
0.0
0.014579
0.0
0.0
0.0

0.84016
-0.058191
-0.032112
-0.333144
-0.346812
1.0
0.633626
0.0
0.145861
0.034799
0.0
0.509817
0.586886
0.936777
0.493993
0.017509
0.017216
0.0
0.0
0.0

0.675952
1.322265
0.0
0.241253
-0.665307
1.0
0.606227
0.218828
0.0
0.0
0.0
0.766813
1.0
0.998315
0.078169
0.0
0.007253
-0.152072
0.0
0.0

0.937744
-0.184454
0.167251
0.01349
-0.740499
0.946089
0.576337
0.047692
0.161538
0.065568
0.165641
0.400806
0.780879
1.0
-0.041798
0.017216
0.0
-0.073329
0.0
0.0

0.852794
-0.13201
0.234487
0.091715
-0.816025
1.0
0.05033
0.516557
0.024249
0.0
0.0
0.356557
0.248132
0.442711
0.022491
0.0
0.0
0.0
0.0
0.0

0.579698
0.580754
5.8e-05
0.309977
-0.274428
1.0
0.768571
0.218828
0.042418
0.0
0.0
0.702637
1.0
1.0
0.443736
0.0
0.029524
0.219414
0.0
0.0

0.736114
0.311727
0.403665
0.618156
-0.335874
1.0
0.814286
0.072308
0.0
0.0
0.0
0.284762
0.581612
0.936777
0.161685
0.017216
0.00696
0.0
0.014872
0.0

0.695624
0.580754
-0.055092
0.184742
-0.323996
1.0
0.202125
0.469963
0.0
0.0
0.0
0.511282
0.712894
0.644322
0.253114
0.0
0.0
-0.076436
0.014872
0.0

0.803536
0.233295
0.167251
0.280855
-0.346812
1.0
1.0
0.0
0.0
0.0
0.0
1.0
0.605934
0.999707
0.273187
0.0
0.004908
0.0
0.0
0.0

0.291495
-0.029575
0.009163
0.241253
-0.36157
1.0
0.713187
0.693846
0.061758
0.0
0.0
0.34674
0.850623
0.442711
0.144396
0.0
0.025128
0.0
0.0
0.0

