a
Left

-0.972909
0.0
0.0
0.0
0.0
0.0
-0.112491
0.219732
1.0
1.0
1.0
1.0
1.0
1.0
1.0
1.0
1.0
1.0
1.0
1.0

-0.791776
0.0
0.0
0.0
0.0
0.0
-0.115563
0.003701
1.0
1.0
1.0
1.0
1.0
1.0
1.0
1.0
1.0
1.0
1.0
1.0

-1.031081
0.0
0.0
0.0
0.0
0.387948
0.0
0.056777
1.0
1.0
1.0
1.0
1.0
1.0
1.0
1.0
1.0
1.0
1.0
1.0

-0.399153
0.0
0.0
0.0
0.0
0.0
-0.142246
0.135683
1.0
1.0
1.0
1.0
0.998022
1.0
1.0
1.0
1.0
1.0
0.999194
0.997729

0.015399
-0.000263
0.0
0.0
0.0
0.0
-0.323479
0.0
1.0
1.0
1.0
1.0
1.0
0.998315
1.0
1.0
1.0
1.0
1.0
1.0

0.417735
0.0
0.0
0.0
0.0
0.0
-0.223587
-0.02713
1.0
1.0
1.0
1.0
1.0
1.0
1.0
1.0
1.0
1.0
0.999487
1.0

0.663291
0.0
0.0
0.0
0.064498
0.0
0.0
-0.108167
1.0
1.0
1.0
1.0
0.998022
0.998608
1.0
1.0
0.961392
0.997143
0.678901
1.0

-0.054913
0.0
0.0
0.0
0.0
0.0
-0.324097
-0.049885
1.0
1.0
1.0
1.0
0.99978
0.998022
1.0
0.999487
1.0
0.997143
1.0
1.0

-0.117054
0.0
0.0
0.0
0.0
0.387948
-0.093202
0.135683
1.0
1.0
1.0
1.0
1.0
1.0
1.0
1.0
1.0
1.0
1.0
1.0

-0.403457
0.0
0.0
0.0
0.0
0.0
-0.023783
0.232565
1.0
0.99978
1.0
1.0
0.99978
1.0
1.0
1.0
1.0
1.0
0.821612
1.0

0.71356
0.0
0.0
0.0
0.0
0.0
-0.306216
0.007839
0.99978
1.0
1.0
1.0
0.998608
0.99978
1.0
1.0
1.0
1.0
1.0
1.0

0.37841
0.0
0.0
0.0
0.042329
0.304096
-0.301092
-0.1875
1.0
1.0
1.0
1.0
1.0
1.0
1.0
1.0
0.999194
1.0
0.99978
0.997729

0.592547
0.0
0.0
0.0
0.0
0.0
0.0
0.135683
1.0
1.0
1.0
1.0
0.998608
0.99978
1.0
1.0
1.0
0.997143
1.0
1.0

0.417735
-0.00012
0.0
0.0
0.0
0.077292
-0.156116
0.282487
1.0
1.0
0.936996
1.0
1.0
1.0
1.0
1.0
1.0
1.0
1.0
0.998901

0.705506
0.0
0.0
0.0
0.0
0.0
-0.255128
0.0
1.0
1.0
1.0
1.0
0.998315
0.998022
1.0
1.0
1.0
1.0
0.997729
1.0

0.495842
0.0
0.0
0.0
0.020156
0.060642
0.017509
-0.051273
1.0
1.0
1.0
1.0
1.0
1.0
1.0
1.0
1.0
0.978242
0.999194
0.629084

0.791266
-0.000263
0.0
0.0
0.0
0.077292
-0.172953
-0.061944
0.550843
1.0
1.0
1.0
0.998608
1.0
1.0
1.0
0.961392
1.0
1.0
0.998901

0.475088
0.0
0.0
0.0
0.002283
0.0
-0.298035
0.143122
0.999487
1.0
1.0
1.0
0.998022
1.0
1.0
1.0
0.999194
1.0
1.0
1.0

