bent_1
Left

0.910739
0.069592
0.0
0.0
0.080824
0.673909
0.0
0.0
0.515385
0.254286
0.254286
1.0
1.0
1.0
1.0
1.0
1.0
0.928864
1.0
1.0

0.899732
0.100825
0.0
0.0
0.054577
1.0
0.183077
0.0
0.202047
1.0
1.0
1.0
1.0
1.0
1.0
1.0
1.0
0.941758
1.0
1.0

0.952725
0.260976
0.0
0.0
0.10557
1.0
0.070256
0.0
0.150549
1.0
1.0
1.0
1.0
1.0
1.0
1.0
1.0
0.792894
1.0
1.0

0.773288
0.069592
-0.01344
0.0
0.324574
0.673909
1.0
1.0
0.048662
0.41663
1.0
0.831282
1.0
0.998608
0.961978
1.0
1.0
0.595385
1.0
1.0

0.753626
0.149506
-0.109643
0.0
0.048773
1.0
1.0
0.655458
0.31641
0.349817
1.0
0.966081
1.0
1.0
1.0
1.0
1.0
0.999707
1.0
0.99978

0.135397
0.245448
-0.088361
0.0
0.0
1.0
0.247106
1.0
0.090183
0.99978
0.99978
1.0
1.0
1.0
0.839634
1.0
1.0
0.998022
1.0
1.0

0.573601
0.245448
0.0
0.0
0.516584
1.0
0.393773
0.502784
0.084714
0.41663
0.618974
1.0
1.0
1.0
1.0
1.0
1.0
0.278608
1.0
0.999487

0.766881
0.295876
-0.528834
0.0
0.130824
1.0
0.219707
0.080513
0.141162
1.0
1.0
0.824542
1.0
1.0
0.787912
1.0
1.0
0.904103
1.0
1.0

0.722752
0.293491
-0.029927
0.0
0.970401
1.0
0.26337
0.015165
0.013407
0.728718
1.0
0.785421
1.0
1.0
1.0
1.0
1.0
0.402125
1.0
0.999487

0.807759
0.245448
0.0
0.0
0.039529
1.0
1.0
0.924469
0.3
1.0
0.399341
0.901612
1.0
1.0
1.0
1.0
0.999487
1.0
1.0
1.0

0.910739
0.352997
0.0
0.0
0.015276
0.863738
0.774139
1.0
0.202047
1.0
0.507766
0.707619
0.998608
1.0
0.839634
1.0
1.0
1.0
1.0
0.998901

0.794852
0.208059
-0.271303
0.0
0.000251
1.0
0.303223
0.48022
0.060405
1.0
0.99978
1.0
1.0
0.998608
1.0
1.0
1.0
1.0
1.0
0.999487

0.519248
0.235138
0.0
0.089958
0.130824
1.0
0.705275
0.164029
0.032747
1.0
0.721685
1.0
1.0
0.998022
1.0
0.999487
1.0
0.877289
1.0
1.0

0.135397
0.221859
-0.01344
0.0
0.095144
0.806224
0.94967
1.0
0.262784
0.653407
1.0
1.0
1.0
1.0
1.0
1.0
1.0
0.519194
0.999194
1.0

0.848931
-0.757131
0.0
0.0
0.004022
1.0
0.52359
0.122418
0.3
1.0
0.653407
0.831282
1.0
0.671429
1.0
1.0
1.0
0.555531
0.997729
0.999487

0.899732
0.067143
-0.226052
0.0
0.002221
1.0
0.247106
0.312161
0.30967
1.0
1.0
1.0
1.0
1.0
0.861758
1.0
1.0
0.998022
0.998901
1.0

0.931269
-0.131031
0.0
0.0
0.449885
0.756297
0.621172
1.0
0.364469
1.0
1.0
1.0
1.0
1.0
1.0
1.0
1.0
0.959048
1.0
1.0

0.519248
0.358302
0.123675
0.0
0.272942
0.928299
0.808718
0.164029
0.152308
1.0
0.399341
0.707033
1.0
1.0
0.784396
1.0
1.0
1.0
1.0
1.0

