bent_l
Left

-0.39219
0.573687
0.0
0.0
0.0
0.0
-0.134343
-0.092361
0.263956
0.565202
0.565202
1.0
1.0
1.0
1.0
1.0
1.0
1.0
1.0
1.0

-0.238933
0.388945
0.0
0.0
0.0
0.0
-0.027157
-0.053474
0.467619
0.527985
0.527985
1.0
1.0
1.0
1.0
1.0
1.0
1.0
1.0
1.0

0.199549
0.183358
0.0
0.0
0.0
0.003334
0.0
0.0
0.75348
0.649744
0.649744
1.0
1.0
1.0
1.0
1.0
1.0
1.0
1.0
1.0

0.788601
-0.133571
0.037385
-0.2123
0.0
0.163125
-0.033114
-0.036029
-0.040272
1.0
1.0
1.0
0.998022
1.0
0.81663
1.0
1.0
1.0
1.0
0.874652

0.231259
0.555042
0.0
0.476857
0.0
0.0
-0.28865
0.0
0.281392
0.283297
1.0
1.0
0.998608
1.0
1.0
1.0
1.0
0.433919
1.0
1.0

0.364387
0.111348
0.0
0.0
0.074026
0.0
0.014002
-0.05934
0.156996
0.955238
1.0
0.864689
1.0
0.998608
0.86
1.0
1.0
0.998022
0.690916
1.0

1.0
0.3503
-0.545616
0.037855
0.0
0.0
-0.027157
0.448278
0.08989
1.0
0.313773
0.533114
0.998022
0.998315
1.0
1.0
1.0
1.0
0.986593
0.999194

0.784666
-0.043606
0.0
-0.082372
0.0
0.0
-0.246404
0.0
0.75348
0.955238
1.0
0.795531
0.99978
1.0
1.0
0.649744
1.0
0.27304
1.0
1.0

0.460096
-0.23189
0.0
0.181387
-0.122682
0.373931
-0.172029
0.0
0.208571
1.0
0.210183
0.868791
1.0
0.999194
1.0
1.0
1.0
0.281245
1.0
0.704396

-0.238933
-0.094085
0.0
0.0
0.00217
0.0
-0.072484
-0.066052
0.072601
1.0
1.0
1.0
0.998608
1.0
1.0
0.999194
1.0
0.988718
1.0
1.0

-0.39219
0.167462
0.0
-0.2123
0.0
0.0
-0.28865
-0.053474
0.091062
1.0
1.0
0.820733
1.0
0.999194
1.0
1.0
1.0
1.0
1.0
1.0

-0.29213
0.293563
0.0
0.273249
0.0
0.0
-0.014469
0.0
0.330769
1.0
0.955238
0.492234
1.0
1.0
1.0
1.0
1.0
1.0
0.986593
1.0

0.942364
-0.189755
0.0
0.0
-0.396667
0.0
0.0
-0.053885
0.0
1.0
1.0
1.0
1.0
1.0
0.574286
1.0
1.0
0.998022
0.767106
1.0

0.632159
-0.024759
0.0
0.0
0.0
0.0
0.118022
0.001685
0.091062
0.955238
1.0
0.795531
0.998608
1.0
1.0
0.875824
1.0
1.0
1.0
1.0

0.498421
0.3503
0.037385
-0.086269
0.01804
0.0
0.0
0.448278
0.261612
1.0
0.438608
1.0
0.99978
1.0
1.0
1.0
0.999487
1.0
1.0
1.0

0.942364
-0.043606
0.443256
0.037855
0.0
0.24506
0.0
0.047439
0.330769
1.0
1.0
0.868791
1.0
1.0
0.972088
0.825714
0.649744
0.908059
1.0
1.0

0.877717
-0.062543
-0.322943
0.014002
0.005152
0.0
0.025714
-0.148398
0.0
0.630256
0.283297
1.0
1.0
0.940586
1.0
1.0
0.815311
1.0
1.0
0.850476

-0.049445
-0.052889
0.0
0.210912
0.00217
0.007036
-0.078379
0.0
0.358608
0.99978
0.157289
1.0
1.0
0.810183
1.0
1.0
1.0
0.700293
1.0
1.0

