bent_v
Left

0.875746
0.56541
-0.123967
0.0
0.098595
1.0
1.0
0.0
0.191033
0.847985
0.847985
0.22967
1.0
1.0
1.0
1.0
1.0
0.886374
1.0
1.0

0.869479
0.465133
-0.167462
0.0
0.072139
1.0
1.0
0.0
0.227049
0.861758
0.861758
0.0
0.625861
0.625861
1.0
1.0
1.0
0.932528
1.0
1.0

-0.041815
0.546008
-0.100009
0.0
0.14012
1.0
1.0
0.0
0.257509
0.875824
0.875824
0.0
0.813553
0.813553
1.0
1.0
1.0
0.884908
1.0
1.0

0.508912
0.405865
-0.245641
0.053843
0.151517
1.0
0.736923
0.057656
0.044176
1.0
1.0
0.0
0.598022
0.998315
0.587473
0.935458
1.0
0.865568
1.0
0.999487

0.616839
0.456786
-0.203195
0.108585
0.352312
1.0
1.0
0.0
0.073989
0.574872
1.0
-0.027617
0.449451
1.0
1.0
1.0
1.0
0.710696
1.0
0.998901

0.600097
0.150171
-0.100009
-0.117705
0.239132
1.0
1.0
0.039487
0.00782
0.99978
1.0
0.003324
0.804322
0.60652
0.624249
1.0
1.0
0.609597
1.0
1.0

0.137498
0.273663
-0.032611
0.0
0.297887
1.0
1.0
1.0
0.045641
1.0
1.0
-0.11927
0.709963
0.47685
0.851209
1.0
1.0
0.559048
1.0
1.0

0.616839
0.4139
0.236161
0.022625
0.430605
1.0
0.365934
0.077582
0.191033
1.0
0.770037
-0.042592
0.896337
0.998608
0.870256
0.907766
1.0
0.742637
1.0
1.0

0.180833
0.334227
0.333772
0.0
0.0
1.0
1.0
0.417949
-0.047035
0.677436
1.0
0.0
1.0
0.998315
0.897216
1.0
1.0
0.754799
1.0
0.889597

0.283732
0.4139
-0.245641
-0.048657
0.358842
1.0
1.0
0.16022
0.21825
1.0
1.0
-0.042592
0.897802
0.921538
1.0
1.0
1.0
1.0
0.848278
1.0

0.180833
0.140916
-0.695112
0.108585
0.0
1.0
1.0
0.077582
0.054419
1.0
1.0
-0.0337
0.896337
0.869377
0.963443
1.0
1.0
0.907326
0.781758
1.0

0.395611
0.334227
-0.368849
0.209504
0.250196
1.0
1.0
0.0
0.232699
1.0
1.0
0.106886
0.376923
1.0
0.681245
1.0
1.0
0.559048
1.0
1.0

0.17441
0.83055
-0.169785
-0.016731
0.0
1.0
1.0
0.185714
0.275092
0.574872
1.0
0.0
0.810769
0.722857
0.707033
1.0
1.0
0.573407
0.99978
1.0

0.58256
0.273663
-0.455472
0.0006
0.137144
1.0
1.0
0.813114
0.005922
1.0
0.99978
0.0
0.66718
0.66718
1.0
1.0
1.0
0.711722
1.0
1.0

0.508963
0.613474
-0.247572
0.003385
0.452899
1.0
0.249304
1.0
0.132985
0.753333
0.99978
0.036557
0.376923
1.0
1.0
1.0
0.999487
0.696777
1.0
0.999194

0.540377
0.669433
-0.130814
0.169882
0.114624
1.0
1.0
1.0
0.0
0.861758
1.0
0.0
0.722857
0.96696
0.624249
1.0
1.0
1.0
0.999487
0.998901

0.58256
0.546008
-0.296992
0.0
0.0
1.0
0.421758
1.0
0.0
1.0
1.0
0.003324
0.729304
0.999414
0.963443
1.0
1.0
0.884908
0.99978
0.997729

0.616839
0.329134
-0.491763
0.04321
0.719786
1.0
1.0
0.0
0.00782
1.0
0.770037
0.106886
1.0
0.998022
1.0
1.0
1.0
0.725495
1.0
1.0

