closed_b
Left

-0.020778
0.381383
0.17945
0.063271
0.265441
1.0
1.0
0.0
-0.012225
0.0
0.0
0.0
0.0
0.0
0.017216
0.0
0.0
0.063223
0.0
0.0

-0.039043
0.688159
0.343762
0.089714
0.195435
1.0
1.0
0.117143
-0.016246
0.0
0.0
0.0
0.0
0.0
0.0
0.0
0.0
0.032454
0.0
0.0

0.440777
0.420766
0.188725
0.059537
0.237844
1.0
1.0
0.092234
0.0
0.0
0.0
0.0
0.0
0.0
0.0
0.0
0.0
0.023077
0.0
0.0

0.007602
-0.218076
-0.018238
0.404883
0.078692
1.0
1.0
0.018681
0.017216
0.0
0.0
0.015165
0.0
0.0
0.0
0.0
0.0
0.0
0.0
0.0

0.54101
-0.054429
0.057451
0.266457
0.197504
1.0
1.0
0.002564
0.0
0.0
0.0
0.0
0.0
0.0
0.0
0.0
0.0
0.0
0.0
0.0

0.30952
-0.065634
0.029838
0.215715
0.206595
1.0
1.0
0.041538
0.0
0.0
0.0
0.035971
0.0
0.0
0.0
0.0
0.0
0.0
0.0
0.0

1.0
0.092723
0.111992
0.227525
0.321141
1.0
1.0
0.0
0.003736
0.0
0.0
0.087253
0.0
0.0
0.0
0.0
0.0
0.039194
0.0
0.0

0.101473
0.031043
-0.095227
0.120039
0.240193
1.0
1.0
0.363297
0.031575
0.0
0.0
0.0
0.0
0.0
0.0
0.0
0.0
0.017802
0.0
0.0

0.260656
0.688159
-0.138426
0.456222
0.212845
1.0
1.0
0.018681
-0.052419
0.0
0.0
0.0
0.0
0.0
0.006667
0.0
0.0
0.0
0.0
0.0

0.457051
-0.148845
-0.026798
0.121655
0.176794
1.0
1.0
0.000513
0.003736
0.0
0.0
0.182491
0.0
0.0
0.0
0.0
0.0
0.008425
0.0
0.0

0.190364
-0.218076
0.040434
0.091405
0.297608
1.0
1.0
0.047399
0.0
0.0
0.0
0.0
0.0
0.0
0.0
0.0
0.0
0.021026
0.0
0.0

0.049554
0.407145
0.668073
0.215715
0.180654
1.0
1.0
0.117143
-0.003727
0.0
0.0
0.0
0.0
0.0
0.0
0.0
0.0
0.0
0.0
0.0

1.0
0.420766
-0.266615
-0.050251
0.187747
1.0
0.980147
0.018388
0.0
0.0
0.0
0.0
0.0
0.0
0.231944
0.0
0.0
0.053846
0.0
0.0

0.457051
-0.249305
-0.291338
0.394499
0.465973
1.0
1.0
0.03304
0.0
0.0
0.0
0.080513
0.0
0.0
0.034212
0.0
0.0
0.0
0.0
0.0

0.493906
-0.128321
-0.026779
0.091405
0.19977
1.0
0.636703
0.006667
0.0
0.0
0.007839
0.0
0.0
0.0
0.052381
0.0
0.0
0.032454
0.0
0.0

0.554619
-0.053113
0.129264
0.235699
0.171568
1.0
0.815458
0.091941
0.010476
0.0
0.0
0.0
0.0
0.0
0.0
0.0
0.0
0.034212
0.0
0.0

0.345306
-0.104047
-0.014402
0.324362
0.193155
1.0
1.0
0.17707
0.0
0.0
0.0
0.0
0.0
0.0
-0.010737
0.0
0.0
0.0
0.0
0.0

0.286433
-0.159081
0.080292
0.404883
0.338578
1.0
1.0
0.03304
0.0
0.0
0.0
0.0
0.0
0.0
0.231944
0.0
0.0
0.063223
0.0
0.010183

