curved_5
Left

0.311241
-0.344738
-0.245023
-0.166564
-0.621722
1.0
0.706154
0.0
0.261612
0.958169
0.958169
0.08989
0.88989
0.88989
0.08696
0.959634
0.959634
0.16315
0.491648
0.491648

0.371421
-0.254598
-0.250027
-0.342378
-1.057326
1.0
0.300293
0.0
0.066154
0.986887
0.986887
0.0
0.809597
0.809597
0.0
0.595092
0.595092
0.1863
0.321685
0.321685

0.231496
-0.148908
0.024807
-0.22567
-0.914486
1.0
0.479634
0.0
0.019853
0.723004
0.723004
0.0
0.749231
0.749231
0.0
0.94989
0.94989
0.162857
0.428059
0.428059

0.762054
0.340392
0.022447
-0.535422
-1.011222
0.653384
0.212821
0.273333
0.0
0.258974
0.258681
-0.193096
0.397582
0.273919
0.0
0.78
0.328132
0.17663
0.326667
0.057363

0.703828
0.055393
0.017387
-0.282701
-0.727733
1.0
0.05707
0.0
0.0
0.278901
0.22293
0.003443
0.801685
0.474945
0.0
0.783223
0.718462
0.052674
0.013993
0.176337

0.791224
0.163294
0.03145
-0.026943
0.090139
0.782409
0.211502
0.0
-0.050083
0.99033
0.614725
0.0
0.176044
0.302051
0.005495
0.999194
0.755385
0.731941
0.482857
0.205348

0.813632
0.356049
-0.151458
-0.43409
-1.057326
0.653384
0.343663
0.0
0.006081
0.158315
0.83348
0.016337
0.600952
0.619267
0.18637
0.999194
0.233187
0.069963
0.491648
0.227912

0.835856
0.204974
-0.381472
-0.330427
-0.610097
0.734473
0.009597
0.140586
0.0
0.278901
0.392308
0.008718
0.481392
0.474945
0.054139
0.562857
0.595092
0.218535
0.062637
0.165201

0.877299
0.278186
0.120157
-0.095872
-0.229828
1.0
0.242564
0.0
0.0
0.552601
0.464396
0.0
0.51304
0.809597
0.0
0.587473
1.0
0.313773
0.67978
0.382051

0.97265
0.442526
0.148087
-0.317441
-0.250473
0.800284
0.061465
0.0
0.06293
0.278901
0.903224
0.0
0.681538
0.279634
0.0
0.082857
0.999194
0.068498
0.0
0.028645

0.978116
-0.148908
0.14816
-0.354313
-0.566252
1.0
0.554359
0.212674
0.025714
0.148498
0.464835
0.08989
0.44359
0.320806
0.054139
1.0
0.993114
0.044762
0.023077
0.279194

0.782674
0.378963
0.096493
-0.120028
0.219087
0.811077
1.0
0.273333
0.001392
0.307326
0.22293
0.030696
0.144103
0.600952
0.138828
1.0
0.595092
0.04359
0.129744
0.482857

0.762054
0.399924
0.11302
-0.113226
-1.192626
0.966087
0.745568
0.0
0.261612
0.464396
0.148498
-0.021179
0.30967
0.242271
0.0
0.666007
1.0
0.040952
0.003736
0.189817

0.948575
-1.199657
-0.423889
-0.287551
-0.249107
1.0
0.842125
0.212674
0.0
0.958169
0.67011
0.0
0.279634
0.279634
0.0
0.291795
1.0
0.084322
0.126227
0.394359

0.771728
0.314792
-0.426679
-0.157529
-0.405216
0.782409
0.300293
0.426593
0.0
0.158315
0.584689
-0.039343
0.438608
0.507619
-0.010995
0.324615
0.189084
0.007839
0.047399
0.279194

1.0
0.252021
0.056597
0.031465
-0.053867
1.0
0.480073
1.0
0.0
0.448864
0.88989
0.0
0.509231
0.144103
-0.057707
0.587473
0.959634
0.371062
0.129744
0.059414

0.807307
0.33883
-0.245023
-0.124265
-0.914486
1.0
0.24989
0.009304
0.0
0.046227
1.0
0.0
0.327839
0.268791
0.0
1.0
1.0
0.394213
0.544689
0.15348

0.790977
0.56465
0.098818
-0.095872
-0.621722
0.51797
0.657656
0.0
0.393626
0.148498
0.148498
-0.039343
0.504835
0.44359
0.0
0.233187
0.684176
0.003443
0.057363
1.0

