curved_4
Left

0.7321
0.397339
0.364333
0.323007
0.006462
1.0
1.0
1.0
0.417509
0.770623
0.770623
0.103956
0.751282
0.751282
0.396996
1.0
1.0
0.122711
0.876117
0.876117

0.640074
0.446077
0.312517
0.073647
-0.307408
1.0
1.0
1.0
0.223517
1.0
1.0
-0.158042
1.0
1.0
0.022624
1.0
1.0
0.06381
0.601245
0.601245

0.63631
0.181461
0.005836
0.038058
-0.393603
1.0
1.0
0.903517
0.316703
1.0
1.0
0.051209
0.813407
0.813407
0.130632
1.0
1.0
0.053553
0.352161
0.352161

0.675413
0.024905
-0.023155
-0.029829
0.751114
1.0
1.0
0.966667
0.065275
1.0
0.499267
0.022579
0.651502
0.943663
-0.03646
0.5737
0.911575
0.04652
0.064982
0.482857

0.797594
0.621372
-0.068014
-0.33564
0.747635
1.0
1.0
0.570183
-0.02431
1.0
1.0
-0.272542
0.480806
1.0
0.0
0.702637
1.0
0.033333
0.118022
1.0

-0.537536
0.294505
-0.214946
-0.067574
-0.304737
1.0
1.0
1.0
0.039194
1.0
1.0
0.0
0.818095
0.068205
0.02044
1.0
0.702637
-0.00123
0.72022
0.38381

-0.767045
0.158371
-0.093034
-0.502808
-0.191118
1.0
1.0
1.0
-0.165218
1.0
1.0
-0.078681
0.147033
0.998022
-0.037603
0.663077
0.6537
0.026593
0.174286
0.150549

0.455809
0.343584
-0.079082
-0.632238
-0.220986
1.0
1.0
0.670696
-0.106728
1.0
0.472601
-0.140297
0.818095
0.659561
0.480513
0.772967
1.0
0.089597
0.038315
0.184249

0.756492
0.294505
-0.154362
-0.250337
-0.466378
1.0
1.0
1.0
0.03266
0.45707
1.0
-0.192353
0.99978
0.813407
-0.150527
1.0
0.999194
0.045348
0.392308
0.265128

0.569165
0.577979
-0.093034
-0.228043
-0.42635
1.0
1.0
0.0
-0.10647
1.0
0.472601
-0.310045
0.35011
0.258095
-0.185061
0.574579
0.765934
0.026593
0.417802
1.0

0.675413
0.621372
-0.302104
-0.502808
-0.495126
1.0
1.0
1.0
0.053855
1.0
1.0
-0.130722
0.910256
0.350256
-0.242442
1.0
1.0
0.0
0.18718
0.199341

0.54485
0.307926
0.22063
-0.137525
-0.378448
1.0
1.0
0.292381
-0.115271
0.45707
0.753773
-0.136535
1.0
0.943663
-0.080521
0.702637
1.0
0.06381
0.305568
0.830989

0.341608
0.181461
-0.208644
-0.287087
-0.642301
1.0
1.0
0.670696
-0.147189
0.99978
1.0
-0.199111
0.618828
0.910256
-0.150527
0.524469
0.62381
0.023956
0.0
0.750696

0.569165
0.332534
0.056683
-0.343048
-0.343978
1.0
1.0
1.0
0.140586
1.0
0.760952
-0.212351
0.659561
0.35011
0.02044
1.0
0.894286
0.181319
0.379414
0.699414

0.54485
0.297021
-0.241044
0.030161
-0.073403
1.0
1.0
0.278022
-0.055771
1.0
1.0
-0.34229
1.0
0.90044
-0.084868
0.011062
1.0
0.132088
0.0
0.0

0.63631
0.467665
-0.023155
-0.115951
-0.051869
1.0
1.0
0.648718
-0.054485
0.976337
1.0
-0.199111
0.618828
0.910256
-0.242442
1.0
0.574579
0.0
0.664249
0.0

0.950782
-0.001398
0.268154
-0.632238
-0.214923
1.0
1.0
1.0
0.0
0.99978
1.0
-0.186643
0.651502
0.363004
-0.037603
1.0
0.509377
0.045348
0.269231
0.166374

-0.537536
0.32911
-0.068014
0.152531
0.494503
1.0
1.0
1.0
-0.027672
1.0
0.45707
0.346593
0.999414
0.391136
-0.173697
0.744835
1.0
0.003443
0.0
0.265128

