curved_1
Left

0.441637
0.87433
0.0
0.008814
0.150297
1.0
1.0
0.0
0.067912
0.485202
0.485202
1.0
1.0
1.0
0.952015
1.0
1.0
0.659854
0.69326
0.69326

1.0
0.752451
0.0
0.0
0.106964
1.0
1.0
0.08696
0.268645
0.559634
0.559634
1.0
1.0
1.0
1.0
1.0
1.0
0.775311
1.0
1.0

1.0
0.5633
0.0
0.0
0.126749
1.0
1.0
0.246667
0.43978
0.945275
0.945275
1.0
1.0
1.0
1.0
1.0
1.0
0.895311
1.0
1.0

0.555492
0.138634
0.0
-0.150048
0.0
1.0
0.843297
0.405495
0.221087
0.650769
0.72989
1.0
1.0
0.998608
1.0
1.0
1.0
0.800366
1.0
1.0

0.798491
-0.248956
0.0
0.0
0.037846
1.0
0.632601
0.247839
0.268645
0.659121
0.119194
1.0
1.0
0.998022
0.638755
1.0
1.0
0.422637
1.0
1.0

1.0
-0.074229
0.0
0.0
0.044343
1.0
0.735165
0.165495
0.26674
0.831282
0.659121
1.0
0.99978
1.0
0.89956
0.523883
1.0
0.560366
1.0
1.0

0.853875
-0.146284
0.0
0.0
0.167381
1.0
1.0
0.284762
0.049744
0.738388
0.646081
1.0
1.0
1.0
0.814432
1.0
1.0
1.0
1.0
0.129744

1.0
-0.159433
-0.057268
0.0
0.0
1.0
1.0
1.0
0.17663
0.535897
0.659121
0.863223
0.998608
1.0
0.638755
1.0
1.0
0.894286
1.0
0.998901

0.441637
-0.180487
-0.368603
0.0
-0.270979
1.0
1.0
0.226447
0.391868
0.489304
0.33033
1.0
0.998608
1.0
0.773846
1.0
1.0
0.834213
0.580586
1.0

0.992124
0.536246
0.0
0.610767
0.055399
1.0
1.0
0.46381
0.468791
0.874066
0.318755
1.0
1.0
1.0
1.0
1.0
1.0
0.472601
0.998901
1.0

0.941831
0.336553
-0.644766
0.0
0.126329
1.0
1.0
0.469231
0.314652
0.098388
0.488718
0.237943
1.0
1.0
1.0
1.0
1.0
0.368278
1.0
1.0

1.0
0.752451
0.0
0.0
0.531478
0.876963
0.627619
0.714506
0.549817
0.485202
0.290623
1.0
0.998315
0.998315
1.0
1.0
1.0
1.0
1.0
1.0

0.558619
-0.230919
-0.057268
0.0
-0.324598
1.0
0.689744
1.0
0.221087
0.71641
0.290623
0.785861
1.0
1.0
1.0
1.0
1.0
0.358608
1.0
1.0

1.0
0.231898
0.0
0.0
-0.815111
1.0
1.0
0.452381
0.173523
0.318755
0.134725
0.799927
1.0
1.0
0.952015
1.0
1.0
0.752161
1.0
1.0

0.574184
0.536246
-0.368603
0.0
0.150297
1.0
0.735165
1.0
-0.080378
0.485202
0.552601
0.858681
0.99978
0.998315
1.0
1.0
1.0
1.0
0.999487
1.0

0.441637
-0.107263
-0.009015
0.0
-0.118384
1.0
0.944103
1.0
-0.080378
0.245788
0.33033
0.976923
0.998608
1.0
1.0
1.0
1.0
0.431575
0.998901
1.0

0.983107
0.277238
0.0
-0.004325
0.037846
1.0
1.0
1.0
0.109231
0.805495
0.738388
1.0
1.0
0.998608
1.0
1.0
1.0
0.656044
0.997729
1.0

0.81592
0.045384
0.0
0.0
0.179026
1.0
0.632601
0.284762
0.344982
0.71641
0.234945
0.825128
0.998608
1.0
1.0
1.0
1.0
0.659854
1.0
1.0

