e
Left

0.217713
-0.382738
0.030954
-0.031833
-0.016201
1.0
1.0
1.0
0.008425
1.0
1.0
0.058242
1.0
1.0
0.324029
1.0
1.0
0.102491
1.0
1.0

0.218517
-0.168607
-0.052738
-0.035899
0.046308
1.0
1.0
1.0
0.005788
1.0
1.0
0.080513
1.0
1.0
0.447399
1.0
1.0
0.144249
1.0
1.0

0.303655
0.015355
-0.076811
-0.014492
0.014767
1.0
1.0
1.0
0.006667
1.0
1.0
0.06967
1.0
1.0
0.419267
1.0
1.0
0.154945
1.0
1.0

-0.565644
-0.066705
-0.124645
-0.043283
-0.519399
1.0
1.0
1.0
0.058754
1.0
1.0
0.0
0.998608
0.872894
0.147619
1.0
1.0
0.092234
1.0
0.668645

0.093952
0.152149
0.070487
0.03701
0.014767
1.0
1.0
1.0
-0.065434
1.0
1.0
0.058242
1.0
1.0
0.083607
1.0
1.0
0.064396
1.0
1.0

1.0
0.014537
-0.368342
-0.240308
-0.022026
1.0
1.0
0.977326
-0.051125
1.0
1.0
-0.06339
0.867326
1.0
0.059521
0.945568
1.0
0.070549
1.0
0.396996

0.315383
0.11725
-0.215523
0.080083
0.006256
0.924958
1.0
1.0
-0.134008
1.0
1.0
-0.144252
0.998608
0.987692
-0.098443
1.0
0.999194
0.013645
1.0
1.0

0.832216
0.326642
-0.103764
-0.035899
0.046783
1.0
1.0
1.0
-0.168144
1.0
1.0
-0.021803
0.999487
1.0
0.055782
0.51304
1.0
0.031868
0.530476
1.0

1.0
0.076209
0.070487
0.001377
0.058242
1.0
1.0
1.0
-0.065434
1.0
0.99978
-0.076242
0.99978
0.872894
0.038901
1.0
0.652967
0.067033
0.692381
0.692381

-0.460541
0.059849
-0.32258
0.078309
-0.288434
1.0
1.0
1.0
-0.095543
0.99978
1.0
-0.13172
0.998608
0.998315
0.023534
1.0
0.933846
0.040659
0.748645
1.0

0.811362
0.050928
-0.318281
-0.290173
0.078361
1.0
1.0
1.0
-0.24154
1.0
1.0
0.458828
1.0
1.0
0.031537
1.0
1.0
0.062344
1.0
1.0

0.766483
0.326642
-0.148077
-0.091798
-0.005118
1.0
1.0
1.0
0.005788
1.0
1.0
0.027281
0.78674
1.0
0.055782
1.0
1.0
0.21663
1.0
1.0

0.81175
-0.196375
-0.288512
-0.109047
-0.114916
1.0
1.0
1.0
0.115798
1.0
1.0
-0.218005
1.0
1.0
0.066447
0.51304
0.945568
0.067033
1.0
1.0

0.894653
0.082664
-0.528133
-0.306838
0.048079
1.0
1.0
1.0
-0.03344
1.0
1.0
0.0
0.998608
1.0
0.0
1.0
1.0
0.016194
0.748645
1.0

-0.191473
0.084316
0.062605
-0.165391
-0.025484
1.0
1.0
1.0
-0.014948
1.0
1.0
0.027281
0.998608
1.0
0.236809
1.0
0.948791
0.159341
1.0
0.669524

-0.039722
0.326642
-0.141766
0.001377
-0.025484
0.633489
1.0
1.0
0.082831
1.0
1.0
0.181612
0.998022
1.0
-0.129896
1.0
1.0
0.041832
0.997729
1.0

0.910702
-0.09179
0.03325
-0.125024
0.078212
0.496038
1.0
1.0
-0.190423
1.0
1.0
0.027281
0.867326
1.0
0.019143
1.0
1.0
0.034799
0.341612
0.2937

0.362751
0.015355
-0.272109
-0.02126
-0.139182
1.0
1.0
1.0
-0.051125
1.0
1.0
-0.076242
1.0
0.865421
0.124322
0.652967
0.999194
0.092234
0.236117
1.0

