flat_n
Left

1.0
-0.639385
0.0
0.0
-0.256906
1.0
1.0
0.282418
0.389377
0.0
0.0
1.0
1.0
1.0
1.0
1.0
1.0
0.191575
0.095458
0.095458

1.0
-0.204468
0.0
0.0
0.18532
1.0
1.0
0.501026
0.727839
0.0
0.0
1.0
1.0
1.0
1.0
1.0
1.0
0.242564
0.021319
0.021319

1.0
-0.294492
0.0
0.0
0.28212
1.0
1.0
0.371062
0.509084
0.0
0.0
1.0
1.0
1.0
1.0
1.0
1.0
0.193626
0.079048
0.079048

0.595747
-0.00672
-0.003741
0.0
0.175495
1.0
1.0
0.110842
1.0
0.101612
0.135458
1.0
0.0
0.003443
1.0
1.0
1.0
0.68271
0.99978
0.99978

0.814951
-0.456905
-0.041255
0.0
0.29069
1.0
0.747473
0.814286
0.448278
0.055604
0.139121
1.0
0.020733
0.0
1.0
1.0
1.0
0.293407
1.0
1.0

0.769314
-0.639385
-0.175146
-0.165422
0.528625
1.0
0.272747
0.128571
0.494872
0.020733
0.0
1.0
0.10718
0.0
1.0
1.0
1.0
0.603004
1.0
1.0

1.0
-0.519226
0.0
-0.035383
0.528625
1.0
1.0
0.774725
0.940293
0.075238
0.095751
1.0
0.0
0.0
1.0
1.0
1.0
0.505275
1.0
1.0

0.83223
-0.652534
0.0
0.0
0.0
1.0
0.747473
0.062051
1.0
0.060586
0.088132
1.0
0.10718
0.031575
1.0
1.0
1.0
0.369451
1.0
1.0

0.694147
-0.307418
-0.202193
0.0
0.186169
1.0
1.0
0.725055
0.601832
0.007253
0.075238
1.0
0.030989
0.0
1.0
1.0
1.0
0.191575
1.0
1.0

-0.251891
0.0
-0.002017
0.0
0.081388
1.0
0.833626
0.741612
0.51011
0.007253
0.122418
0.625861
0.0
0.0
1.0
1.0
1.0
0.562418
1.0
1.0

0.676831
-0.009209
-0.211917
-0.086962
0.186169
1.0
0.667473
0.532088
0.544103
0.139121
0.088132
1.0
0.0
0.061172
1.0
1.0
1.0
0.603004
0.021319
0.99978

0.814951
0.0
-0.302806
0.0
0.345999
1.0
1.0
0.16022
0.601832
0.101612
0.090476
1.0
0.172234
0.04359
0.765641
1.0
1.0
0.505275
1.0
0.99978

0.956472
0.005717
-0.093967
0.0
0.0
1.0
1.0
1.0
0.784542
0.042418
0.0
1.0
0.035678
0.081685
1.0
0.999487
1.0
0.69033
0.998901
1.0

0.774924
-0.60387
-0.530803
0.0
0.207489
1.0
1.0
0.270403
0.280073
0.0
0.281538
0.854725
1.0
0.0
1.0
1.0
1.0
0.392894
1.0
0.079048

0.83223
0.054564
0.0
-0.105822
0.175495
1.0
0.358608
1.0
1.0
0.115385
0.075238
0.663077
0.015165
0.002271
0.597729
1.0
1.0
0.293407
1.0
0.999194

0.993456
-0.461539
-0.007115
0.0
0.603494
1.0
0.531795
0.081685
0.727839
0.080806
0.141905
0.942344
0.00315
0.0
0.717289
1.0
0.999194
0.735458
0.999194
0.99978

0.250901
-0.307418
0.0
0.0
0.0
1.0
0.555531
0.216191
0.940293
0.069377
0.015751
0.974359
0.061172
0.0
0.841978
1.0
0.999487
0.712601
1.0
1.0

0.774924
-0.404882
-0.095016
0.05198
0.175202
1.0
1.0
0.147033
0.566227
0.18718
0.063516
1.0
0.0
0.0
1.0
1.0
1.0
0.193626
0.997729
1.0

