flat_4
Left

0.907478
0.0
-0.054657
0.013108
0.469352
1.0
1.0
0.501026
1.0
0.0
0.0
0.931062
0.0
0.0
0.734286
0.0
0.0
0.171062
0.0
0.0

0.911847
0.0
0.0
0.008266
0.622368
1.0
1.0
0.660147
1.0
0.058242
0.058242
1.0
0.029231
0.029231
0.960073
0.011355
0.011355
0.277729
0.03978
0.03978

0.772419
0.0
0.0
0.007838
0.682629
1.0
1.0
0.726081
1.0
0.01663
0.01663
1.0
0.0
0.0
0.975824
0.0
0.0
0.300733
0.008425
0.008425

-0.903432
-0.777978
0.0
0.263064
0.551399
1.0
1.0
1.0
0.195385
0.055897
0.055311
1.0
0.0
0.066447
0.153919
0.0
0.0
0.55348
0.0
0.0

0.14101
0.0
0.0
-0.572421
-0.450443
1.0
1.0
1.0
0.749817
0.126227
0.084908
1.0
0.0
0.0
0.235238
0.0
0.0
0.631722
0.084908
0.0

0.506769
-0.96769
-0.619772
0.010831
0.085546
1.0
1.0
0.23641
0.416923
0.058535
0.0
0.325495
0.0
0.070842
1.0
0.0
0.0
0.946154
0.021319
0.0

0.723916
-0.777978
0.0
0.0
0.081237
1.0
1.0
1.0
1.0
0.055311
0.052967
1.0
0.0137
0.055604
0.32989
0.0
0.0
0.189963
0.0
0.0

0.895468
0.0
-0.511725
-0.761344
-0.319285
1.0
1.0
0.370623
1.0
0.063516
0.079341
1.0
0.007839
0.0
0.41956
0.0
0.021612
0.256923
0.044176
0.023077

0.911847
0.0
-0.827464
-0.410814
0.308149
1.0
1.0
1.0
1.0
0.0137
0.037729
1.0
0.005201
0.029231
0.235238
0.0
0.019853
0.070842
0.001978
0.0

0.698561
-0.352306
0.0
-0.955204
0.090676
1.0
1.0
1.0
1.0
0.02044
0.060586
1.0
0.005201
0.0
1.0
0.0
0.0
0.189963
0.0
0.0

0.316585
0.0
-0.809896
0.110609
0.551399
1.0
1.0
1.0
0.681685
0.091648
0.011355
0.554652
0.0137
0.0
0.131062
0.019853
0.0
0.217949
0.028352
0.0

0.996369
-0.114279
-1.024046
-0.410814
-0.643807
1.0
1.0
0.992967
0.85707
0.047399
0.049451
0.572528
0.014872
0.0
0.266886
0.031575
0.0
0.868498
0.021319
0.03978

0.655786
-1.454279
-0.38543
-0.955204
0.622368
1.0
1.0
0.62
1.0
0.091648
0.008718
1.0
0.0
0.013993
0.812821
0.0
0.0
0.247546
0.034505
0.0

-0.11641
-0.523197
0.0
0.121529
0.504141
1.0
1.0
0.234945
1.0
0.058242
0.068791
1.0
0.029231
0.014872
0.41956
0.0
0.0
0.456044
0.0
0.023077

0.050472
0.0
-0.412251
0.095422
0.151669
1.0
1.0
0.926813
0.244908
0.02044
0.011355
0.704689
0.0
0.008132
1.0
0.011355
0.0
0.207106
0.025128
0.0

1.0
-1.77916
0.0
0.051497
0.477219
1.0
1.0
0.404908
1.0
0.055897
0.090476
0.530623
0.00315
0.0
0.435092
0.0
0.0
0.152308
0.0
0.008425

0.996369
-0.177968
0.0
-0.410814
-0.463539
1.0
1.0
0.664835
1.0
0.042418
0.078755
1.0
0.007839
0.0
0.496044
0.0
0.0
0.205934
0.0
0.00315

0.819829
0.0
0.0
0.033503
0.204417
1.0
1.0
0.926813
1.0
0.028938
0.008718
1.0
0.005495
0.004029
0.654872
0.0
0.0
0.635824
0.0
0.0

