flat_1
Left

0.406383
0.0
0.0
0.0
0.19193
1.0
1.0
0.561685
1.0
0.0
0.0
1.0
1.0
1.0
1.0
1.0
1.0
0.752454
1.0
1.0

0.149202
0.0
0.0
0.0
0.151642
1.0
1.0
0.432601
1.0
0.012527
0.012527
1.0
1.0
1.0
1.0
1.0
1.0
0.73326
1.0
1.0

0.234085
0.0
0.0
0.0
0.199192
1.0
1.0
0.594212
1.0
0.003443
0.003443
1.0
1.0
1.0
1.0
1.0
1.0
0.702344
1.0
1.0

0.761942
0.0
-0.014002
0.0
-0.228685
1.0
1.0
1.0
0.510403
0.062637
0.050037
1.0
0.460586
1.0
1.0
0.974286
1.0
0.596557
1.0
0.998901

0.956736
-0.66905
0.0
-0.108742
0.0
1.0
0.345421
1.0
0.29707
0.131502
0.01663
1.0
0.999194
0.999194
0.868498
1.0
1.0
0.848865
0.997436
1.0

1.0
0.0
0.0
0.0
-0.027925
1.0
0.788205
1.0
0.240806
0.084615
0.052674
1.0
0.876703
1.0
1.0
1.0
1.0
0.974872
1.0
1.0

0.649204
0.0
0.0
0.0
0.606946
1.0
1.0
1.0
0.624103
0.066154
0.033333
1.0
0.460586
0.998315
1.0
1.0
1.0
0.70967
1.0
1.0

0.42634
0.05285
0.0
0.175074
0.089836
1.0
0.821319
0.197436
1.0
0.148498
0.198901
1.0
1.0
0.876703
0.821172
1.0
1.0
1.0
0.811062
1.0

0.587696
0.0
0.0
0.0
-0.052356
1.0
0.935897
0.624982
0.701905
0.025421
0.054139
1.0
1.0
0.664395
1.0
0.974286
1.0
0.757436
1.0
0.999487

1.0
0.0
-0.4772
0.0
0.182395
1.0
0.81663
0.191868
0.36652
0.043297
0.046227
1.0
0.876703
1.0
1.0
1.0
1.0
0.974872
1.0
1.0

0.987534
0.0
0.0
0.0
0.149652
1.0
0.417509
1.0
1.0
0.038901
0.051209
1.0
0.624396
0.702637
1.0
0.955678
1.0
0.898535
1.0
0.998901

0.814943
0.0
0.009046
0.0
0.19193
1.0
1.0
0.269231
1.0
0.033333
0.056777
0.575311
0.998022
0.998608
0.821172
1.0
1.0
1.0
1.0
0.997729

0.981108
0.0
-0.521668
0.0
-0.027925
1.0
1.0
1.0
0.760952
0.059707
0.055604
1.0
1.0
0.999194
0.757582
1.0
1.0
0.641978
1.0
1.0

0.76114
0.0
0.0
0.0
0.109769
1.0
1.0
0.269231
1.0
0.131795
0.043297
1.0
0.99978
0.998608
1.0
1.0
1.0
1.0
1.0
1.0

0.369204
0.0
0.0
0.0
0.040468
1.0
1.0
0.832015
0.510403
0.051209
0.0
1.0
0.664395
0.624396
1.0
1.0
1.0
0.960806
0.997729
0.982491

0.103528
0.0
0.0
0.0
0.199192
1.0
0.562857
0.274799
0.35641
0.0
0.0
0.571062
1.0
1.0
1.0
1.0
1.0
0.754506
0.997729
1.0

0.829936
-1.147178
0.0
0.0
0.0
1.0
0.991795
0.203297
0.340733
0.0
0.092527
1.0
0.664395
1.0
1.0
1.0
1.0
0.60359
1.0
1.0

0.307
0.0
-0.362958
0.0
0.078815
1.0
0.661612
1.0
0.457656
0.050037
0.05707
1.0
0.872601
1.0
1.0
1.0
0.999487
0.893114
1.0
1.0

