flat_horns
Left

-0.067507
0.0
0.0
0.0
0.33367
1.0
0.456337
0.477289
1.0
0.0
0.0
1.0
0.57033
0.57033
1.0
1.0
1.0
0.205055
0.078755
0.078755

0.489007
0.0
0.0
0.0
0.448185
1.0
0.534139
0.486374
1.0
0.0
0.0
1.0
0.575458
0.575458
1.0
0.870843
0.870843
0.166813
0.067326
0.067326

0.516324
0.0
0.0
0.0
0.245264
1.0
0.604469
0.719341
1.0
0.0
0.0
1.0
0.818974
0.818974
1.0
1.0
1.0
0.227619
0.204176
0.204176

0.968118
-0.036112
0.0
0.0
0.0
1.0
0.495751
0.541319
0.382344
0.00022
0.030696
0.892821
1.0
0.730476
1.0
0.789817
0.924176
0.46
0.0
0.0

0.489007
-1.617582
0.0
0.0
0.37238
1.0
0.268498
1.0
1.0
0.0137
0.034505
1.0
0.999194
0.967839
1.0
1.0
0.999487
0.227619
0.049451
0.030989

0.509849
0.0
0.0
0.0
0.03817
1.0
1.0
0.27978
0.984835
0.020733
0.094286
0.758022
1.0
0.802564
1.0
1.0
1.0
0.484615
0.0
0.0137

0.869836
-0.193044
-0.143572
0.0
0.029016
1.0
0.534139
1.0
0.210916
0.132674
0.029817
1.0
0.99978
1.0
1.0
1.0
1.0
0.332088
0.0
0.03011

0.804928
0.094754
-0.039747
0.0
-0.4946
1.0
0.92359
0.574286
0.60359
0.0
0.049158
1.0
0.967839
0.851209
0.980733
1.0
1.0
0.52359
0.03304
0.0

0.509849
-0.08574
0.0
-0.01112
0.0
1.0
0.327253
0.254725
0.361539
0.054139
0.0137
1.0
1.0
0.686813
0.66293
0.915971
1.0
0.312894
0.0
0.0

0.804928
-1.215236
-0.370275
0.0
0.0
1.0
1.0
0.275531
0.457216
0.109377
0.0
1.0
0.668791
1.0
1.0
1.0
1.0
0.205055
0.0
0.0

0.811841
0.0
-0.005028
0.0
0.375143
1.0
0.562271
0.215604
1.0
0.03685
0.03685
1.0
1.0
0.810769
1.0
0.924176
1.0
0.592015
0.041538
0.015458

0.672284
-1.1274
0.0
0.0
0.036011
1.0
1.0
0.262491
0.184542
0.240806
0.020733
1.0
0.575458
1.0
1.0
0.870843
0.69707
0.085788
0.04652
0.00315

0.778891
-0.759296
-0.079823
0.0
0.000214
1.0
0.53326
1.0
1.0
0.025714
0.029524
1.0
1.0
0.99978
1.0
1.0
0.999414
0.715971
0.00315
0.0

-0.307428
-1.46884
0.0
0.0
1.348131
1.0
1.0
0.486374
0.949304
0.054139
0.033333
1.0
0.999194
0.810769
1.0
1.0
1.0
0.874359
0.0
0.0

-0.251229
0.0
0.0
0.0
-0.476752
1.0
0.92359
0.587912
1.0
0.03685
0.032454
0.96315
0.575458
0.669817
0.924469
1.0
1.0
0.46
0.005495
0.0

1.0
-0.188862
0.0
0.0
-0.088996
1.0
0.53326
1.0
0.560073
0.146154
0.026886
1.0
0.972381
0.999194
1.0
0.789817
0.845055
0.379414
0.0
0.041538

0.821594
0.0
0.0
0.0
-0.476752
1.0
0.534139
0.218535
0.287106
0.032454
0.0
1.0
0.99978
0.697363
0.66293
0.69707
1.0
0.332088
0.0
0.0

0.64257
-0.302927
0.0
0.0
-0.119901
1.0
0.748791
1.0
0.184542
0.123883
0.029817
1.0
1.0
0.764469
1.0
1.0
1.0
0.615311
0.010476
0.0

