g
Left

0.839428
-0.267298
0.0
0.0
0.059999
0.700045
0.0
0.0
0.874652
0.011355
0.011355
1.0
1.0
1.0
1.0
1.0
1.0
0.900733
1.0
1.0

0.845782
-0.248354
0.0
0.0
0.180474
0.733003
0.0
0.0
0.90337
0.0
0.0
1.0
1.0
1.0
1.0
1.0
1.0
0.717143
1.0
1.0

0.868873
0.012693
0.0
0.0
0.198446
0.818276
0.0
0.0
0.872308
0.0
0.0
1.0
1.0
1.0
1.0
1.0
1.0
0.811648
1.0
1.0

0.646052
-0.19989
0.0
0.0
0.113772
1.0
0.272454
0.0
0.287692
0.0
0.032454
0.981319
1.0
1.0
1.0
1.0
0.770623
1.0
1.0
1.0

0.839428
-0.254739
0.0
0.0
0.0
1.0
0.818681
0.0
0.206081
0.031575
0.195092
1.0
0.998608
0.984176
1.0
1.0
1.0
0.959048
0.998901
0.999487

0.089527
-0.169597
0.0
0.0
0.178088
1.0
0.096337
0.0
1.0
0.144982
0.0
1.0
1.0
1.0
1.0
1.0
1.0
1.0
1.0
0.99978

-0.224345
0.030867
0.017359
0.0
-0.827989
1.0
0.371502
0.0
0.676264
0.053846
0.0
1.0
1.0
1.0
0.940586
1.0
0.770623
1.0
1.0
1.0

0.530055
-1.151478
-0.044788
0.0
0.0
0.700045
0.096337
0.0
1.0
0.004322
0.05707
0.829084
0.999194
0.999194
1.0
1.0
0.999194
1.0
1.0
1.0

0.706215
0.0
0.007503
0.0
0.0
1.0
0.297363
0.035092
0.358315
0.0
0.012821
1.0
0.998315
0.998608
1.0
1.0
1.0
0.447692
0.997729
1.0

0.822332
-0.592014
0.0
0.0
0.0
1.0
0.193187
0.18337
0.382051
0.011355
0.009304
0.72315
0.998608
1.0
1.0
1.0
0.999487
0.901172
1.0
1.0

0.838107
-0.711808
-0.003168
0.0
0.059999
1.0
0.0
0.011062
0.515385
0.010769
0.08315
1.0
0.998022
1.0
1.0
1.0
1.0
1.0
1.0
1.0

0.745328
0.154317
0.0
0.0
0.0
1.0
0.831722
0.0
0.206081
0.053846
0.017509
1.0
1.0
1.0
1.0
0.981026
1.0
0.866447
1.0
1.0

0.707736
0.0
0.0
0.0
0.0
1.0
0.276117
0.0
1.0
0.027179
0.0
1.0
0.998022
1.0
1.0
1.0
1.0
0.901172
0.918755
1.0

-0.224345
0.315805
0.0
0.0
0.0
1.0
0.426886
0.0
0.408132
0.011355
0.0
1.0
0.864689
0.998022
1.0
1.0
1.0
0.974286
1.0
1.0

0.706215
0.0
0.017359
0.0
0.0
1.0
0.001392
0.0
0.382051
0.0
0.0
1.0
1.0
0.662637
0.950549
1.0
1.0
1.0
1.0
1.0

0.563596
-0.132388
0.017359
0.0
0.0
1.0
0.0
0.0
0.857363
0.0
0.124615
1.0
0.998315
0.998608
1.0
1.0
1.0
1.0
1.0
1.0

1.0
-0.009235
0.0
0.0
0.0
1.0
0.276117
0.0
0.911868
0.012821
0.0
1.0
0.998022
1.0
1.0
1.0
0.999194
0.776191
1.0
1.0

0.868873
-1.151478
0.0
0.0
0.0
1.0
0.818681
0.0
1.0
0.0
0.0
1.0
1.0
1.0
1.0
1.0
1.0
1.0
0.99978
0.99978

