goody_goody
Left

0.807104
0.421237
-0.183481
0.0
0.262386
0.763085
0.087546
0.0
0.0
0.0
0.0
0.408718
0.0
0.0
1.0
0.812527
0.812527
0.026593
0.004322
0.004322

0.549832
0.674499
-0.201356
0.0
-0.367031
0.074558
0.0
0.0
0.0
0.0
0.0
0.389377
0.0
0.0
1.0
0.941685
0.941685
0.0
0.0
0.0

0.47437
0.288592
-0.165245
0.0
-0.298972
0.588495
0.164029
0.0
0.081978
0.0
0.0
0.73956
0.0
0.0
1.0
0.978974
0.978974
0.0
0.0
0.0

0.308283
0.106666
0.166706
0.0
-0.037194
0.336284
0.055311
0.0
0.009249
0.0
0.0
0.047399
0.000806
0.0
0.94
1.0
1.0
0.0
0.0
0.0

0.569041
-0.115709
0.025003
0.119294
0.134266
0.16657
0.094286
0.0
0.0
0.0
0.0
0.104378
0.0
0.0
0.157888
1.0
1.0
0.030989
0.036557
0.0

0.559384
-0.060183
0.289184
0.0418
0.652933
0.15089
0.0
0.0
0.0
0.0
0.0
0.069084
0.0
0.000806
1.0
1.0
1.0
0.0
0.0
0.0

-0.206827
-0.209637
-0.013847
0.273305
-0.1695
0.111894
0.13326
0.0
0.014579
0.0
0.0
0.366227
0.0
0.0
1.0
1.0
1.0
0.0
0.049451
0.008425

0.311251
0.288592
0.254947
0.194654
-0.186906
0.140543
0.060879
0.0
0.001392
0.0
0.0
0.034799
0.0
0.0
0.234689
0.999487
1.0
0.165132
0.0
0.200659

0.507105
-0.06017
-0.023727
-0.00934
-0.058944
0.47037
0.075238
0.0
0.081978
0.0
0.0
0.227326
0.0
0.0
0.380879
0.376191
1.0
0.0
0.016044
0.0

0.375685
0.15881
0.317495
0.272765
0.041012
0.337617
0.001978
0.0
0.057363
0.0
0.0
0.410769
0.0
0.0
0.292967
1.0
0.532967
0.022784
0.008718
0.014579

0.47437
0.421237
0.158362
-0.00934
0.250628
0.726383
0.091648
0.0
0.013407
0.0
0.0
0.318608
0.0
0.0
0.942051
0.812527
1.0
0.001685
0.036557
0.0

0.273671
-0.04903
0.12795
0.036027
0.017125
0.128866
0.0
0.058535
0.0
0.0
0.0
0.227326
0.0
0.0
0.680073
1.0
1.0
0.0
0.067033
0.049451

0.412026
-0.089216
-0.116236
0.0418
0.148517
0.231243
0.0
0.0
0.007253
0.0
0.0
0.000806
0.0
0.0
1.0
1.0
1.0
0.0
0.06
0.0

0.838738
-0.186029
-0.201356
0.0
-0.073364
0.125121
0.240806
0.0
0.0
0.0
0.0
0.006374
0.0
0.0
0.269817
1.0
0.941685
0.0
0.0
0.0

0.297849
-0.199294
-0.064328
0.0
-0.11089
0.078858
0.13326
0.0937
0.383223
0.0
0.0
0.176337
0.0
0.0
0.94
0.812527
0.548498
0.0
0.043297
0.0

-0.181012
-0.059241
0.37509
0.272765
-0.332049
0.115684
0.0
0.065568
0.001392
0.0
0.0
0.395238
0.0
0.006374
1.0
1.0
1.0
0.0
0.0
0.0

0.156766
-0.060183
0.290161
0.0
-0.1695
0.429435
0.169011
0.0
0.0
0.0
0.0
0.597143
0.0
0.0
0.379121
1.0
0.956996
0.022784
0.06
0.0

0.273982
0.674499
0.13497
0.273305
-0.198453
0.318467
0.141172
0.0
0.014579
0.0
0.0
-0.113083
0.0
0.0
1.0
1.0
1.0
0.0
0.0
0.0

