h
Left

0.727489
-0.937819
-1.251713
0.0
0.37578
1.0
1.0
0.791136
0.140586
0.0
0.0
0.20359
0.0
0.0
1.0
1.0
1.0
0.738388
1.0
1.0

0.951536
-0.460496
-1.061511
0.0
0.190173
1.0
1.0
0.0
0.0
0.0
0.0
0.0
0.0
0.0
1.0
1.0
1.0
0.706447
0.822784
0.822784

0.702749
-0.433525
-1.116493
0.0
0.502281
1.0
1.0
0.03304
-0.003799
0.0
0.0
0.002271
0.0
0.0
1.0
1.0
1.0
0.772381
1.0
1.0

1.0
-0.578986
0.42044
0.192768
0.190173
1.0
0.604176
0.956117
0.0
0.0
0.0
0.498974
0.0
0.0
0.682564
1.0
1.0
0.205202
1.0
0.810769

0.553119
-0.937819
-0.387824
0.0
0.244189
1.0
1.0
0.091648
0.226297
0.000806
0.0
0.439194
0.0
0.0
1.0
0.682125
1.0
0.437143
1.0
1.0

0.611003
-0.510833
0.420123
0.0
0.307575
1.0
1.0
0.0
0.089304
0.0
0.042125
0.401832
0.004029
0.0
1.0
1.0
0.682125
0.828205
1.0
1.0

1.0
-0.613554
-0.233005
0.0
0.0
1.0
1.0
0.091648
0.045505
0.0
0.0
0.333993
0.0
0.0
1.0
1.0
1.0
0.670989
1.0
1.0

0.295794
-0.326721
0.356408
0.0
0.398969
1.0
0.709377
1.0
0.0
0.0
0.0
0.401832
0.0
0.0
1.0
1.0
1.0
0.730623
1.0
1.0

0.700133
0.262047
-1.061511
0.0
0.0
1.0
1.0
0.384835
0.157289
0.042125
0.0
0.373846
0.0
0.0
1.0
1.0
1.0
0.786447
1.0
1.0

0.90695
-0.674115
-0.452982
0.0
0.0
1.0
1.0
1.0
0.184835
0.0
0.0
0.227326
0.0
0.0
0.962857
1.0
1.0
1.0
0.99978
1.0

0.118046
-0.619488
-0.198405
0.0
0.55807
1.0
1.0
0.735458
0.260147
0.0
0.0
0.20359
0.0
0.0
1.0
0.999194
1.0
1.0
0.999487
0.726374

0.783312
0.262047
-0.071271
0.0
0.0
1.0
1.0
0.310256
0.0
0.0
0.0
0.002271
0.0
0.0
1.0
1.0
1.0
1.0
1.0
1.0

0.784908
-0.316173
0.42044
0.0
0.332157
1.0
1.0
0.525348
0.203004
0.0
0.012527
0.258095
0.025128
0.0
1.0
1.0
1.0
0.816777
0.726374
1.0

0.727489
-0.738014
-0.373828
0.006222
0.0
1.0
1.0
0.0
-0.046216
0.0
0.0
0.002271
0.004615
0.025128
1.0
1.0
1.0
0.589084
1.0
0.999194

0.747957
-0.311436
0.356408
0.0
0.299664
1.0
0.78967
0.035385
0.188938
0.0
0.0
0.333993
0.0
0.0
1.0
1.0
1.0
0.8263
0.999487
1.0

0.676025
-0.937819
-0.113607
0.0
0.448263
1.0
1.0
0.057949
0.074652
0.0
0.015751
0.935604
0.018974
0.0
1.0
0.999487
1.0
0.74044
1.0
1.0

0.212495
-0.26227
-0.394024
0.0
0.0
1.0
0.563443
0.956117
0.1463
0.0
0.000806
0.005788
0.0
0.0
1.0
1.0
1.0
0.670989
1.0
1.0

0.553119
-0.36675
0.409898
0.0
0.527851
1.0
0.78293
0.0
0.07348
0.015458
0.0
0.466154
0.0
0.0
1.0
1.0
0.999487
1.0
1.0
0.999487

