horns
Left

1.0
-0.019742
0.0
0.0
-0.036414
1.0
1.0
0.245201
0.150256
0.0
0.0
1.0
1.0
1.0
1.0
1.0
1.0
0.05326
0.0
0.0

1.0
0.213011
0.0
0.0
-0.046323
1.0
1.0
0.038315
0.175751
0.0
0.0
1.0
1.0
1.0
1.0
1.0
1.0
0.025128
0.0
0.0

1.0
0.258107
0.0
0.0
-0.127844
1.0
1.0
0.215898
0.146154
0.0
0.0
1.0
1.0
1.0
1.0
1.0
1.0
0.029524
0.0
0.0

0.500936
-0.259107
0.06903
0.108048
0.167162
1.0
0.754799
0.091648
0.035971
0.001392
0.0
0.667619
0.998608
1.0
0.869963
1.0
1.0
0.014579
0.012527
0.00696

0.4515
-0.216953
0.034072
0.129914
0.048937
1.0
0.413114
0.459707
0.074945
0.0
0.0
1.0
1.0
0.759194
0.757143
1.0
1.0
0.0
0.0
0.0

0.664498
-0.314058
0.012409
0.374862
0.169753
1.0
1.0
0.245201
0.197436
0.025714
0.0
0.583077
0.998315
1.0
0.84652
0.999487
1.0
0.035678
0.018388
0.0

0.779149
0.02822
0.049934
0.010168
0.008305
1.0
0.727692
0.245201
0.076117
0.011941
0.0
0.88989
1.0
1.0
0.409597
1.0
1.0
0.062051
0.0
0.0

0.68772
0.212684
0.0
0.0
0.048937
1.0
1.0
0.152747
0.03978
0.0
0.0
0.556996
1.0
0.99978
1.0
0.999487
1.0
0.049451
0.0
0.018388

0.601241
-0.155606
0.059424
0.0
-0.211987
1.0
1.0
0.3
0.135024
0.0
0.002271
0.914212
1.0
0.998315
0.670989
1.0
1.0
0.012527
0.0
0.0

0.933201
-0.277852
0.0
0.0
0.160742
1.0
1.0
0.814725
0.205055
0.043004
0.0
0.677875
0.850916
1.0
1.0
1.0
1.0
0.0
0.0
0.0

0.562552
0.213011
-0.288105
0.082569
0.195886
1.0
1.0
0.559341
0.167839
0.019853
0.0
0.717875
1.0
0.998315
1.0
1.0
1.0
0.009597
0.0
0.0

0.72932
0.135145
0.012409
0.11249
0.02275
1.0
1.0
0.401099
0.11011
0.0
0.0
0.877143
0.678901
1.0
0.628645
1.0
1.0
0.095165
0.0
0.055311

0.933201
0.004743
-0.272829
0.0
1.030524
1.0
1.0
0.133846
0.175751
0.0
0.0
1.0
1.0
0.998315
0.84652
1.0
0.999487
0.017216
0.0
0.0

0.416203
-0.040602
0.012409
0.0
0.15115
1.0
1.0
0.559341
0.205055
0.0
0.003443
1.0
1.0
1.0
1.0
1.0
1.0
0.092821
0.0
0.0

0.5574
-0.061294
-0.034546
-0.008358
0.148562
1.0
1.0
1.0
0.076117
0.0
0.0
0.632308
1.0
1.0
1.0
1.0
1.0
0.059121
0.0
0.034799

0.572584
-0.061971
0.0
0.010168
-0.211286
1.0
0.456777
1.0
0.161392
0.0
0.0
0.878755
0.998608
1.0
1.0
1.0
1.0
0.004029
0.0
0.0

0.933201
0.224508
0.06903
0.0
0.048937
1.0
0.377363
0.158169
0.205694
0.031868
0.003443
1.0
1.0
1.0
0.757143
1.0
1.0
0.025714
0.0
0.0

1.0
0.278776
-0.113478
0.0
0.084084
1.0
1.0
0.055604
0.0
0.0
0.011648
0.583077
1.0
1.0
0.670989
1.0
1.0
0.012527
0.0
0.0

