i
Left

0.797319
0.0
0.0
0.0
0.291805
1.0
1.0
0.258681
1.0
1.0
1.0
1.0
1.0
1.0
1.0
1.0
1.0
0.08696
0.0
0.0

1.0
0.0
0.0
0.0
0.373528
1.0
1.0
0.483443
1.0
1.0
1.0
1.0
1.0
1.0
1.0
1.0
1.0
0.135311
0.0
0.0

1.0
0.0
0.0
0.0
0.500195
1.0
1.0
0.611795
1.0
1.0
1.0
1.0
1.0
1.0
1.0
1.0
1.0
0.138242
0.0
0.0

0.406121
0.0
0.0
0.0
0.265866
1.0
1.0
0.075531
1.0
1.0
1.0
1.0
0.998608
0.99978
1.0
1.0
1.0
0.226886
0.0
0.0

0.365307
0.0
0.0
0.0
0.119857
1.0
0.758608
1.0
1.0
1.0
1.0
0.951648
0.998608
1.0
1.0
1.0
1.0
0.0
0.0
0.0

0.299435
0.0
-0.147501
0.0
0.13304
1.0
1.0
0.856484
0.700733
1.0
1.0
1.0
1.0
1.0
1.0
1.0
1.0
0.08696
0.0
0.0

0.406121
0.0
0.0
0.0
-0.235892
1.0
0.742344
1.0
1.0
1.0
1.0
1.0
1.0
1.0
0.510696
1.0
1.0
0.138242
0.0
0.0

0.900995
0.0
0.0
0.038376
0.119857
1.0
0.940806
1.0
1.0
1.0
1.0
1.0
0.998608
0.998608
1.0
1.0
1.0
0.272747
0.003443
0.022784

1.0
0.0
0.0
0.008858
-0.202478
1.0
1.0
1.0
1.0
1.0
1.0
1.0
1.0
0.99978
1.0
1.0
1.0
0.193626
0.0
0.0

0.579878
0.0
0.0
0.157204
-0.204233
1.0
0.974945
0.058535
1.0
0.99978
1.0
1.0
0.998608
1.0
0.890476
1.0
1.0
0.272161
0.0
0.0

0.797319
0.0
0.0
0.0
0.119857
1.0
1.0
1.0
1.0
1.0
1.0
1.0
0.998315
1.0
1.0
1.0
1.0
0.241099
0.0
0.0

0.943249
-0.187372
-0.274293
-0.012409
0.13304
1.0
0.705568
1.0
1.0
1.0
1.0
0.948791
0.99978
1.0
1.0
1.0
0.999487
0.285055
0.0
0.0

0.579817
0.0
0.0
0.0
0.030022
1.0
1.0
0.611795
1.0
0.99978
1.0
1.0
1.0
1.0
1.0
1.0
1.0
0.248718
0.012527
0.0

0.321859
-0.287952
-0.020937
0.0
0.024145
1.0
1.0
0.414725
0.777363
1.0
1.0
0.818974
1.0
1.0
1.0
1.0
0.999194
0.147619
0.0
0.026593

0.31517
-0.322927
0.0
0.0
-0.083542
1.0
0.809597
0.312161
1.0
1.0
1.0
1.0
1.0
1.0
1.0
1.0
1.0
0.420147
0.0
0.0

0.603692
-0.187372
0.0
0.0
0.233508
1.0
1.0
0.312161
1.0
1.0
1.0
1.0
1.0
1.0
1.0
1.0
1.0
0.192747
0.0
0.0

0.595391
0.0
-0.123356
0.0
0.027004
1.0
1.0
0.69033
0.772381
0.99978
1.0
1.0
1.0
1.0
1.0
1.0
1.0
0.272747
0.0
0.022784

0.792394
-0.153288
0.0
0.0
0.221614
1.0
0.974945
1.0
1.0
0.798169
1.0
1.0
1.0
0.99978
0.319927
1.0
0.999194
0.144103
0.0
0.0

