l
Left

0.340741
0.133545
0.0
0.0
0.0
0.0
-0.087624
-0.060241
0.813993
0.0
0.0
1.0
1.0
1.0
1.0
1.0
1.0
1.0
1.0
1.0

0.382728
0.167294
0.0
0.0
0.0
0.033794
0.0
0.0
0.700293
0.0
0.0
1.0
1.0
1.0
1.0
1.0
1.0
1.0
1.0
1.0

0.532959
0.101615
0.0
0.0
0.0
0.0
-0.110468
-0.075947
0.692381
0.0
0.0
1.0
1.0
1.0
1.0
1.0
1.0
1.0
0.825128
0.825128

1.0
-0.02912
0.019467
0.0
0.0
0.0
0.0
-0.152555
0.144103
0.0
0.0
0.942051
0.998608
1.0
0.928864
1.0
1.0
1.0
1.0
1.0

0.00139
-0.273941
0.0
0.0
0.155835
0.0
0.039058
-0.1875
0.300879
0.0
0.0
0.749524
1.0
0.99978
1.0
1.0
1.0
1.0
0.987839
1.0

0.648871
-0.226903
0.0
-1.100848
0.0
0.0
-0.069093
0.0
0.118169
0.0
0.007546
1.0
1.0
1.0
1.0
1.0
1.0
1.0
1.0
1.0

-0.108027
-0.002507
-0.037282
0.0
0.020009
0.0
-0.342979
0.038608
0.033626
0.0
0.0
0.970476
1.0
1.0
1.0
1.0
1.0
0.908059
0.815165
0.999487

1.0
0.246287
0.0
0.0
0.007035
0.0
-0.112336
-0.1875
0.144103
0.0
0.0
1.0
1.0
1.0
1.0
1.0
1.0
0.998022
0.735458
1.0

0.206174
-0.145043
-0.000103
0.0
0.0
0.105407
-0.007497
-0.1875
0.111466
0.0
0.0
1.0
1.0
1.0
1.0
1.0
1.0
0.814579
0.044176
1.0

0.770032
-0.128463
-0.000454
0.0
0.155835
0.0
0.0
-0.088225
0.266007
0.0
0.0
1.0
1.0
1.0
1.0
1.0
0.798755
0.814579
0.99978
1.0

1.0
0.201474
0.0
0.007751
0.0
0.0
-0.054683
0.0
0.188765
0.0
0.0
0.99978
0.999194
0.987766
1.0
1.0
1.0
1.0
1.0
0.735458

0.616985
0.116292
0.0
0.0
0.0
0.104744
-0.342979
-0.159142
0.494286
0.0
0.0
1.0
1.0
1.0
1.0
1.0
1.0
1.0
0.7463
1.0

-0.048762
-0.343809
0.0
0.0
0.0
0.105407
-0.19346
0.056976
0.482857
0.0
0.0
0.808132
0.999194
1.0
0.931062
1.0
1.0
0.967399
1.0
1.0

0.133816
0.447208
0.0
0.0
-0.031309
0.0
-0.069093
-0.1875
0.082857
0.015458
0.020733
1.0
0.998608
1.0
1.0
0.999121
1.0
0.958755
1.0
1.0

0.406987
-0.018354
-0.000103
0.0
0.0
0.0
-0.362123
-0.101535
0.0
0.0
0.0
1.0
1.0
0.998315
1.0
1.0
1.0
0.998022
0.998901
1.0

0.205616
-0.12922
0.0
0.0
0.0
0.021978
-0.363636
0.038608
0.266007
0.0
0.0
1.0
0.998315
0.998022
1.0
0.885201
1.0
1.0
0.998901
1.0

0.629019
0.028647
0.0
-0.028849
0.020009
0.033794
-0.059939
-0.165254
0.117143
0.0
0.0
1.0
1.0
0.998608
0.83011
1.0
0.794213
0.653846
1.0
1.0

0.470201
0.133545
0.0
0.0
0.013863
0.102465
0.0
0.0
0.188765
0.0
0.0
1.0
1.0
0.999194
1.0
1.0
1.0
0.99978
0.835824
0.998901

