m
Left

1.0
0.0
0.0
0.0
0.073582
1.0
1.0
0.0
1.0
1.0
1.0
1.0
0.645495
0.645495
1.0
1.0
1.0
0.943956
0.480513
0.480513

1.0
0.0
0.0
0.0
0.012723
1.0
1.0
0.0
1.0
0.962271
0.962271
1.0
0.777216
0.777216
1.0
1.0
1.0
0.980733
0.846813
0.846813

1.0
0.0
0.0
0.0
0.0
1.0
1.0
0.0
1.0
0.999487
0.999487
1.0
0.633773
0.633773
1.0
0.768425
0.768425
1.0
0.4263
0.4263

0.996566
0.0
0.0
0.081244
0.201277
1.0
1.0
0.0
1.0
1.0
1.0
1.0
0.471282
0.326081
0.472015
0.848864
1.0
1.0
0.566667
0.123004

0.265199
0.0
0.0
0.077609
0.078852
1.0
1.0
0.329744
0.674213
1.0
1.0
1.0
0.633773
0.998608
0.82718
0.264542
1.0
0.943956
0.123004
1.0

0.653461
0.0
0.0
-0.457256
0.338909
1.0
1.0
0.474652
1.0
0.878169
1.0
1.0
0.688864
0.99978
0.346154
1.0
0.564908
0.992234
1.0
0.999194

0.535926
-0.713416
4.8e-05
0.018879
0.300744
1.0
1.0
0.0
1.0
1.0
1.0
1.0
0.746154
0.89663
0.969011
1.0
1.0
0.807546
0.566667
1.0

0.659216
-0.059257
0.0
0.360074
0.0
1.0
1.0
0.064689
1.0
0.878169
0.805201
1.0
1.0
0.845348
0.394359
0.899267
0.761539
0.739854
0.154945
0.210037

0.684786
0.000976
-0.001873
0.139947
0.716653
1.0
1.0
0.041832
0.868498
1.0
0.384396
0.467619
0.99978
0.572088
0.917143
0.787912
1.0
0.748059
0.480513
0.289744

1.0
0.0
-0.004087
0.57394
0.066358
1.0
1.0
0.0
1.0
1.0
1.0
1.0
0.998608
0.685055
0.865714
1.0
0.761539
0.887253
0.651941
0.999194

0.781785
0.0
0.0
-0.101942
-0.511716
1.0
1.0
0.0
1.0
1.0
1.0
0.816337
0.828645
0.964029
1.0
1.0
1.0
0.651941
1.0
0.520073

0.880621
0.0
-0.057152
0.383287
0.201277
1.0
1.0
0.057656
0.541465
0.999487
1.0
1.0
0.685055
0.645495
0.466007
0.619121
0.999194
1.0
1.0
0.99978

1.0
0.0
-0.001873
0.0
0.0
1.0
1.0
0.042711
0.923883
1.0
1.0
1.0
1.0
0.74337
0.977143
0.899267
0.768425
0.992234
1.0
0.520073

0.443667
0.0
4.8e-05
0.267876
0.178781
1.0
1.0
0.0
1.0
1.0
1.0
1.0
0.572088
0.836264
1.0
0.446374
1.0
0.748059
0.258095
0.781172

0.558307
0.0
-0.023225
0.323905
0.022874
1.0
1.0
0.041832
1.0
1.0
1.0
1.0
0.706593
0.760659
1.0
0.942051
1.0
0.679341
1.0
0.997729

0.679128
-0.009585
0.0
0.323905
0.0
1.0
1.0
0.0
1.0
1.0
1.0
1.0
0.898388
0.780733
1.0
1.0
1.0
0.646813
1.0
1.0

0.747917
0.0
0.0
0.0
0.338909
1.0
1.0
0.126227
0.664835
1.0
1.0
0.99978
0.633773
0.685055
0.674359
0.761539
1.0
0.992234
1.0
1.0

0.291677
0.0
0.0
0.312402
0.636516
1.0
1.0
0.064689
1.0
1.0
1.0
1.0
0.828645
0.944103
0.908938
1.0
1.0
0.446813
1.0
0.651941

