o
Left

0.675332
-0.482944
-0.440856
-0.413434
0.078983
1.0
0.0
0.0
0.60022
0.731649
0.731649
0.69033
0.472308
0.472308
0.43978
0.592747
0.592747
0.291502
0.304689
0.304689

0.794033
-0.488552
-0.515078
-0.371365
-0.164653
1.0
0.0
0.0
0.563736
0.776484
0.776484
0.560513
0.537949
0.537949
0.294725
0.878755
0.878755
0.1737
0.440073
0.440073

0.744833
-0.493327
-0.775984
-0.433951
-0.209362
1.0
0.0
0.0
0.663077
0.693846
0.693846
0.340879
0.450623
0.450623
0.121245
0.736337
0.736337
0.139707
0.324029
0.324029

0.694631
-0.958597
-1.143917
-0.519996
-0.034994
1.0
0.397289
1.0
0.421319
0.683297
0.947033
1.0
0.472308
0.972528
0.121245
1.0
0.743223
0.139707
1.0
1.0

0.369808
-0.183023
0.010099
0.59948
0.330377
0.885329
0.13326
0.050916
0.219414
0.973993
0.510403
1.0
0.657802
0.537949
0.238462
1.0
0.474359
0.261758
0.312015
0.440073

0.597624
-0.328849
-0.122278
-0.152905
-0.100921
1.0
0.024542
0.325495
0.146154
0.507179
0.827179
0.710256
0.636703
0.840366
0.663956
0.849744
0.567986
0.168132
0.306007
0.152894

0.278483
-0.449289
0.000794
0.120429
-0.592097
0.677118
0.397289
0.841099
0.279927
0.995018
1.0
0.922418
0.491648
0.508938
0.598608
0.433919
0.997949
0.340733
0.304689
0.175311

0.822604
-0.198795
-0.242832
0.387274
0.213162
0.511057
0.470256
1.0
0.287985
1.0
1.0
0.51978
0.54381
0.628791
0.29326
0.849744
0.825421
0.169597
1.0
0.38293

0.784932
-0.482944
0.0
0.280293
-0.370347
1.0
0.432747
0.016044
0.3863
0.683297
0.868938
0.563736
0.6537
0.427326
0.302637
1.0
0.31348
0.22718
0.352747
0.41956

0.794033
-0.60574
-0.05778
0.428646
-0.214203
0.784706
0.387912
0.338095
0.427179
1.0
1.0
0.872015
0.537949
0.498974
0.416923
0.825421
0.567839
0.207399
0.997729
0.38293

0.846476
-0.254292
0.0
0.197022
-0.581384
1.0
0.292234
0.559341
0.300586
1.0
1.0
0.610037
1.0
0.12359
0.538681
0.982051
1.0
0.086081
0.747766
0.202711

0.737257
-0.33995
0.0
0.02851
-0.405098
0.995431
0.078462
0.304689
0.411355
0.947033
0.91304
0.554799
0.393773
0.604469
0.377363
0.849744
0.786447
0.340733
0.529158
0.991355

0.756923
-0.60574
-0.08972
0.280293
-0.512851
0.511057
0.255751
0.0
0.219121
0.995018
1.0
0.610037
0.393773
0.352161
0.379561
0.198608
0.786447
0.412821
0.997729
1.0

0.795192
-0.627888
-0.117035
0.092631
-0.014413
1.0
0.764469
0.527253
0.225421
1.0
0.693846
0.983883
0.482564
0.604469
0.493993
1.0
0.949377
0.27011
1.0
0.118608

0.912126
-0.331282
0.0
-0.55762
-0.214203
1.0
0.298242
1.0
0.237582
0.510403
0.145275
0.640806
0.756996
1.0
0.491648
0.853114
0.982051
0.207399
0.344835
0.364176

0.742093
-0.407958
0.0
-0.22439
0.063261
1.0
0.292234
1.0
0.232161
0.96989
1.0
1.0
0.655458
0.99978
0.225421
0.85033
0.799048
0.27011
1.0
0.967839

0.698219
-0.328011
-0.02738
0.091686
-0.210661
0.637113
0.536777
0.42718
0.225421
0.868938
1.0
0.621758
0.352161
0.550403
0.585128
0.999194
0.600366
0.198169
0.522418
0.991355

0.822604
-1.257807
-0.05778
-0.28074
0.332971
1.0
0.030403
0.0
0.434066
0.723297
0.96989
0.627033
0.474213
0.998315
0.663956
0.699853
0.878755
0.469963
0.192454
0.118608

