open_f
Left

0.873797
0.157896
-0.147537
-0.475397
-0.634425
0.94734
0.006081
0.0
0.319341
0.217363
0.217363
0.0
0.0
0.0
-0.050314
0.0
0.0
-0.037002
0.0
0.0

0.858015
0.068536
-0.197025
-0.630065
-0.914628
0.837429
0.0
0.0
0.465861
0.290769
0.290769
0.0
0.0
0.0
-0.08652
0.0
0.0
-0.08322
0.0
0.0

0.862105
-0.217695
-0.394912
-0.743914
-1.089058
0.976651
0.0
0.0
0.295604
0.26044
0.26044
-0.003205
0.0
0.0
-0.13689
0.0
0.0
-0.124439
0.0
0.0

1.0
0.03517
0.028736
-0.45246
-0.626463
1.0
0.005495
0.0
0.305568
0.335604
0.077875
-0.107318
0.0
0.0
-0.198139
0.0
0.0
-0.265792
0.0
0.0

0.838874
0.169484
-0.633538
-0.7013
-0.936343
1.0
0.000806
0.0
0.097509
0.073187
0.130476
0.040659
0.0
0.0
0.0
0.0
0.0
-0.358295
0.003736
0.0

1.0
0.288011
-0.219053
-0.05993
-1.034972
0.507683
0.092527
0.0
0.261319
0.116996
0.274212
0.0
0.0
0.0
-0.224613
0.0
0.0
-0.002435
0.0
0.0

0.878095
0.288011
-0.260336
-0.019077
-1.014367
0.366946
0.428059
0.0
0.223517
0.08315
0.056484
0.0
0.0
0.0
-0.146195
0.0
0.0
-0.156524
0.02337
0.0

0.853861
0.0
-0.572613
0.340491
-0.484245
0.837429
0.006081
0.0
0.06
0.050623
0.195385
0.035971
0.0
0.0
-0.011372
0.0
0.0
-0.187094
0.033919
0.0

1.0
0.068536
-0.147537
-0.44275
-0.845259
1.0
0.055311
0.0
0.4263
0.087253
0.179853
-0.175222
0.0
0.0
0.0
0.0
0.0
-0.209205
0.0
0.0

0.923722
0.068536
-0.633538
-0.587956
-0.256507
0.574144
0.0
0.0
0.185568
0.130183
0.08315
-0.023882
0.0
0.0
-0.143134
0.0
0.0
-0.09118
0.0
0.0

1.0
0.264018
-0.131512
-0.436987
-0.308676
1.0
0.0
0.0
0.041245
0.399634
0.319048
-0.175222
0.0
0.0
0.147619
0.0
0.0
-0.265792
0.0
0.0

0.818069
0.0
-0.333663
-0.3596
-0.858575
0.793154
0.061172
0.0
0.949963
0.175018
0.063516
0.0
0.0
0.0
0.05707
0.0
0.0
-0.037446
0.045934
0.0

0.94252
0.111825
-0.394912
-0.450692
-1.108169
0.842484
0.15348
0.0
0.178095
0.244908
0.069963
0.05033
0.0
0.0
-0.13689
0.0
0.0
-0.356325
0.001099
0.0

0.873797
-2.171459
0.784268
-0.368946
-0.380983
0.448236
0.0
0.0
0.271868
0.290769
0.257216
0.0
0.0
0.0
-0.123268
0.0
0.0
-0.56092
0.0
0.0

1.0
-0.355127
-0.13315
-0.218431
-0.920438
0.804506
0.23641
0.0
0.047985
0.069963
0.032747
0.0
0.0
0.0
-0.110253
0.0
0.0
-0.020544
0.0
0.018681

0.961779
-0.071852
0.078161
-0.436987
-0.952755
0.507114
0.0
0.0
0.093993
0.194212
0.166374
0.08696
0.0
0.0
-0.036786
0.0
0.0
-0.348
0.0
0.0

1.0
-0.527863
1.699934
-0.34511
-0.626463
0.75787
0.005495
0.0
0.031282
0.274212
0.638755
0.82337
0.0
0.0
-0.257118
0.0
0.0
-0.26026
0.0
0.045934

0.891297
0.396835
0.204946
-0.44275
-0.970305
0.560479
0.044469
0.0
0.319341
0.335604
0.187473
0.0
0.0
0.0
-0.110253
0.0
0.0
-0.054288
0.0
0.0

