open_b
Left

-0.458133
0.086108
-0.116581
0.115171
0.106771
0.120211
0.0
0.0
-0.025952
0.0
0.0
0.0
0.0
0.0
0.0
0.0
0.0
0.0
0.0
0.0

0.253063
0.005327
-0.351591
0.030471
-0.038027
0.1016
0.0
0.0
-0.03476
0.0
0.0
0.0
0.0
0.0
0.0
0.0
0.0
0.0
0.0
0.0

-0.593886
-0.127947
-0.10561
0.089255
0.098242
0.09059
0.0
0.0
0.0
0.0
0.0
0.0
0.0
0.0
0.0
0.0
0.0
0.0
0.0
0.0

0.224615
-0.125616
0.015733
-0.029575
0.075305
0.0
-0.001267
0.0
-0.004606
0.0
0.0
0.0
0.0
0.0
0.0
0.0
0.0
0.0
0.0
0.0

0.041815
0.6284
-0.038194
0.030471
0.007662
0.0
0.0
0.0
0.0
0.0
0.0
0.026007
0.0
0.0
0.0
0.0
0.0
0.02044
0.0
0.00022

-0.058811
-0.741528
0.05415
-0.235964
-0.088452
0.054922
-0.095102
0.141503
0.020147
0.0
0.0
0.0
0.0
0.0
0.0
0.0
0.0
0.0
0.0
0.0

0.591968
0.496957
0.037522
0.303892
-0.038027
0.054203
0.108352
0.024249
0.070256
0.0
0.0
0.0
0.0
0.001978
0.0
0.0
0.0
0.019853
0.0
0.0

-0.191048
-0.190167
-0.355562
0.185926
-0.075292
0.0
0.0
0.0
0.0
0.0
0.0
0.224689
0.0
0.0
0.0
0.0
0.002564
0.0
0.0
0.0

-0.292387
-0.150627
0.22845
0.318427
0.104726
0.2125
0.0
-0.100944
-0.254378
0.0
0.0
0.0
0.0
0.0
0.0
0.00022
0.0
0.0
0.0
0.0

0.276475
-0.337612
-0.019881
0.131326
-0.373917
0.0
0.0
0.0
0.0
0.0
0.0
0.0
0.0
0.001978
-0.117088
0.0
0.0
-0.033609
0.0
0.0

0.555981
-0.258126
-0.351786
0.042876
0.106771
0.342361
0.184835
0.0
0.0
0.0
0.0
0.0
0.0
0.0
0.0
0.0
0.0
-0.01709
0.0
0.0

-0.074424
-0.106565
-0.065065
0.211696
-0.16192
0.0
0.009304
0.0
0.0
0.0
0.0
0.0
0.0
0.0
0.008132
0.0
0.0
0.0
0.0
0.0

0.394161
-0.258126
0.088376
-0.068992
0.049683
0.0
-0.041087
0.0
0.0
0.0
0.0
0.224689
0.0
0.0
0.024378
0.0
0.0
0.0
0.0
0.0

0.123844
0.250044
0.303645
0.432379
-0.099596
0.342361
-0.095102
-0.005214
0.01663
0.0
0.0
0.0
0.001978
0.0
0.0
0.0
0.0
0.0
0.0
0.0

-0.204799
-0.159471
0.332875
0.051387
0.145906
0.0
0.0
-0.037615
0.0
0.0
0.0
0.006081
0.0
0.0
0.044768
0.0
0.0
0.0
0.0
0.0

0.276475
0.005327
0.088376
0.051387
-0.526521
0.329551
-0.08123
-0.006883
-0.03476
0.0
0.0
0.00989
0.0
0.0
0.023663
0.0
0.0
0.0
0.0
0.0

-0.255022
0.056024
0.0
0.115171
0.0
0.203508
-0.041087
-0.055846
0.0
0.0
0.0
0.006081
0.0
0.0
-0.117088
0.0
0.0
0.0
0.0
0.0

0.31802
-0.110248
0.74865
0.060256
0.126695
0.0
-0.028651
-0.000426
0.0
0.0
0.0
0.039194
0.0
0.0
0.036406
0.0
0.0
-0.01709
0.0
0.0

