open_8
Left

0.062336
0.78984
0.0
-0.001233
-0.087003
0.4228
0.013993
0.0
0.316996
0.0
0.0
1.0
1.0
1.0
0.96989
0.0
0.0
0.012821
0.0
0.0

0.031002
0.1916
0.0
0.0
0.114013
0.460411
0.014872
0.0
0.89663
0.0
0.0
1.0
0.945275
0.945275
1.0
0.0
0.0
0.08696
0.0
0.0

0.017308
0.0
0.0
0.0
0.076088
0.267724
0.0
0.0
1.0
0.0
0.0
1.0
1.0
1.0
1.0
0.005495
0.005495
0.158755
0.026886
0.026886

-0.104051
0.063939
0.0
0.312739
-0.22975
0.652801
0.038022
0.0
0.0
0.0
0.0
0.572234
0.46293
0.945275
0.237289
0.0
0.0
0.0
0.0
0.0

0.079976
-0.154056
0.0
0.160467
-0.190447
0.153377
0.071136
0.0
0.193687
0.002564
0.0
0.784689
0.994506
0.344542
0.80022
0.0
0.0
0.027766
0.010183
0.010183

0.125787
-0.14012
0.0
0.121779
-0.101065
0.375821
0.040073
0.0
0.367985
0.0
0.0
1.0
0.044176
0.203004
1.0
0.0
0.0
-0.132843
0.0
0.0

0.051278
-0.141493
0.200463
0.016701
0.033761
0.958256
0.115971
0.0
0.031575
0.0
0.0
0.031962
0.945275
0.354506
0.245201
0.0
0.0
0.060586
0.065568
0.0

-0.014745
0.394527
-0.143258
0.0
-0.033622
0.806614
0.113187
0.011062
0.103077
0.007253
0.0
0.598168
0.313773
0.534725
0.411941
0.0
0.0
0.002564
0.0
0.0

0.060193
-0.112287
-0.019644
0.124781
-0.191401
0.255699
0.0
0.0
0.325788
0.0
0.0
1.0
1.0
1.0
0.237289
0.0
0.008718
0.0
0.0
0.0

0.217383
-0.038312
0.0
0.069785
-0.22975
0.617205
0.234066
0.03011
0.098974
0.0
0.0
0.904249
0.46293
0.998608
0.214139
0.0
0.0
0.0
0.0
0.0

0.162486
0.254272
0.0
0.0
0.029784
0.341572
0.071136
0.0
0.202564
0.0
0.0
1.0
1.0
0.999707
0.237289
0.024249
0.0
0.0
0.002564
0.0

-0.104051
-0.24934
0.0
0.0
-0.190447
0.346571
0.0
0.0
0.367985
0.0
0.0
0.772674
1.0
0.355092
0.689157
0.0
0.0
0.002564
0.0
0.0

0.092104
0.142258
-0.112439
0.408588
0.011309
0.89148
0.096923
0.0
0.325788
0.0
0.0
1.0
0.044176
0.355092
0.245201
0.0
0.0
0.0
0.0
0.0

-0.014745
-0.173143
0.0
0.196937
-0.329587
0.277917
0.202711
0.0
0.277436
0.0
0.0
1.0
0.612088
0.245201
0.399048
0.0
0.0
-0.055392
0.0
0.0

0.21608
-0.255482
-0.386388
0.156539
-0.18321
0.424872
0.218242
0.0
0.624689
0.0
0.0
0.336044
0.650476
0.32989
0.548498
0.0
0.0
-0.058985
0.0
0.0

0.202308
-0.05818
-0.019957
0.124781
-0.329587
0.530177
0.139121
0.0
0.322271
0.0
0.0
1.0
0.994506
0.673333
0.896337
0.0
0.0
0.089597
0.0
0.0

0.198014
-0.231424
0.0
0.0
-0.284489
0.437848
0.071136
0.0
0.095751
0.0
0.0
1.0
0.027179
1.0
0.543224
0.0
0.0
0.0
0.0
0.026886

-0.043314
0.179841
-0.00628
-0.114489
-0.084409
0.624066
0.235092
0.018095
0.202564
0.0
0.0
1.0
0.344542
0.508352
0.566081
0.0
0.0
0.031868
0.0
0.0

