p
Left

0.34697
0.566157
0.0
0.0
0.0
0.752182
0.0
0.0
0.06967
0.0
0.0
1.0
0.0
0.0
1.0
1.0
1.0
1.0
0.849011
0.849011

0.356264
0.654413
0.0
0.0
0.0
0.778387
0.0
0.0
0.169304
0.0
0.0
1.0
0.0
0.0
1.0
1.0
1.0
1.0
0.944396
0.944396

0.345476
0.888785
0.0
0.0
0.0
0.705231
0.0
0.0
0.079341
0.0
0.0
1.0
0.0
0.0
1.0
1.0
1.0
1.0
1.0
1.0

0.466738
-0.628933
0.286449
0.0
0.030007
0.918301
0.642857
0.034212
0.301465
0.0
0.0
1.0
0.027179
0.031575
1.0
1.0
1.0
0.752747
1.0
0.980733

0.345476
-0.763453
-0.471472
0.0
0.0
1.0
0.08989
0.055018
0.037436
0.006081
0.0
1.0
0.017216
0.060586
1.0
1.0
1.0
1.0
0.815165
1.0

0.34697
-0.542696
0.049458
0.0
-0.161903
1.0
0.192161
0.0
0.006081
0.0
0.0
1.0
0.351868
0.0
1.0
1.0
1.0
0.993333
1.0
0.572234

0.891616
0.337241
0.0
0.0
-0.022997
0.752182
0.223516
0.0
0.244615
0.0
0.0
1.0
0.028938
0.031575
1.0
1.0
1.0
1.0
0.999487
1.0

1.0
-1.128736
0.0
0.0
0.001741
1.0
0.201539
0.017509
0.224103
0.0
0.0
1.0
0.050623
0.0
1.0
1.0
1.0
0.988571
0.815165
0.234652

0.628579
-1.328956
-0.471472
0.0
0.0
1.0
0.012234
0.047985
0.300147
0.0
0.0
1.0
0.013993
0.050623
1.0
1.0
1.0
1.0
0.644615
1.0

0.876552
-0.186079
-0.169098
0.0
0.0
0.949941
0.275385
0.034212
0.169304
0.0
0.0
0.67304
0.166374
0.0
1.0
1.0
1.0
1.0
1.0
1.0

0.782025
0.791164
-0.561467
0.0
0.225964
1.0
0.60652
0.0
0.278022
0.0
0.0
0.578095
0.0
0.167839
1.0
1.0
1.0
0.632601
1.0
0.99978

1.0
-0.771825
0.0
0.0
0.023328
0.705231
0.452381
0.022784
0.214139
0.0
0.0
1.0
0.262784
0.052674
0.963443
0.099853
1.0
1.0
0.849011
1.0

0.557037
-1.294993
-0.236035
0.0
0.0
0.713009
0.574579
0.0
0.364762
0.0
0.0
1.0
0.0
0.148205
1.0
1.0
1.0
0.508205
0.998901
0.806081

0.618263
-0.218224
0.0
0.0
-0.006836
0.705231
0.192161
0.0
0.178974
0.0
0.0
1.0
0.017509
0.195971
1.0
1.0
0.712894
0.893114
0.99978
1.0

0.982288
-0.536364
-0.471472
0.0
0.0
0.867644
0.447692
0.0
0.037436
0.0
0.0
0.626154
0.059414
0.059414
1.0
1.0
1.0
1.0
1.0
1.0

0.722335
0.476227
0.0
0.0
0.059374
0.778387
0.133114
0.0
0.079341
0.033919
0.0
1.0
0.060586
0.017509
1.0
1.0
1.0
1.0
1.0
1.0

0.345198
-0.958473
-0.169098
0.0
0.0
1.0
0.380586
0.0
0.254286
0.0
0.0
1.0
0.142051
0.0
1.0
0.90044
1.0
0.975824
1.0
0.997729

0.624523
-0.336788
0.0
0.0
0.039018
0.949941
0.275385
0.0
0.037436
0.0
0.0
1.0
0.097216
0.1863
1.0
1.0
0.099853
0.952601
1.0
1.0

