spread_open_e
Left

0.352752
0.621149
-0.688296
-0.473212
-0.423488
0.29674
0.0
0.0
-0.038677
1.0
1.0
0.0
1.0
1.0
0.101027
1.0
1.0
0.069963
0.626886
0.626886

0.31884
0.708888
-0.538525
-0.273454
-0.410798
0.265566
0.0
0.0
-0.005423
1.0
1.0
0.0
1.0
1.0
0.100087
1.0
1.0
0.060879
0.70967
0.70967

0.288278
0.804243
-0.462713
-0.385594
-0.342072
0.092163
0.0
0.0
0.0
1.0
1.0
0.0
1.0
1.0
0.017052
1.0
1.0
0.080806
0.73619
0.73619

0.433869
0.61644
-0.121143
-0.343931
-0.630488
0.648643
0.13326
0.000806
-0.089616
1.0
1.0
-0.13386
0.877875
0.99978
-0.164678
1.0
0.999194
0.0
0.514506
1.0

0.17559
0.592998
-0.107347
0.209158
-0.234315
0.773809
0.121245
0.0
-0.044385
0.99978
1.0
-0.189202
0.772088
0.998022
0.114212
1.0
0.769451
0.176923
0.891941
0.321685

0.033702
0.426773
0.023698
-0.273454
-0.584273
0.73033
0.12359
0.006374
-0.02564
1.0
1.0
-0.135868
1.0
0.998608
-0.164604
1.0
1.0
0.069963
0.33707
0.275238

0.098158
0.743323
0.219865
0.330879
-0.474779
0.73033
0.659267
0.104835
-0.262573
1.0
1.0
-0.125963
0.90337
0.998022
-0.014298
1.0
1.0
0.159141
0.350403
0.629817

0.516115
0.708888
1.348773
-0.622647
-0.215033
0.823915
0.0
0.741026
-0.025342
1.0
1.0
-0.051164
0.995678
1.0
-0.019357
0.424542
1.0
0.360366
0.504835
0.852967

-0.019507
0.426773
0.075338
-0.198506
-0.103919
0.566774
0.0
0.0
-0.038935
1.0
1.0
-0.279364
1.0
0.976044
-0.202417
1.0
0.999194
0.007546
0.358022
0.183956

0.274415
0.545997
-0.160597
-0.390706
0.495798
1.0
0.025128
0.369451
-0.072696
1.0
1.0
-0.148842
0.844176
1.0
-0.057558
0.641392
0.999194
0.071722
1.0
0.321685

0.388518
0.514359
0.010232
0.009643
-0.578559
0.626502
0.088718
0.0
0.0
0.826886
1.0
-0.057813
0.841099
0.682418
-0.015745
1.0
0.891062
0.336337
0.493114
1.0

-0.11107
0.718532
-0.107347
-0.091485
-0.474874
0.73033
0.659267
0.0
-0.089867
1.0
1.0
-0.090647
0.469963
0.976044
-0.019357
1.0
0.424542
-0.123057
0.520806
0.376777

0.47415
0.712372
0.002966
-0.211888
-0.298521
0.626502
0.259121
0.097509
-0.14617
1.0
1.0
-0.342456
0.772088
0.867766
-0.063176
0.641392
0.999194
0.078755
0.652821
0.70967

0.352752
0.623696
0.536018
-0.273454
-0.605425
0.608383
0.0
0.0
0.029231
1.0
1.0
-0.076302
0.90337
1.0
-0.139284
1.0
0.594945
0.021319
1.0
0.585128

0.098158
0.563119
0.257672
-0.411479
-0.705279
0.333638
0.659267
0.058535
0.017993
1.0
1.0
-0.175754
0.998608
1.0
-0.170074
1.0
1.0
0.0
1.0
0.183956

0.435055
0.659755
0.0623
-0.095339
-0.394665
0.773809
0.354212
0.022491
0.075531
1.0
1.0
-0.256979
0.765934
0.998901
-0.081413
1.0
1.0
0.021319
0.906593
0.33707

-0.273382
0.330685
-0.207986
-0.30365
-0.450762
0.545532
0.121245
0.0
-0.025342
1.0
1.0
0.0
1.0
1.0
-0.26322
1.0
0.999194
0.023077
0.70967
0.433626

-0.019507
0.454779
0.147342
-0.231457
-0.452295
0.168462
0.659267
0.0
-0.390017
1.0
1.0
-0.049161
0.918608
0.83304
-0.126241
0.981026
1.0
0.007546
0.982198
0.73619

