v
Left

0.20334
0.648034
0.044213
0.0
-0.184066
1.0
1.0
0.0
-0.137746
0.0
0.0
0.0
0.0
0.0
1.0
1.0
1.0
0.697363
1.0
1.0

0.244095
0.432819
0.156213
0.0
-0.074965
1.0
1.0
0.120366
-0.094906
0.0
0.0
0.06293
0.0
0.0
1.0
1.0
1.0
0.752454
1.0
1.0

0.271473
0.552971
0.203178
-0.047198
-0.03666
1.0
1.0
0.001392
-0.116333
0.0
0.0
0.0
0.0
0.0
0.858388
1.0
1.0
0.78337
0.975458
0.975458

0.832129
0.382288
-0.037232
0.0
0.348241
1.0
1.0
0.485202
0.077123
0.0
0.0
0.0
0.0
0.0
1.0
1.0
1.0
0.176777
1.0
0.999194

0.609164
0.764934
0.044213
-0.157439
0.197902
1.0
0.557729
0.00696
-0.116911
0.0
0.0
0.154945
0.0
0.0
0.736484
1.0
1.0
0.369304
1.0
0.679487

0.499986
0.73449
-0.258003
0.260554
0.325502
1.0
0.799048
0.558169
0.031575
0.0
0.0
-0.187937
0.0
0.0
1.0
1.0
1.0
0.305275
0.944689
1.0

0.499986
0.552971
0.262011
0.236318
0.384273
1.0
0.615311
0.416923
-0.116911
0.0
0.0
0.0
0.0
0.0
0.858388
1.0
1.0
0.724908
0.99978
0.941172

0.609164
0.571901
0.044213
0.260554
0.542598
1.0
1.0
0.376191
-0.100613
0.0
0.0
0.06293
0.0
0.0
1.0
1.0
1.0
0.176777
0.288278
0.999194

0.583034
0.321062
-0.18971
0.215681
0.209802
1.0
0.35641
0.043004
0.028394
0.0
0.0
0.0
0.0
0.0
0.54381
1.0
1.0
0.670989
1.0
1.0

0.832129
0.552971
-0.180252
0.0
0.185171
1.0
1.0
0.274506
-0.100613
0.0
0.0
0.243297
0.0
0.0
1.0
1.0
1.0
0.805055
1.0
0.99978

0.881365
0.604952
-0.342641
0.215681
0.12629
1.0
0.3
0.147326
0.0
0.0
0.0
0.154945
0.0
0.0
1.0
1.0
0.787326
1.0
1.0
1.0

0.322247
0.648034
-0.037232
0.0
0.454534
1.0
0.533846
0.125055
0.013407
0.0
0.0
0.0
0.0
0.0
0.835385
0.999487
1.0
1.0
0.288278
0.821905

0.793886
0.351397
-0.039055
-0.083921
0.342141
1.0
1.0
0.07348
-0.00102
0.0
0.0
0.02337
0.0
0.0
1.0
0.999487
1.0
1.0
1.0
0.99978

0.474443
0.518956
-0.194803
0.073764
0.428524
1.0
1.0
0.076996
-0.281893
0.0
0.0
0.367106
0.0
0.0
0.394945
1.0
0.999487
0.304103
1.0
1.0

0.585361
0.633915
-0.209244
0.0
0.541548
1.0
0.64022
0.0
0.028394
0.0
0.0
0.001978
0.0
0.0
0.725788
0.691209
1.0
0.805055
1.0
1.0

0.247915
0.501119
-0.071053
0.0
0.177984
1.0
1.0
0.242418
0.028394
0.0
0.0
0.017509
0.0
0.0
0.423956
1.0
0.999487
0.53619
1.0
1.0

0.548331
0.764934
-0.175624
0.129079
0.428953
1.0
1.0
0.558169
0.0
0.0
0.0
0.0
0.0
0.0
0.725788
1.0
1.0
0.540293
1.0
0.999487

0.271473
0.500353
0.098743
-0.083921
0.584984
1.0
1.0
0.88315
0.048278
0.0
0.0
0.218388
0.0
0.0
0.736484
1.0
1.0
0.369304
1.0
1.0

