3
Left

0.123434
0.458355
-0.316215
0.0
0.0
0.320473
0.053846
0.0
-0.251961
0.0
0.0
0.48696
0.0
0.0
1.0
0.705275
0.705275
1.0
1.0
1.0

0.34789
0.526457
-0.656744
0.0
0.0
0.542563
0.049744
0.0
-0.199999
0.0
0.0
0.377363
0.0
0.0
1.0
0.950549
0.950549
1.0
1.0
1.0

0.30565
0.227902
-0.395784
0.0
0.0
0.561426
0.081099
0.0
-0.089603
0.0
0.0
0.547033
0.0
0.0
1.0
1.0
1.0
1.0
1.0
1.0

0.180692
0.227902
-0.517496
0.0
0.224863
0.0
0.298535
-0.033865
0.0
0.0
0.0
0.370916
0.0
0.0
1.0
1.0
1.0
1.0
0.999194
1.0

0.390946
-0.261444
0.127911
0.0
0.213653
0.039991
-0.104546
0.030696
0.091941
0.0
0.0
0.333407
0.0
0.0
0.686227
1.0
1.0
1.0
1.0
1.0

0.800855
0.030487
-0.033007
0.007188
0.122216
0.245816
-0.22253
-0.183979
0.079927
0.0
0.0
0.275971
0.0
0.0
0.75304
1.0
1.0
0.920366
0.720073
1.0

0.20653
0.921852
-0.383917
-0.061078
0.224863
0.39245
-0.118773
0.0
0.049158
0.0
0.0
0.188645
0.0
0.0
0.3337
1.0
1.0
1.0
1.0
1.0

-0.159807
0.215558
-0.63843
0.0
0.0
0.0
-0.21166
0.030696
0.052674
0.0
0.0
0.257802
0.0
0.0
0.904835
0.675824
1.0
1.0
0.99978
1.0

0.573363
0.030487
-0.001174
0.0
0.162285
0.0
0.092527
0.0
0.0263
0.0
0.0
0.228352
0.0
0.0
0.901612
0.974579
0.827179
0.662784
1.0
0.997729

0.11922
0.227902
-0.161936
0.138361
0.017072
0.032901
-0.096395
-0.029677
0.092821
0.0
0.0
0.171648
0.0
0.0
1.0
1.0
0.999487
0.93033
0.999194
1.0

0.598971
0.231449
0.037973
0.0
0.164284
0.0
0.0
0.0
0.091941
0.0
0.0
0.141026
0.0
0.0
1.0
0.950549
1.0
0.814872
1.0
1.0

0.680393
0.230256
-0.141164
0.026791
0.162285
0.0
-0.10427
-0.1875
0.038022
0.0
0.0
0.763883
0.0
0.0
1.0
1.0
1.0
1.0
0.805788
0.53033

0.255626
0.307337
-0.63843
0.0
0.0
0.0
0.049744
0.0
-0.089603
0.0
0.0
0.377363
0.0
0.0
1.0
1.0
1.0
1.0
1.0
1.0

0.126558
0.318102
0.008921
0.0
0.0
0.027272
0.094872
-0.124127
0.013889
0.0
0.0
0.48696
0.0
0.0
0.901612
0.593919
1.0
0.899854
0.720073
0.997729

-0.169203
0.447107
-0.46114
0.05798
0.224863
0.0
0.298535
-0.02596
0.015165
0.0
0.0
0.0
0.0
0.0
0.958461
1.0
1.0
0.523883
1.0
1.0

0.331335
0.113357
-0.19374
0.0
0.145568
0.245816
-0.0926
-0.068774
0.034799
0.0
0.0
0.031575
0.0
0.0
0.952894
0.708791
0.950549
1.0
1.0
0.805788

0.138444
0.24174
-0.474652
0.0
0.436129
0.0
-0.024288
0.0
-0.087153
0.0
0.0
0.257802
0.0
0.0
0.411355
0.738095
1.0
0.67011
1.0
0.689744

-0.725646
0.178209
-0.054673
0.044317
0.0
0.249264
0.066154
-0.128896
0.25663
0.0
0.0
0.262491
0.0
0.0
1.0
1.0
1.0
1.0
1.0
0.744835

