7
Left

0.105996
0.512927
-0.15238
0.003763
-0.036408
1.0
0.282564
0.0
-0.037869
0.0
0.0
0.434506
0.0
0.0
0.356557
0.187766
0.187766
0.081392
0.013993
0.013993

-0.007088
0.463215
-0.107022
-0.045622
-0.065115
1.0
0.636703
0.0
-0.019679
0.0
0.0
0.223811
0.0
0.0
0.151136
0.201245
0.201245
0.052967
0.002857
0.002857

-0.11982
0.419322
-0.165305
0.039038
-0.226625
1.0
0.679194
0.0
-0.013245
0.0
0.0
0.319927
0.0
0.0
0.065275
0.267619
0.267619
0.048864
0.0
0.0

0.658763
0.681143
-0.107022
0.023117
0.091896
1.0
0.726081
0.336923
0.035092
0.0
0.0
0.021612
0.0
0.0
0.37326
1.0
1.0
-0.019583
0.0
0.0

0.720989
0.633001
-0.099019
0.03016
0.104908
1.0
0.790696
0.310256
0.0
0.0
0.003736
0.006667
0.0
0.0
0.413114
1.0
1.0
0.0
0.0
0.0

0.632898
0.419322
0.009436
-0.045622
-0.234053
1.0
0.679194
0.0
-0.068455
0.003736
0.0
-0.11232
0.0
0.0
0.270403
1.0
0.688571
0.011062
0.026886
0.0

0.776756
0.715806
0.081275
-0.085199
-0.1261
1.0
0.210476
0.018681
-0.081629
0.0
0.0
0.232601
0.0
0.0
0.828059
1.0
1.0
0.034505
0.0
0.0

0.323781
0.427798
0.207366
-0.023366
-0.170664
1.0
0.764762
0.0
-0.04844
0.0
0.0
0.000806
0.0
0.0
0.590696
1.0
1.0
0.0
0.0
0.026886

0.765232
0.694437
0.129076
0.156716
-0.161905
1.0
0.790696
0.278608
-0.073021
0.0
0.0
0.0
0.0
0.0
0.176044
1.0
0.899853
0.047692
0.0
0.0

0.725351
-0.024866
0.76127
0.074649
-0.179744
1.0
0.769451
0.0
0.0
0.0
0.0
0.069377
0.0
0.0
0.24022
1.0
1.0
0.006667
0.0
0.023956

0.817429
0.272392
0.151991
0.227384
-0.178668
1.0
1.0
0.319634
0.001685
0.0
0.0
0.058828
0.0
0.0
0.337216
1.0
1.0
0.006374
0.013114
0.006374

0.718478
0.633001
0.061906
0.0
0.104908
1.0
0.222637
0.903663
0.0
0.0
0.0
0.033626
0.0
0.0
0.436557
0.999487
1.0
0.002857
0.013993
0.0

0.725351
0.338634
0.07501
0.126219
0.114561
1.0
1.0
0.166374
0.035092
0.0
0.0
0.223811
0.0
0.0
0.176044
0.660147
1.0
0.047692
0.015751
0.0

-0.007088
0.234915
0.061906
0.158994
-0.249359
1.0
1.0
0.0
0.0
0.0
0.0
0.015751
0.001978
0.001978
0.506007
1.0
0.999487
0.006374
0.0
0.069377

0.860372
0.709868
0.056195
0.049597
-0.037734
1.0
0.585714
0.336923
-0.166596
0.0
0.0
0.149963
0.0
0.0
0.640659
1.0
1.0
0.0
0.0
0.0

0.905174
0.324334
-0.577612
0.413694
-0.199469
1.0
1.0
0.0
0.008425
0.0
0.0
0.05326
0.0
0.0
0.273919
1.0
0.765934
0.0
0.0
0.0

0.710481
0.318901
0.07501
0.0
-0.065115
1.0
0.210476
0.016337
-0.035313
0.0
0.0
0.060879
0.0
0.0
0.270989
1.0
0.187766
0.138095
0.002857
0.013114

1.0
0.224074
0.129076
0.126219
-0.161905
1.0
0.679194
0.0
-0.124521
0.0
0.0
0.080513
0.0
0.0
0.183663
0.999487
1.0
0.032161
0.0
0.0

