a
Left

0.005782
0.0
0.0
0.0
0.0
0.0
-0.221702
-0.061944
1.0
1.0
1.0
1.0
1.0
1.0
1.0
1.0
1.0
1.0
1.0
1.0

-0.073328
0.0
0.0
0.0
0.0
0.0
-0.35536
0.75569
1.0
1.0
1.0
1.0
1.0
1.0
1.0
1.0
1.0
1.0
1.0
1.0

-0.036385
0.0
0.0
0.0
0.0
0.0
-0.184405
0.461866
1.0
1.0
1.0
1.0
1.0
1.0
1.0
1.0
1.0
1.0
1.0
1.0

0.495842
0.0
0.0
0.0
0.0
0.0
-0.039461
-0.031781
1.0
1.0
1.0
1.0
1.0
1.0
1.0
1.0
1.0
1.0
0.999194
0.999194

0.167877
0.0
0.0
0.0
0.0
0.0
0.0
0.164322
0.550843
1.0
1.0
1.0
1.0
1.0
1.0
0.999194
1.0
0.998022
1.0
1.0

0.663291
0.023192
0.0
0.0
0.0
0.0
-0.306216
-0.051273
1.0
1.0
1.0
1.0
1.0
1.0
1.0
1.0
1.0
1.0
1.0
1.0

0.741857
0.0
-0.047163
0.0
0.0
0.0
-0.070416
-0.091366
0.999487
0.936996
1.0
1.0
0.998315
1.0
1.0
1.0
1.0
1.0
1.0
1.0

0.521801
0.0
0.0
0.0
0.0
0.0
-0.346118
0.0
1.0
1.0
1.0
1.0
1.0
0.998022
1.0
1.0
1.0
0.99978
1.0
1.0

-1.031081
0.0
0.0
0.0
0.0
0.0
-0.172953
0.0
1.0
1.0
1.0
1.0
1.0
0.998022
1.0
1.0
0.999487
0.997143
1.0
1.0

0.592547
-0.000123
0.0
0.0
0.0
0.0
-0.157334
0.10674
1.0
1.0
1.0
1.0
1.0
0.99011
1.0
1.0
1.0
1.0
0.684176
1.0

0.347793
-0.000263
0.0
0.0
0.0
0.0
-0.323479
-0.108167
1.0
1.0
1.0
1.0
0.99978
1.0
1.0
1.0
1.0
1.0
1.0
0.999194

0.970639
0.0
0.0
0.0
0.0
0.0
0.0
0.75569
0.550843
1.0
1.0
1.0
1.0
1.0
1.0
1.0
1.0
0.998022
0.999487
0.999487

0.660171
0.0
0.0
0.0
0.0
0.0
-0.35536
-0.1875
0.99978
1.0
1.0
1.0
1.0
1.0
1.0
1.0
0.961392
0.91011
0.99978
0.998901

-0.117054
0.0
0.0
0.0
0.000246
0.484245
0.0
-0.153716
1.0
1.0
1.0
1.0
1.0
1.0
1.0
0.999487
1.0
1.0
1.0
0.67978

0.167877
0.0
0.0
0.0
0.0
0.976967
-0.227841
-0.016351
1.0
1.0
1.0
1.0
0.998608
1.0
1.0
1.0
1.0
1.0
1.0
1.0

0.64066
0.0
-0.000459
-0.004927
0.0
0.0
-0.157334
0.003701
1.0
1.0
1.0
1.0
1.0
1.0
1.0
1.0
1.0
0.998022
1.0
1.0

0.491351
0.0
0.0
0.0
0.002825
0.039844
-0.132896
0.461866
1.0
1.0
1.0
1.0
1.0
0.998608
1.0
1.0
1.0
1.0
0.997729
1.0

-0.054913
0.0
0.0
0.0
0.0
0.141833
-0.363636
-0.1875
1.0
1.0
1.0
1.0
0.99978
0.998022
1.0
1.0
1.0
1.0
1.0
1.0

