baby_o
Left

0.795794
-0.174971
0.0
0.0
0.0
0.793001
0.094872
1.0
0.468205
0.482564
0.482564
1.0
1.0
1.0
1.0
0.964689
0.964689
1.0
1.0
1.0

0.820442
-0.273929
0.0
0.0
0.0
0.997985
0.08696
1.0
0.445348
0.302051
0.302051
1.0
1.0
1.0
1.0
1.0
1.0
1.0
1.0
1.0

0.744736
-0.17144
0.0
0.0
0.0
0.951933
0.087839
1.0
0.391136
0.350696
0.350696
1.0
1.0
1.0
1.0
0.998828
0.998828
1.0
1.0
1.0

0.756922
0.0
0.0
0.049364
0.0
1.0
0.102198
0.0
0.70674
0.667473
1.0
1.0
1.0
1.0
0.963736
1.0
1.0
0.998022
0.718755
0.821612

0.820442
-0.226782
0.0
0.0
0.0
1.0
0.261319
1.0
0.352747
0.738242
0.212674
1.0
1.0
0.998608
0.971062
1.0
1.0
0.997143
1.0
0.997729

0.650151
-0.341585
-0.000281
0.0
0.0
0.918128
0.140586
0.0
1.0
1.0
0.667473
1.0
0.99978
0.998022
1.0
1.0
1.0
1.0
1.0
0.998901

0.618026
-0.023061
0.0
0.0
0.0
1.0
0.069084
0.0
0.529451
0.863077
1.0
1.0
1.0
0.998022
1.0
1.0
1.0
0.837143
1.0
1.0

0.682021
-0.257971
0.0
0.0
0.0
0.909104
0.05707
0.131795
0.435971
0.738242
0.174286
1.0
0.999194
1.0
1.0
1.0
0.915385
0.998022
1.0
0.976044

0.66843
-0.331608
0.0
0.0
0.0
0.88666
0.140586
0.0
0.474359
0.541612
1.0
1.0
1.0
1.0
1.0
1.0
1.0
0.718462
1.0
0.99978

0.742925
0.0
0.0
0.0
0.000248
0.863444
0.027179
0.0
1.0
1.0
0.503077
1.0
1.0
1.0
1.0
1.0
1.0
1.0
0.386007
0.998901

0.639784
-0.25155
0.0
0.0
0.0
0.996986
0.0
0.0
1.0
0.738242
0.212674
1.0
0.998608
1.0
1.0
1.0
1.0
0.998022
1.0
0.827619

0.673367
-0.147939
0.0
0.0
0.0
1.0
0.046813
0.0
0.809304
1.0
0.695311
1.0
1.0
0.998022
1.0
0.999194
0.964689
0.983956
1.0
0.999194

0.682021
0.0
0.0
0.0
0.0
1.0
0.069084
0.054139
1.0
1.0
0.437436
1.0
0.998022
1.0
1.0
0.998828
1.0
1.0
1.0
1.0

0.653547
-0.503169
0.0
0.0
0.0
1.0
0.272308
0.0
1.0
0.347326
0.618828
1.0
0.997436
0.998608
1.0
1.0
1.0
0.837143
1.0
0.386007

0.653155
0.345038
0.0
0.0
0.012739
1.0
0.074945
0.0
1.0
0.503077
1.0
1.0
0.713773
1.0
1.0
1.0
1.0
1.0
1.0
0.999194

0.945321
-0.331608
0.0
0.0
0.0
0.996986
0.352747
0.0
0.695897
0.135018
1.0
1.0
1.0
0.998315
1.0
1.0
1.0
0.815018
0.970476
0.386007

0.543867
-0.116627
0.0
0.0
0.009612
0.843863
0.355824
0.0
0.825714
1.0
0.667473
0.99978
1.0
0.998315
0.971062
1.0
0.975604
0.99978
0.997729
1.0

0.691204
0.458004
0.0
0.0
0.0
1.0
0.027179
0.131795
0.70674
0.412528
0.347326
1.0
0.998608
1.0
1.0
0.999487
0.999487
0.977729
1.0
1.0

