bent_l
Left

0.690174
0.309019
-0.496294
-0.082372
-0.182069
0.399733
0.052088
0.212381
0.045348
0.307326
0.307326
0.196117
1.0
1.0
0.917436
1.0
1.0
0.27304
1.0
1.0

0.75533
0.316832
-0.322943
-0.232292
-0.217551
0.373931
0.118022
0.448278
0.0
0.283297
0.283297
0.072601
1.0
1.0
0.471136
1.0
1.0
0.201549
1.0
1.0

0.603887
-0.161298
-0.545616
-0.086269
-0.122682
0.669284
0.072308
0.0
0.091062
0.210183
0.210183
0.296923
1.0
1.0
0.574286
1.0
1.0
0.213075
1.0
1.0

0.603887
0.259432
0.0
0.0
-0.396667
0.003334
-0.18348
0.0
0.0
0.99978
0.210183
1.0
0.998608
1.0
1.0
1.0
1.0
0.943956
0.767106
1.0

0.784666
0.157564
0.0
0.0
-0.217551
0.239323
0.036264
-0.104298
0.0
1.0
0.69707
0.99978
0.998315
1.0
0.926227
1.0
1.0
1.0
1.0
0.997729

0.502515
0.004416
0.0
0.0
0.0
0.0
0.0
-0.053474
0.263956
1.0
1.0
1.0
0.998608
1.0
0.823077
1.0
1.0
1.0
0.998901
1.0

0.911299
-0.062543
0.0
-0.267971
-0.00086
0.0
-0.276229
-0.053885
0.041245
1.0
0.630256
0.64022
0.998608
1.0
0.707033
1.0
1.0
0.751868
1.0
0.999487

0.968499
-0.02333
-0.322943
0.0
-0.182069
0.0
-0.086313
0.047439
0.003736
1.0
0.810183
1.0
1.0
1.0
1.0
1.0
1.0
0.867033
0.552161
0.999194

0.632159
0.327142
1.243211
0.0
0.336715
0.0
0.0
0.0
0.281392
0.210183
0.082857
1.0
1.0
0.940586
1.0
1.0
1.0
1.0
1.0
1.0

1.0
-0.062543
0.0
0.476857
0.0
0.0
-0.189506
-0.068859
0.0
0.045641
0.313773
1.0
1.0
0.810183
1.0
1.0
1.0
1.0
0.839634
0.997729

1.0
-0.317568
-0.139652
0.05353
0.0
0.181265
-0.027157
-0.104298
0.0
0.527985
1.0
0.625568
1.0
0.999194
1.0
1.0
1.0
1.0
1.0
0.997729

0.249254
-0.129396
-0.000253
0.0
-0.396667
0.003334
0.0
-0.1875
0.463223
0.131209
0.730916
0.909231
1.0
1.0
0.823077
1.0
1.0
1.0
0.850476
0.850476

0.20493
0.167462
0.090715
-0.011333
0.387112
0.0
-0.151707
0.0
0.0
0.837436
1.0
1.0
1.0
1.0
1.0
1.0
0.942344
1.0
0.999194
1.0

0.604054
-0.129396
0.0
0.0
0.0
0.669284
-0.28865
-0.148398
0.154066
1.0
1.0
1.0
0.99978
1.0
1.0
0.919194
1.0
0.201549
0.997729
1.0

0.779895
0.293563
0.0
0.0
0.0
0.0
-0.215852
0.0
0.328132
0.05033
1.0
1.0
0.998022
1.0
1.0
0.649744
1.0
0.218388
0.99978
0.99978

-0.29213
-0.06913
-0.663405
0.0
0.0
0.0
-0.16471
-0.186171
0.058828
0.534139
1.0
0.974066
1.0
1.0
0.757289
1.0
0.999194
1.0
1.0
0.801832

-0.154673
0.399675
-0.139606
0.0
0.0
0.0
-0.275079
-0.121674
0.017216
1.0
0.730183
0.492234
0.645202
1.0
0.529158
1.0
1.0
0.988718
0.999487
0.998901

-0.002284
-0.129396
0.0
0.05353
-0.014577
0.181265
-0.014469
0.151548
0.0
1.0
1.0
0.930476
0.998608
1.0
1.0
1.0
1.0
0.575165
1.0
1.0

