closed_b
Left

0.432918
-0.021535
-0.0778
0.186208
0.354146
1.0
1.0
0.0
-0.067481
0.0
0.0
0.017216
0.0
0.0
0.0
0.0
0.0
0.0
0.0
0.0

0.083847
0.014368
-0.291338
0.176942
0.393694
1.0
1.0
0.0
-0.094372
0.0
0.0
0.015165
0.0
0.0
0.0
0.0
0.0
0.0
0.0
0.0

0.099591
-0.087119
-0.06697
0.120039
0.299419
1.0
1.0
0.009011
-0.099162
0.0
0.0
0.0
0.0
0.0
0.0
0.0
0.0
0.0
0.0
0.0

0.010804
0.092097
-0.0037
0.121138
0.194549
1.0
0.974579
0.257216
0.089597
0.0
0.0
0.008718
0.0
0.0
0.0
0.0
0.0
0.023077
0.0
0.0

0.399313
0.02048
0.111992
0.233525
0.465973
1.0
1.0
0.03304
0.0
0.0
0.0
0.0
0.0
0.0
0.021319
0.0
0.0
0.034212
0.0
0.0

0.430882
0.407145
0.279226
0.313817
0.070673
1.0
1.0
0.047399
0.044762
0.0
0.0
0.004615
0.0
0.0
0.0
0.0
0.0
0.016337
0.0
0.0137

0.424325
-0.07635
0.16556
0.106289
0.221414
1.0
0.863517
0.161685
0.0
0.0
0.0
0.0
0.0
0.0
0.0
0.0
0.0
0.0
0.0
0.0

-0.039043
0.171428
-0.266615
0.397712
0.240397
1.0
1.0
0.470256
0.009597
0.0
0.0
0.0
0.0
0.0
0.003736
0.0
0.0
0.0
0.0
0.0

0.007602
-0.102515
0.040434
0.323785
0.326976
1.0
1.0
0.142344
-0.012225
0.0
0.0
0.0
0.0
0.0
0.083443
0.0
0.0
0.0
0.0
0.0

0.35223
-0.383024
0.129264
0.162795
0.343002
1.0
1.0
0.011941
0.093114
0.0
0.0
0.0
0.0
0.0
0.052381
0.0
0.0
0.004615
0.0
0.0

0.517664
0.056565
0.040445
0.194582
0.201399
1.0
1.0
0.0
0.0
0.0
0.0
0.045348
0.0
0.0
0.028352
0.0
0.0
0.0
0.0
0.0

0.076559
0.092097
-0.138426
0.49716
0.253774
1.0
1.0
0.0
0.12562
0.0
0.0
0.0
0.0
0.0
0.0
0.0
0.0
0.037436
0.0
0.0

0.486858
0.302909
-0.06979
0.223214
0.121888
1.0
1.0
0.002564
-0.052419
0.0
0.0
0.0
0.0
0.0
0.0
0.0
0.0
0.0
0.0
0.0

0.517664
0.171428
0.129264
0.397712
0.17924
1.0
1.0
0.064982
0.0
0.0
0.0
0.0
0.0
0.0
0.072308
0.0
0.0
0.0
0.0
0.0

0.362363
-0.188472
0.085412
0.091544
0.266565
1.0
1.0
0.009011
-0.067481
0.0
0.0
0.007839
0.0
0.0
0.0
0.0
0.0
0.0
0.0
0.0

0.365823
-0.183311
-0.06979
0.159138
0.297608
1.0
1.0
0.018388
0.0
0.0
0.0
0.0
0.0
0.0
0.002857
0.0
0.0
0.012821
0.0
0.0

0.54101
0.302909
0.050388
0.315894
0.237844
1.0
1.0
0.0
0.0
0.0
0.0
0.0
0.0
0.0
0.0
0.0
0.0
0.039194
0.010183
0.0

0.432918
-0.104698
-0.053431
0.295982
0.594166
1.0
0.863517
1.0
0.008718
0.0
0.0
0.0
0.0
0.0
0.021612
0.0
0.0
0.0
0.0
0.0

