closed_e
Left

0.561924
-0.333119
0.0
-0.031847
-0.026187
1.0
1.0
1.0
0.590403
1.0
1.0
1.0
1.0
1.0
0.785568
1.0
1.0
0.382637
1.0
1.0

0.801889
-0.304589
0.0
0.0
0.197993
1.0
1.0
1.0
0.730476
1.0
1.0
1.0
1.0
1.0
1.0
1.0
1.0
0.493407
1.0
1.0

0.600654
-0.291325
0.0
0.0
0.154389
1.0
1.0
1.0
0.601245
1.0
1.0
1.0
1.0
1.0
1.0
1.0
1.0
0.492821
1.0
1.0

0.809486
-0.173511
0.016235
0.118629
0.521341
1.0
1.0
0.0
0.59011
1.0
1.0
0.519048
1.0
0.998608
0.417216
1.0
1.0
0.221758
0.99978
1.0

0.785504
-0.097653
0.037822
-0.383713
0.111144
1.0
1.0
1.0
0.990037
1.0
1.0
0.458974
0.998022
1.0
0.204762
0.999487
1.0
0.332967
1.0
1.0

0.597631
0.0
0.155098
0.0
0.758051
1.0
1.0
0.998828
0.602271
1.0
1.0
0.551722
1.0
0.99978
0.505861
1.0
1.0
0.219854
1.0
0.99978

0.621369
0.0
0.0
0.249784
0.350471
1.0
1.0
1.0
0.89326
1.0
1.0
0.769451
1.0
0.99978
1.0
1.0
1.0
0.221758
1.0
1.0

0.702532
-0.021028
-0.001378
-0.266228
0.553794
1.0
1.0
0.074066
1.0
1.0
1.0
0.840806
1.0
1.0
0.221026
1.0
1.0
0.333114
1.0
1.0

1.0
0.0
0.0
0.0
0.227003
1.0
1.0
0.262491
1.0
1.0
1.0
0.551722
1.0
1.0
0.484469
0.999194
0.999194
0.166374
1.0
0.99978

0.600654
-0.333119
0.0
0.072844
0.177366
1.0
1.0
0.199341
0.843443
1.0
1.0
0.549963
0.998608
1.0
0.40359
0.953626
1.0
0.231136
1.0
1.0

0.960046
-0.061495
0.001768
0.250427
0.350471
1.0
1.0
0.047106
1.0
1.0
1.0
0.668352
0.99978
1.0
0.188352
1.0
1.0
0.344835
1.0
1.0

0.755321
0.0
0.0
0.18731
1.31311
1.0
1.0
1.0
1.0
1.0
1.0
1.0
1.0
1.0
1.0
1.0
1.0
0.681978
1.0
1.0

0.54397
0.0
-0.051286
0.275499
-0.096911
1.0
1.0
1.0
1.0
1.0
1.0
1.0
1.0
1.0
0.078755
1.0
1.0
0.16989
1.0
1.0

0.640146
-0.106242
0.265871
0.0
0.227003
1.0
1.0
0.191575
0.701172
1.0
1.0
0.693846
1.0
1.0
0.58044
1.0
1.0
0.231136
0.997729
1.0

0.862587
0.0
-0.478588
0.118629
0.59194
1.0
1.0
0.159341
0.851795
1.0
1.0
0.229377
1.0
1.0
0.166374
1.0
1.0
0.382637
0.999194
1.0

0.561924
0.0
-0.349034
0.665237
0.59194
1.0
1.0
1.0
0.592601
1.0
1.0
1.0
1.0
0.998022
0.58044
1.0
1.0
0.183077
0.99978
1.0

0.89586
-0.202951
0.0
0.138314
-0.018315
1.0
1.0
1.0
1.0
1.0
1.0
1.0
0.999194
0.998608
1.0
1.0
1.0
0.121245
0.997729
1.0

0.277461
-0.106242
0.016235
-0.061822
0.149839
1.0
1.0
1.0
1.0
1.0
1.0
0.376923
1.0
0.999194
0.281978
1.0
1.0
0.221758
0.830403
1.0

