curved_4
Left

-0.296799
-0.212792
-0.079082
-0.484203
-0.642682
1.0
1.0
1.0
-0.054485
0.753773
0.753773
-0.136535
0.453114
0.453114
-0.090768
0.261612
0.261612
0.026593
0.184249
0.184249

-0.828831
-0.245182
-0.03231
-0.632238
-0.819233
1.0
1.0
1.0
-0.098323
0.679194
0.679194
-0.199111
0.63304
0.63304
-0.080521
0.233187
0.233187
0.013407
0.174286
0.174286

0.76738
0.174437
-0.108809
-0.592055
-0.85448
1.0
1.0
1.0
0.050037
0.499267
0.499267
0.0
0.480806
0.480806
0.0
0.155531
0.155531
0.046227
0.107179
0.107179

0.704502
0.307926
-0.103431
-0.172952
-1.073457
1.0
1.0
0.782637
-0.027672
0.976337
0.43685
-0.186643
0.685641
0.518022
-0.173697
0.155531
1.0
0.026593
0.163443
0.0

0.740957
0.352335
-0.180653
-0.292664
-0.270895
1.0
1.0
0.648718
0.140586
0.75978
1.0
0.346593
0.943663
0.35011
-0.262226
0.62381
0.574579
0.047063
0.235531
0.269231

0.302937
0.332534
-0.208644
-0.40204
0.313123
1.0
1.0
1.0
-0.251582
1.0
1.0
-0.207414
0.644322
1.0
-0.024747
1.0
0.946447
0.06381
0.876117
0.0

0.76738
0.390521
0.364333
-0.110699
-0.714029
1.0
1.0
1.0
-0.124362
1.0
1.0
-0.207414
0.688865
0.411062
0.741026
0.999194
0.595678
0.06381
0.337949
0.636117

0.430087
0.721181
-0.109486
-0.40204
-0.274136
1.0
1.0
0.8937
-0.055771
1.0
1.0
0.024249
0.90044
0.363004
0.026007
1.0
0.695311
0.003443
0.139267
0.0

0.797594
0.561515
-0.125062
-0.482585
-0.9505
1.0
1.0
1.0
-0.10647
0.472601
1.0
-0.170854
0.06967
0.876264
-0.150595
1.0
1.0
0.0
0.0
0.165788

0.61068
0.231682
-0.103431
0.360229
-0.593536
1.0
1.0
0.570183
-0.144435
0.99978
0.674213
-0.162096
0.659561
0.644322
0.0
0.999194
0.5737
0.012821
0.139267
0.118022

0.433419
0.542133
-0.125062
-0.072734
-0.30815
1.0
1.0
0.675385
-0.119595
1.0
0.679194
-0.16334
0.87641
0.547619
-0.090768
0.250476
0.250476
0.049744
0.72022
0.379414

0.735402
-0.085757
-0.153864
-0.229527
-0.034049
1.0
1.0
1.0
-0.058194
1.0
0.99978
0.001099
0.943663
0.751282
0.0
0.384689
0.911575
0.0
0.007253
1.0

0.729133
0.434853
-0.093034
-0.072734
0.024787
1.0
1.0
1.0
-0.106728
0.43685
1.0
0.001099
0.453114
0.688865
-0.080521
1.0
1.0
0.0
1.0
0.392308

-0.828831
0.621372
-0.109486
0.211801
0.006462
1.0
1.0
0.8937
0.191575
1.0
1.0
-0.038812
0.998315
0.068205
-0.1707
0.261612
1.0
0.046227
0.305568
0.181026

0.424023
1.061178
-0.068014
0.324375
-0.657907
1.0
1.0
0.554945
-0.251582
1.0
0.499267
-0.293861
1.0
0.612967
0.0
0.200366
0.233187
0.0
1.0
0.025421

0.675413
0.350698
-0.040779
-0.02225
-0.073403
1.0
1.0
1.0
0.206361
0.471429
0.43685
0.001099
0.998315
0.42337
0.741026
1.0
1.0
0.023956
0.305568
1.0

0.281987
0.308695
-0.125062
-0.484203
0.159024
1.0
1.0
1.0
-0.136365
0.760952
1.0
-0.184001
0.363004
0.608572
-0.055383
0.155531
0.338388
0.0
0.174286
0.223517

0.315178
-0.212792
0.324871
-0.058334
-0.277926
1.0
1.0
0.554945
-0.058194
0.770623
1.0
0.001685
0.90044
0.688865
0.087707
1.0
0.999194
0.033333
1.0
0.059121

