curved_v
Left

0.442784
0.360535
-0.317967
-0.098281
-0.291918
1.0
0.762711
0.494579
-0.087835
0.397582
0.397582
0.200666
0.322564
0.322564
0.533846
0.390256
0.390256
0.128571
1.0
1.0

0.755678
0.462329
-0.347997
0.0
-0.073481
1.0
0.989451
0.746007
-0.00798
0.391429
0.391429
-0.042721
0.315824
0.315824
1.0
1.0
1.0
0.251648
1.0
1.0

0.228441
0.315051
-0.285606
0.0
-0.165628
1.0
0.856191
0.552601
0.034799
0.290476
0.290476
0.070016
0.180147
0.180147
1.0
1.0
1.0
0.261758
1.0
1.0

0.469739
0.248041
-0.00633
0.0
0.21301
1.0
0.627326
0.92989
0.161685
0.370623
0.0
-0.025691
0.267179
0.108645
1.0
1.0
1.0
0.541172
1.0
0.999194

0.319921
0.146747
0.307108
-0.031406
0.287325
1.0
0.381758
0.360366
0.064103
1.0
0.905714
-0.084718
0.292674
0.280366
0.906007
1.0
1.0
0.263077
1.0
0.998901

0.795343
0.653744
-0.303804
0.0
-0.073481
1.0
0.33663
0.494579
-0.087835
0.438315
1.0
0.0
0.081099
0.17956
1.0
1.0
1.0
1.0
0.587179
1.0

0.630253
0.227377
-0.077571
0.0
0.0
1.0
0.856191
1.0
0.006374
0.325495
0.252528
0.0
0.06967
0.793187
0.858828
1.0
1.0
0.612381
0.999487
0.999487

0.242361
0.448562
-0.168584
0.068112
0.033972
1.0
0.805788
0.552601
0.112161
0.292381
0.292381
0.015165
0.108645
0.124176
1.0
1.0
0.999194
0.611502
1.0
0.998901

1.0
0.322139
-0.347997
0.0
-0.073481
1.0
1.0
0.459414
0.0
1.0
0.905714
0.16022
0.005201
0.55304
1.0
1.0
1.0
0.610916
0.998901
1.0

0.580225
0.366215
0.307108
0.0
0.299419
1.0
0.952894
1.0
0.041538
0.449011
0.325495
0.0
0.372674
0.309084
1.0
1.0
1.0
0.663223
1.0
1.0

0.735448
0.254722
-0.35222
-0.098281
0.040219
1.0
1.0
0.016337
0.0
0.438315
1.0
0.0
0.481245
0.518022
0.5737
1.0
1.0
1.0
1.0
0.998901

0.630253
0.39792
-0.047837
0.0
0.211803
1.0
0.856191
0.165788
0.0
0.406081
0.263809
0.064396
0.081978
0.464982
0.868791
1.0
1.0
0.706154
0.587179
1.0

0.591803
0.196962
-0.323313
-0.040771
0.089824
1.0
1.0
0.270696
-0.087835
0.406081
0.415165
0.045055
0.51011
0.005201
0.865568
1.0
1.0
0.628791
1.0
1.0

0.624111
0.420545
-0.00633
-0.13236
0.137497
1.0
0.172234
0.318462
0.112161
0.35011
1.0
0.0
0.280366
0.386447
1.0
0.999194
1.0
0.631282
1.0
1.0

0.469739
0.291419
-0.168604
0.0
0.627858
1.0
1.0
1.0
0.033626
1.0
0.582931
0.168718
0.085788
0.154066
1.0
1.0
1.0
0.948791
1.0
1.0

0.419869
0.212852
-0.373702
0.0
0.033972
1.0
1.0
0.270696
-0.007491
0.263809
0.290476
-0.033855
0.180147
0.192308
0.661758
1.0
1.0
0.697949
1.0
0.587179

0.218515
0.286409
-0.174389
0.0
-0.034161
1.0
0.249451
0.253114
0.0
0.4137
1.0
0.0
0.220879
0.253993
0.998388
1.0
1.0
0.620147
1.0
1.0

0.759297
0.319388
-0.406043
-0.031406
-0.165628
1.0
0.975751
0.552601
0.0
0.375751
0.69956
0.010769
0.081099
0.197143
1.0
1.0
1.0
0.611502
1.0
1.0

