curved_1
Left

0.772572
-0.378769
0.0
0.0
0.167381
1.0
0.632601
1.0
-0.013413
0.354799
0.354799
1.0
1.0
1.0
1.0
1.0
1.0
0.358608
1.0
1.0

0.798491
-0.159433
0.0
0.046951
0.161775
1.0
1.0
0.0
-0.159085
0.267473
0.267473
1.0
1.0
1.0
0.870256
1.0
1.0
0.274799
1.0
1.0

0.735448
-0.584239
0.0
-0.048222
-0.068468
1.0
1.0
0.317875
-0.080378
0.348791
0.348791
1.0
1.0
1.0
0.433626
1.0
1.0
0.317289
1.0
1.0

0.702139
0.068511
0.0
0.0
0.0
1.0
0.998535
0.090476
0.461758
0.33033
0.711429
1.0
1.0
1.0
1.0
1.0
1.0
0.431575
1.0
0.999487

0.806732
-0.107263
0.040577
0.0
0.045619
1.0
1.0
1.0
0.301465
1.0
0.523004
0.237943
1.0
0.059414
1.0
0.999487
0.999487
1.0
0.999194
0.580586

0.262469
-0.159433
0.0
0.0
0.0
1.0
1.0
1.0
0.359487
0.489304
0.33033
0.767399
0.998315
1.0
0.773846
1.0
1.0
0.357143
0.999487
1.0

0.575378
-0.022886
0.0
0.0
0.150297
1.0
1.0
0.46381
0.10588
0.401392
0.559634
1.0
0.998608
0.998315
1.0
1.0
1.0
0.61326
1.0
1.0

0.947867
-0.074229
0.0
0.0
0.055399
0.905869
1.0
0.988645
0.344982
0.278608
0.326081
0.858681
0.998022
1.0
1.0
1.0
1.0
0.311429
0.998901
1.0

1.0
0.211209
-0.173693
0.0
-0.046034
1.0
0.999487
1.0
0.536191
0.780586
0.945275
1.0
0.999194
1.0
0.89956
1.0
1.0
0.856191
1.0
0.998901

0.48901
0.251228
-0.075049
0.0
0.150297
1.0
1.0
0.438462
0.046227
1.0
0.474359
0.796703
0.998022
0.999194
0.952015
0.999487
0.999487
0.274799
1.0
1.0

1.0
0.578863
-0.066844
0.0
0.045619
1.0
0.888425
1.0
0.071429
0.119194
0.295018
0.578388
1.0
0.998022
1.0
1.0
1.0
0.358608
1.0
0.999194

0.441637
0.87433
0.0
0.0
-0.098462
1.0
1.0
0.260733
0.067912
0.809011
0.232015
1.0
0.998608
1.0
1.0
1.0
1.0
0.962711
1.0
1.0

0.441637
0.138634
0.121538
0.0
-0.046034
1.0
0.545568
1.0
0.047692
0.295018
0.590842
1.0
1.0
1.0
1.0
1.0
1.0
0.895311
0.999487
0.999487

0.941831
0.752451
0.0
0.0
0.179026
1.0
1.0
0.148352
0.026317
0.290623
1.0
1.0
1.0
1.0
1.0
1.0
1.0
0.976337
1.0
1.0

0.358553
-0.073798
0.0
0.0
0.794509
1.0
1.0
0.260733
0.000427
0.535897
0.267473
1.0
0.999194
1.0
1.0
1.0
0.999487
0.701758
1.0
1.0

1.0
0.223678
-0.368603
-0.758102
0.210421
1.0
1.0
0.671429
-0.062768
1.0
0.590842
1.0
0.998022
1.0
0.77033
1.0
1.0
1.0
1.0
0.997729

1.0
0.203813
-0.066844
0.0
-0.251233
1.0
0.975165
1.0
0.314652
0.119194
0.115531
1.0
1.0
1.0
1.0
1.0
1.0
0.614725
1.0
1.0

1.0
0.536246
0.0
0.046951
0.0
1.0
1.0
0.071429
0.549817
0.264542
0.291502
0.681245
1.0
1.0
1.0
1.0
1.0
0.317289
1.0
0.999487

