curved_h
Left

-0.194902
-0.180501
-0.2424
0.0
0.699654
1.0
0.59978
1.0
-0.046001
0.333846
0.333846
0.498095
0.352747
0.352747
1.0
0.875531
0.875531
0.332381
1.0
1.0

0.014225
-0.637703
-0.331645
0.0
0.553171
1.0
0.567253
1.0
0.12103
0.263663
0.263663
0.58337
0.409011
0.409011
1.0
1.0
1.0
0.489597
1.0
1.0

-0.101109
-0.221803
-0.183341
0.0
0.496567
1.0
0.786447
1.0
0.187179
0.2663
0.2663
0.588645
0.149084
0.149084
1.0
1.0
1.0
0.640513
1.0
1.0

0.816979
-0.637703
0.123485
0.143437
0.277459
1.0
1.0
1.0
0.047111
0.600366
0.910403
0.159634
0.106007
0.017802
1.0
1.0
1.0
1.0
0.46
1.0

0.385597
-0.137886
0.038021
0.0
0.0
1.0
1.0
0.013993
0.072601
1.0
0.721392
0.133407
0.532381
0.152454
0.922125
1.0
1.0
1.0
1.0
1.0

0.669624
-0.243144
-0.242478
0.0
0.614076
1.0
0.831575
1.0
0.134139
0.238462
0.571648
0.554945
0.724322
0.023663
1.0
1.0
1.0
0.789963
0.999487
0.997729

0.593629
-0.637703
-0.069068
0.05245
0.273931
1.0
0.261465
0.590989
0.087253
0.163004
0.2663
0.0
0.149084
0.547326
1.0
1.0
1.0
0.84652
1.0
1.0

0.816979
-0.2565
-0.310495
0.091924
-0.015963
1.0
1.0
0.117582
0.137656
0.219414
0.571648
0.133846
0.035092
0.069963
0.820147
1.0
1.0
0.67978
1.0
0.998901

0.416593
-0.509187
0.179753
0.085694
0.035157
1.0
0.567253
1.0
0.306154
0.105568
1.0
0.246374
0.518022
0.310843
0.861612
1.0
1.0
0.61033
1.0
0.998901

0.561296
-0.243816
-0.074552
0.083368
0.302613
1.0
0.850916
0.141465
0.084322
0.480659
0.773846
0.244908
0.49707
0.010769
0.990037
1.0
1.0
0.727253
1.0
1.0

0.825009
-0.117039
-0.408369
0.0
0.055687
1.0
1.0
0.489011
0.123736
0.99011
0.600366
0.12359
0.130623
0.230549
0.86381
0.999194
0.875531
0.47685
1.0
1.0

1.0
-0.204752
-0.570702
0.0
0.333849
1.0
1.0
1.0
0.112747
0.093407
0.571648
0.133407
0.17956
0.017802
1.0
0.999487
1.0
1.0
0.997729
1.0

0.014225
0.459546
-0.310495
0.0
0.641291
1.0
0.632601
0.178681
0.087253
0.229963
1.0
0.447399
0.106007
0.010769
1.0
1.0
1.0
0.612674
0.998901
1.0

0.416593
-0.180501
-0.183341
0.111085
0.0
1.0
1.0
1.0
0.238462
0.480659
0.238462
0.588645
0.964762
0.523883
0.711868
1.0
0.999487
0.628498
0.999194
1.0

0.987946
-0.518619
-0.270908
0.0
0.470833
1.0
0.261465
0.77033
0.08696
0.571648
1.0
0.405201
0.905714
0.294139
1.0
1.0
1.0
0.843443
0.758608
1.0

0.68231
-0.229859
0.013621
0.0
0.277459
1.0
0.831575
1.0
0.082564
0.89663
0.469963
0.449158
0.523883
0.409011
1.0
1.0
1.0
0.476703
1.0
1.0

0.561296
-0.422884
0.710553
0.0
0.0
1.0
1.0
0.747473
0.134139
1.0
0.617656
0.159634
0.298388
0.130623
0.746007
1.0
1.0
0.626447
1.0
0.85326

0.385597
-0.26234
0.038021
0.05245
0.0
1.0
1.0
0.138242
0.05033
0.130916
0.712454
0.498388
0.518022
0.199341
1.0
1.0
1.0
0.532674
1.0
1.0

