curved_l
Left

0.534291
-0.356715
0.0
0.0
0.0
0.451206
0.033919
0.0
0.505421
0.016923
0.016923
1.0
0.825714
0.825714
1.0
1.0
1.0
1.0
1.0
1.0

0.872608
-1.320819
0.0
0.0
0.17471
0.133808
0.0
0.0
0.284176
0.017802
0.017802
1.0
0.938095
0.938095
1.0
1.0
1.0
0.61619
1.0
1.0

0.714649
-0.229098
-0.388916
0.0
-0.384871
0.314111
0.0
0.0
-0.068572
0.235971
0.235971
0.559341
0.948791
0.948791
1.0
1.0
1.0
0.213429
1.0
1.0

0.779733
0.255382
0.0
0.0
0.126832
0.0
-0.314486
-0.057127
0.198022
0.197436
0.143223
1.0
0.960293
1.0
1.0
0.956703
1.0
1.0
1.0
1.0

0.438491
0.271018
0.0
0.0
2.1e-05
0.0
0.055897
0.0
0.069377
1.0
0.399048
0.909524
0.998022
0.999194
1.0
0.965201
0.960513
1.0
1.0
0.99978

0.085058
0.13497
-0.1509
0.0
0.0
0.0
-0.113959
0.0
0.218535
0.305861
0.830989
1.0
0.825714
1.0
1.0
0.76652
1.0
0.99978
1.0
1.0

0.417466
0.228883
0.0
0.002333
0.001585
0.103786
-0.038072
-0.017374
0.339854
0.28652
0.315971
0.694139
1.0
1.0
1.0
1.0
0.956703
1.0
0.998901
0.824835

1.0
-0.356715
0.0
0.0
0.0
0.133808
-0.151628
0.0
0.128467
0.119487
0.075238
0.741905
1.0
0.99978
1.0
0.906154
1.0
1.0
1.0
1.0

0.889776
-0.051671
0.0
0.0
0.0
0.09501
0.11685
-0.1875
0.104835
0.287399
0.296337
1.0
1.0
1.0
1.0
1.0
1.0
1.0
0.986007
1.0

0.417873
-0.013231
0.105394
0.004411
0.296437
0.014034
0.0
-0.043965
0.239272
0.240073
0.99978
0.909524
1.0
1.0
0.616777
1.0
0.965201
1.0
1.0
1.0

0.855037
-0.020028
0.0
0.0
0.0
0.314111
0.124176
-0.012539
0.275678
0.98337
0.653407
1.0
1.0
0.998315
1.0
1.0
1.0
0.998022
1.0
1.0

0.636867
0.0
0.0
-0.200667
-0.009854
0.09501
-0.01518
0.0
0.355971
0.330476
0.246667
1.0
0.999194
0.938095
1.0
0.956703
1.0
1.0
1.0
0.999194

1.0
0.06765
0.0
-0.010788
0.0
0.042396
0.0
-0.030846
0.339854
0.354799
0.287399
0.80022
0.998315
1.0
0.771648
0.984982
0.960513
0.900879
1.0
0.824835

-0.309974
-0.229098
0.0
0.008186
0.0
0.0
0.0
-0.177014
0.135604
0.382198
0.28652
1.0
1.0
0.868645
1.0
1.0
1.0
0.966667
0.999487
0.707326

1.0
0.204758
0.0
0.0
0.0
0.0
-0.15251
0.0
0.29033
0.564322
1.0
0.933846
1.0
0.998022
0.988059
1.0
1.0
1.0
0.99978
1.0

0.022055
0.350685
0.0
-0.010788
0.0
0.078226
-0.215358
-0.032021
0.028352
0.837143
0.054725
1.0
1.0
1.0
0.616777
1.0
1.0
1.0
0.824103
1.0

0.324766
0.25884
-0.464309
0.0
0.17471
0.042396
-0.282702
-0.002925
0.282418
0.197436
0.337509
1.0
1.0
1.0
1.0
0.567546
1.0
1.0
0.804176
0.997729

0.554283
0.195641
-0.020748
0.0
0.0
0.133808
-0.113201
-0.017374
0.281832
0.504249
0.058535
1.0
0.868645
1.0
0.651502
1.0
1.0
1.0
1.0
1.0

