d
Left

0.915909
0.095683
0.000133
0.327517
0.167099
0.982923
0.142344
0.0
0.0
0.0
0.0
0.997216
0.164029
0.164029
0.562271
0.068498
0.068498
0.098388
0.292381
0.292381

0.861331
0.110461
-0.006389
0.244272
0.300681
1.0
0.268059
0.0
0.0
0.0
0.0
0.970183
0.152894
0.152894
0.597729
0.27685
0.27685
0.118315
0.230256
0.230256

0.772806
0.317807
-0.10241
0.337228
0.400424
1.0
0.232601
0.0
-0.011493
0.0
0.0
0.651941
0.158462
0.158462
0.261319
0.275824
0.275824
0.09956
0.309377
0.309377

-0.05215
-0.031919
0.442803
0.364258
0.737666
1.0
0.30293
0.0
0.014286
0.0
0.0
0.886374
0.594799
0.741319
0.648718
1.0
0.774432
0.158462
0.449451
0.7337

0.917862
-0.214064
0.0
-0.027251
-0.388379
1.0
0.092234
0.027473
-0.202944
0.0
0.0
1.0
0.493407
0.366227
0.570623
0.741612
0.999414
0.098388
0.417802
0.261026

-0.118169
0.071397
0.372424
-0.177857
0.300681
1.0
0.211795
0.011648
0.0
0.0
0.0
0.165788
0.386447
0.673773
0.813993
1.0
0.565495
0.214139
0.435971
0.353333

0.935532
0.059757
0.0
0.608054
0.292636
1.0
0.319048
0.231429
0.005201
0.0
0.0
0.422198
0.387326
0.370476
0.436996
0.360366
0.517436
0.087546
0.583956
0.56989

0.956226
0.354764
-0.506958
-0.030352
0.325877
1.0
0.0
0.08989
0.045934
0.0
0.0
0.336044
0.164029
0.834799
0.654579
0.497802
1.0
0.098974
0.910843
0.529451

1.0
-0.155338
0.085982
0.081329
0.195758
1.0
0.032454
0.64652
0.017216
0.007546
0.000806
0.614725
0.386447
1.0
0.527985
0.565495
0.565495
0.142491
0.933553
1.0

0.924146
0.212891
-0.238043
0.252071
0.503186
1.0
0.037436
0.074652
0.131302
0.0
0.0
0.524762
0.386447
0.594799
0.376777
1.0
1.0
0.085201
0.449451
0.456484

0.861331
-0.001967
0.306235
0.203847
-0.124315
1.0
0.588059
0.371209
0.014286
0.02044
0.0
1.0
0.370476
0.657802
0.654579
0.624103
0.997143
0.337802
0.877582
0.529451

0.649673
0.31398
0.253199
-0.672739
-0.388379
1.0
0.102784
0.353919
0.0
0.0
0.0
0.601832
1.0
0.386447
0.57663
0.918608
0.999414
0.198608
0.606081
0.353333

0.965848
-0.55967
0.168632
-0.445785
0.475721
1.0
0.498828
0.0
0.004015
0.0
0.0
0.524762
1.0
0.658095
0.510403
1.0
1.0
0.14
0.611502
1.0

0.944194
-0.07163
-0.268812
-0.027251
0.337892
0.996681
0.043004
0.055018
0.061172
0.0
0.0
0.456923
0.477876
0.673773
0.353626
0.360366
0.324615
0.098974
0.739121
0.941758

0.97949
-0.319099
-0.278343
0.592865
0.538064
1.0
0.81956
0.007253
0.0
0.0
0.0
0.287692
0.366227
1.0
0.447106
0.534139
0.864982
0.245495
0.583956
0.739121

0.861331
0.354764
0.155922
0.43493
0.229206
1.0
0.517289
0.0
0.061465
0.0
0.0
0.442125
0.515678
0.371795
0.700879
0.497802
1.0
0.364615
0.83011
0.292381

1.0
0.161817
-0.437991
0.142115
0.279835
1.0
0.043004
0.0
-0.080212
0.0
0.0
0.515971
0.708498
1.0
0.302637
0.727839
0.498974
0.198608
0.933553
1.0

0.967407
0.168313
0.025233
-0.823027
-0.359201
1.0
1.0
0.0
0.014286
0.007546
0.0
0.287692
0.514506
0.514506
0.137363
0.707912
0.945861
0.031575
0.455018
0.555824

