e
Left

-0.332052
0.017953
-0.139735
0.078309
0.334158
1.0
1.0
1.0
-0.051125
1.0
1.0
0.160971
1.0
1.0
0.147619
1.0
1.0
0.21663
1.0
1.0

-0.422157
-0.10881
-0.109256
0.005262
0.005644
1.0
1.0
1.0
0.123212
1.0
1.0
0.458828
1.0
1.0
0.110403
1.0
1.0
0.188352
1.0
1.0

0.64637
0.02295
-0.124645
0.003522
0.110151
1.0
1.0
1.0
0.065568
1.0
1.0
0.181612
1.0
1.0
0.108627
1.0
1.0
0.150549
1.0
1.0

0.880887
-0.274031
-0.30437
-0.290173
-0.5043
1.0
1.0
1.0
-0.263044
1.0
1.0
0.06967
1.0
0.865421
0.04664
1.0
1.0
0.24359
1.0
1.0

0.953973
0.168865
-0.139735
-0.031833
0.110151
1.0
1.0
1.0
-0.166113
1.0
1.0
0.006374
1.0
1.0
0.0
1.0
1.0
0.042125
1.0
0.999194

0.898664
0.083018
-0.347037
0.080083
0.726855
1.0
1.0
1.0
-0.165759
1.0
1.0
-0.13172
0.999487
0.996264
0.108627
1.0
1.0
0.082271
1.0
1.0

-0.422157
0.014537
-0.123106
0.003955
0.726855
1.0
1.0
0.932967
-0.107873
1.0
1.0
-0.021963
0.996264
1.0
0.0
1.0
1.0
0.250183
0.997729
0.236117

0.850453
-0.10881
-0.528133
-0.306838
-0.301127
1.0
1.0
1.0
-0.166113
0.99978
1.0
0.0
1.0
0.998608
0.001482
1.0
0.948791
0.150549
1.0
1.0

0.647461
0.021168
-0.124645
-0.003223
0.009851
1.0
1.0
0.796996
-0.038878
1.0
1.0
-0.016431
1.0
1.0
0.079888
1.0
1.0
0.034799
0.669817
1.0

1.0
-0.282844
-0.036445
0.005262
0.046308
1.0
1.0
0.977326
0.006667
1.0
1.0
0.181612
0.998022
0.998608
0.066447
1.0
1.0
0.008657
0.669524
1.0

0.793659
-0.167123
0.070487
-0.081183
0.313706
1.0
1.0
1.0
-0.07173
1.0
1.0
-0.042388
1.0
0.99978
0.0
1.0
0.652967
0.0
1.0
0.6663

0.880887
0.754981
-0.322556
-0.20203
-0.025484
1.0
1.0
1.0
0.022491
1.0
1.0
0.027473
1.0
0.998022
0.066154
1.0
0.504835
0.091941
0.669817
1.0

0.880887
0.292891
-0.109256
-0.035899
-0.232501
1.0
1.0
1.0
-0.160348
1.0
1.0
-0.06339
1.0
1.0
0.019143
1.0
1.0
0.062344
1.0
1.0

0.323171
-0.167123
-0.283862
-0.16596
-0.065978
1.0
1.0
1.0
-0.107873
1.0
1.0
0.458828
1.0
0.998315
0.017879
1.0
1.0
0.24359
1.0
1.0

0.401708
-0.171935
-0.123499
-0.02126
0.163729
1.0
1.0
1.0
-0.130321
1.0
1.0
0.000513
1.0
0.99978
0.0
1.0
1.0
0.018912
1.0
1.0

0.78594
0.005233
-0.087211
-0.074832
-0.195202
1.0
1.0
1.0
-0.24154
1.0
1.0
0.157289
0.998608
1.0
0.023534
0.999194
0.464103
0.150549
1.0
0.692381

1.0
0.084316
-0.074555
-0.379676
0.334158
1.0
1.0
1.0
-0.03344
1.0
1.0
0.012821
1.0
1.0
-0.0194
1.0
1.0
0.070842
0.869377
0.999194

0.218517
0.492759
-0.572927
-0.091798
-0.005118
1.0
1.0
1.0
0.017948
1.0
1.0
0.018681
0.998608
1.0
0.044189
1.0
0.572821
0.05707
1.0
0.669817

