f
Left

0.914475
-0.04455
-0.267735
-0.140601
-0.281699
0.736246
0.001099
1.0
0.441832
0.217656
0.217656
0.156996
0.0
0.0
0.012234
0.0
0.0
-0.005976
0.0
0.0

0.88086
-0.091931
-0.259
-0.142362
-0.333666
0.906188
0.029817
1.0
0.529011
0.229963
0.229963
0.121099
0.0
0.0
0.0
0.0
0.0
-0.074552
0.0
0.0

0.882172
-0.21302
-0.312651
-0.104857
-0.285195
0.928686
0.016923
1.0
0.427473
0.236117
0.236117
0.06293
0.0
0.0
0.0
0.0
0.0
0.0
0.0
0.0

0.795802
-0.21302
-0.107927
-0.467161
-1.08645
1.0
0.051502
0.037436
0.354945
1.0
1.0
0.07348
0.055897
0.012527
-0.007218
0.0
0.033333
-0.357301
0.001978
0.013114

0.698376
0.067475
-0.393135
-0.257291
-0.916101
1.0
0.221172
0.527399
0.184835
1.0
0.795238
0.25619
0.0
0.0
-0.002873
0.0
0.0
-0.161025
0.0
0.001978

0.85794
0.0
-0.345937
-0.07987
-0.629526
1.0
0.806081
0.375751
0.412381
0.78
0.817509
0.109231
0.0
0.0
0.188552
0.0
0.0
0.0
0.0
0.0

0.871819
-0.055638
0.28601
-0.249332
-0.285195
1.0
0.964029
0.395531
0.215018
0.515678
1.0
0.045934
0.061758
0.0
-0.120947
0.0
0.0
-0.230147
0.0
0.0

0.7472
-0.420578
-0.104541
-0.22699
-0.503889
1.0
0.806081
0.149377
0.259707
0.997656
0.868205
0.0
0.0
0.0
-0.136822
0.0
0.0
-0.25896
0.0
0.0

0.780177
-0.232625
0.036343
-0.097892
-0.634747
0.556801
0.253993
0.743077
0.529011
0.35348
0.236117
0.089011
0.0
0.0
0.0
0.0
0.0
-0.09416
0.0
0.010476

0.867243
0.579923
-0.16727
-0.094913
-0.732961
1.0
0.245788
0.094579
0.978681
1.0
1.0
0.079295
0.0
0.02044
0.0
0.0
0.018974
-0.072216
0.0
0.001978

0.892884
-0.111522
-0.471387
-0.58837
-0.503889
0.982844
0.042125
0.358022
0.29707
1.0
0.997656
0.0
0.0
0.0
-0.106986
0.0
0.0
0.194652
0.008718
0.0

0.871819
-0.111784
-0.214161
0.044058
-0.593015
1.0
0.241978
0.086081
0.436557
1.0
1.0
0.050916
0.0
0.0
0.0
0.0
0.000806
-0.129065
0.0
0.017802

0.914475
-0.091512
-0.017345
0.277374
-0.603184
1.0
0.029817
0.149377
0.193187
1.0
0.334872
0.184542
0.070256
0.0
-0.007218
0.0
0.0
-0.133201
0.010476
0.0

0.854419
-0.133378
-0.259
-0.249332
-0.524583
1.0
0.159194
0.0
0.259707
0.366813
0.517143
0.364469
0.0
0.0
0.207136
0.0
0.011062
-0.213874
0.02337
0.001978

0.855682
-0.011002
-0.07838
-0.198722
-0.70345
1.0
0.080806
0.0
0.344249
1.0
0.629084
0.072601
0.0
0.0
0.0
0.0
0.0
-0.174037
0.0
0.0

0.401928
-0.111522
-0.107927
0.044058
-0.593015
0.919066
0.245788
0.0
0.568718
1.0
1.0
0.0137
0.0
0.0
0.207136
0.0
0.0
-0.102549
0.037729
0.0

0.586779
0.579923
-0.382503
-0.13998
-0.332284
1.0
0.0
0.278608
0.894872
1.0
0.897509
0.184542
0.018974
0.070256
-0.009591
0.0
0.0
-0.213874
0.0
0.0

0.670714
-0.012195
-0.207773
-0.349314
-0.510177
1.0
0.314066
0.0
0.309377
1.0
0.694725
0.083443
0.0
0.0
-0.002873
0.0
0.033333
0.0
0.0
0.001978

