flat_horns
Left

0.465104
-1.815295
0.0
0.0
0.048503
1.0
0.924176
1.0
0.635678
0.008425
0.008425
1.0
1.0
1.0
1.0
0.309231
0.309231
0.70293
0.0
0.0

0.672284
-2.676935
0.0
0.0
-0.086718
1.0
1.0
1.0
0.382344
0.0
0.0
1.0
0.810769
0.810769
1.0
0.557876
0.557876
0.695897
0.0
0.0

0.335313
-2.312956
0.0
0.0
-0.119901
1.0
1.0
1.0
0.52652
0.014286
0.014286
1.0
0.719341
0.719341
1.0
0.364762
0.364762
0.698242
0.0
0.0

1.0
0.504033
0.139257
0.0
-0.070487
1.0
0.940879
0.657216
0.743517
0.054139
0.240806
0.90044
0.697363
0.999194
0.980733
0.870843
0.964029
0.325495
0.0
0.0

0.822521
-0.193044
0.0
0.0
0.375143
1.0
0.623516
1.0
1.0
0.13326
0.142051
0.886374
1.0
0.697363
1.0
1.0
1.0
0.538681
0.04652
0.0

0.778891
-0.433784
-0.056346
0.0
0.0
1.0
0.841538
1.0
0.42044
0.177802
0.054139
1.0
0.99978
0.818974
1.0
0.784982
0.789817
0.312308
0.0
0.0

0.660405
0.0
0.139257
0.0
0.08937
1.0
0.268498
0.719341
1.0
0.13326
0.029524
1.0
0.618681
0.999194
1.0
1.0
0.69707
0.698242
0.0
0.0

0.489007
-1.271837
0.0
0.0
0.03817
1.0
1.0
1.0
0.91055
0.029817
0.059707
1.0
0.678169
0.818974
1.0
1.0
0.817509
0.468205
0.204176
0.0

0.792613
0.0
0.0
0.0
-0.365544
1.0
0.623516
1.0
1.0
0.042125
0.042125
1.0
0.802564
0.964908
1.0
1.0
1.0
0.205055
0.0
0.0

0.377633
0.0
-0.079823
0.0
-0.4946
1.0
0.497802
1.0
0.635678
0.177802
0.034505
0.920366
1.0
1.0
1.0
1.0
0.845055
0.99978
0.0
0.0

0.960592
-0.047325
-0.143572
0.0
-0.064436
1.0
0.456337
1.0
0.210916
0.020733
0.011355
1.0
0.998315
1.0
1.0
1.0
1.0
0.52359
0.0
0.0

0.48533
0.0
0.0
0.0
-0.247241
1.0
1.0
0.318755
1.0
0.053846
0.00022
1.0
0.57033
0.802564
1.0
1.0
1.0
0.953187
0.0
0.0

0.335313
-0.076642
-0.027774
0.0
0.013124
1.0
0.631429
0.204322
0.305275
0.054139
0.08315
1.0
0.523736
0.697363
0.66293
1.0
0.924176
0.492234
0.0
0.015458

0.960592
-1.147884
-0.33104
0.0
0.063803
1.0
1.0
0.61619
1.0
0.067912
0.132674
1.0
0.967839
1.0
1.0
0.784982
1.0
0.512161
0.0
0.0

-0.160506
-0.330724
0.0
0.0
0.89562
1.0
1.0
1.0
1.0
0.176777
0.123883
1.0
0.449597
0.335751
0.547033
0.364762
1.0
0.501612
0.0
0.004029

0.960592
0.0
0.0
0.0
-0.247241
1.0
0.69663
0.375751
0.305275
0.240806
0.023663
1.0
0.998608
1.0
1.0
1.0
1.0
0.492234
0.0
0.0

0.80226
-1.215236
-0.416447
0.0
0.03817
1.0
0.262051
0.719341
0.659854
0.011355
0.0
1.0
1.0
1.0
1.0
1.0
1.0
0.953187
0.004322
0.010476

0.428296
0.0
-0.137958
0.0
0.37238
1.0
1.0
0.223077
1.0
0.0
0.045055
0.871722
0.99978
1.0
1.0
1.0
1.0
0.367985
0.0
0.0

