flat_h
Left

-0.382282
-2.296817
0.0
0.0
0.620547
1.0
1.0
1.0
0.618242
0.074359
0.074359
1.0
0.110989
0.110989
1.0
1.0
1.0
0.478169
0.956703
0.956703

0.677335
0.0
0.0
0.0
0.0
1.0
1.0
1.0
1.0
0.399341
0.399341
1.0
0.206227
0.206227
1.0
1.0
1.0
1.0
1.0
1.0

0.788897
-0.008776
0.0
0.0
0.0
1.0
1.0
1.0
0.655458
0.075824
0.075824
1.0
0.03011
0.03011
1.0
1.0
1.0
1.0
1.0
1.0

0.170645
-0.798731
0.0
0.0
0.0
1.0
1.0
0.686227
1.0
0.154359
0.056777
1.0
0.027179
0.072308
1.0
1.0
1.0
0.664103
1.0
1.0

1.0
0.0
-0.116289
0.0
0.368773
1.0
1.0
0.735165
0.66044
0.062344
0.134139
1.0
0.075531
0.142344
1.0
0.999194
1.0
0.655897
1.0
0.99978

0.224159
0.0
-0.099718
0.0
-0.026358
1.0
1.0
0.765495
0.390549
0.075824
0.148205
0.777216
0.00696
0.118755
0.689451
1.0
1.0
1.0
1.0
1.0

0.139919
-0.558716
-0.027084
0.0
0.335079
1.0
1.0
0.386447
0.904835
0.111282
0.091648
0.600952
0.013993
0.032161
1.0
1.0
1.0
0.664103
1.0
1.0

0.551667
-0.001043
0.0
0.0
0.1279
1.0
0.928571
1.0
0.292381
0.0
0.088718
1.0
0.0
0.021905
1.0
0.999487
1.0
0.668791
1.0
1.0

0.817969
-0.035295
0.0
0.0
0.361913
1.0
1.0
1.0
0.182491
0.08989
0.111282
0.535897
0.118755
0.206227
1.0
1.0
1.0
1.0
1.0
1.0

0.856236
0.0
-0.102147
0.0
0.514575
1.0
1.0
0.18044
0.618242
0.0
0.148205
1.0
0.032161
0.045641
1.0
1.0
1.0
0.712308
0.956703
1.0

0.850424
-0.101312
0.0
0.003098
0.0
1.0
1.0
1.0
0.523297
0.0
0.0
1.0
0.029524
0.014579
1.0
1.0
1.0
1.0
1.0
1.0

0.818084
-0.138247
-0.116289
0.0
-0.064373
1.0
1.0
0.480513
1.0
0.040073
0.063516
0.618535
0.023956
0.0
1.0
1.0
1.0
1.0
0.999487
1.0

-0.038639
-0.206756
0.444499
0.0
0.0
1.0
1.0
1.0
0.54
0.171941
0.136484
0.47641
0.027179
0.01663
1.0
1.0
1.0
1.0
0.99978
0.99978

0.618357
-0.746282
-0.077732
0.0
0.0
1.0
1.0
1.0
0.214872
0.069084
0.399341
0.705568
0.072308
0.0
1.0
1.0
0.999487
0.758169
1.0
0.997729

0.111236
0.0
-0.009651
-0.092296
0.395093
1.0
0.388205
0.242857
0.154213
0.052088
0.092527
0.600952
0.00696
0.142344
1.0
1.0
1.0
0.774139
1.0
1.0

1.0
-0.162468
0.0
0.132411
-0.318528
1.0
1.0
0.188352
1.0
0.088718
0.189524
1.0
0.027179
0.038901
0.690037
1.0
1.0
0.933553
0.99978
1.0

0.587963
0.307242
0.0
0.002904
0.0
1.0
1.0
1.0
0.66044
0.096337
0.080513
0.818095
0.0
0.032161
1.0
1.0
1.0
1.0
1.0
1.0

0.202696
0.0
0.0
0.0
0.0
1.0
1.0
0.232601
1.0
0.075531
0.052381
0.510403
0.023956
0.206227
1.0
1.0
1.0
0.578681
1.0
0.99978

