flatspread_5
Left

0.048883
0.693455
0.083973
-0.159099
-1.020382
1.0
1.0
0.327253
0.0
0.0
0.0
0.0
0.0
0.0
0.0
0.0
0.0
-0.06924
0.0
0.0

-0.153487
0.706346
0.048959
-0.219303
-0.761254
1.0
1.0
0.28022
-0.003243
0.0
0.0
0.0
0.0
0.0
0.0
0.0
0.0
0.0
0.0
0.0

-0.171376
0.339873
-0.014127
-0.222101
-0.644787
1.0
1.0
0.026593
0.0
0.0
0.0
0.0
0.0
0.0
0.0
0.0
0.0
-0.005187
0.0
0.0

0.614164
0.043917
-0.054841
-0.219303
-0.749838
0.911321
1.0
1.0
0.0
0.0
0.0
0.0
0.0
0.0
-0.319739
0.0
0.0
-0.043987
0.0
0.0

0.27594
0.270424
-0.257401
-0.407538
-0.328674
1.0
1.0
1.0
0.027473
0.030403
0.0
-0.020624
0.0
0.0
0.0
0.0
0.0
-0.045665
0.0
0.0

0.646547
0.19931
0.003128
0.476464
-0.361129
1.0
0.737216
0.474359
-0.148226
0.0
0.0
0.162403
0.0
0.0
-0.221807
0.0
0.0
-0.121544
0.0
0.0

0.159501
0.147072
0.082806
-0.196278
-0.328674
1.0
1.0
0.28022
-0.003243
0.04652
0.0
-0.155846
0.0
0.0
-0.125224
0.0
0.0
-0.080509
0.0
0.0

0.50784
0.706346
-0.04798
0.012972
-0.749838
1.0
0.872894
0.99978
-0.132251
0.0
0.0
0.0
0.0
0.0
-0.046725
0.0
0.0
-0.021318
0.0
0.0

0.363003
0.581447
0.153095
-0.192805
0.225855
1.0
1.0
1.0
-0.01604
0.0
0.0
0.121324
0.0
0.0
-0.106326
0.0
0.0
-0.135264
0.0
0.0

0.740353
0.439484
0.261508
-0.099774
-0.689163
1.0
1.0
0.327253
-0.139028
0.0
0.012821
0.0
0.0
0.0
-0.221807
0.0
0.0
-0.028557
0.0
0.0

0.555604
0.390732
0.370876
-0.022953
-0.395912
1.0
1.0
1.0
0.011143
0.0
0.012821
0.0
0.0
0.0
-0.309792
0.0
0.0
0.008718
0.0
0.0

0.564547
0.568466
-0.047396
-0.10162
-0.554396
1.0
1.0
0.869377
-0.032427
0.080513
0.0
-0.134494
0.0
0.0
-0.095964
0.0
0.0
0.0
0.0
0.0

0.647283
0.655359
0.322245
-0.196278
-0.554396
1.0
1.0
0.34044
0.058242
0.0
0.0
0.045055
0.0
0.0
-0.319739
0.0
0.0
-0.135264
0.0
0.0

-0.153487
0.896594
0.82796
-0.149377
-0.163914
1.0
0.859707
1.0
0.0
0.0
0.04652
0.162403
0.0
0.0
0.0
0.0
0.0
-0.043987
0.0
0.0

0.318361
0.521501
0.432236
0.030148
-0.396646
1.0
1.0
1.0
-0.01604
0.0
0.0
-0.053359
0.0
0.0
-0.216832
0.0
0.0
0.005495
0.0
0.0

0.483098
0.706346
0.049357
-0.080213
-0.300784
1.0
1.0
0.474359
-0.003243
0.034799
0.012821
0.0
0.0
0.0
-0.209165
0.0
0.0
-0.174836
0.0
0.0

0.467013
0.439012
0.370876
-0.229028
-0.761254
1.0
1.0
1.0
-0.033442
0.015165
0.0
0.378535
0.0
0.0
-0.009657
0.0
0.0
0.008718
0.0
0.0

0.498624
0.568963
0.153095
-0.407538
0.163451
1.0
0.415897
0.026593
0.027473
0.0
0.006667
0.0
0.0
0.0
0.030696
0.0
0.0
-0.086225
0.0
0.0

