flat_o
Left

0.900201
-0.25971
0.0
0.0
0.064663
0.627452
0.003736
0.0
0.673333
0.158755
0.158755
1.0
0.060293
0.060293
1.0
0.038022
0.038022
0.929011
0.110403
0.110403

1.0
-0.423724
0.0
0.0
0.0
1.0
0.0
0.0
0.573993
0.16696
0.16696
1.0
0.045055
0.045055
1.0
0.017802
0.017802
1.0
0.052088
0.052088

0.919118
-0.304795
0.0
0.0
0.0
1.0
0.127985
0.0
0.508059
0.085788
0.085788
1.0
0.018681
0.018681
1.0
0.0
0.0
1.0
0.028938
0.028938

1.0
-1.020636
-0.135118
-0.03405
0.478233
1.0
0.0
0.0
0.543517
0.067326
0.142637
1.0
0.012527
0.26337
1.0
0.0
0.276557
0.945275
0.0
0.052088

1.0
0.0
-4.3e-05
0.929596
-0.298577
1.0
0.0
0.0
0.573993
0.058535
0.189817
1.0
0.0
0.0
0.372674
0.025714
0.071136
0.929011
0.059414
0.136337

1.0
-0.724322
0.0
0.040451
-0.019043
1.0
0.262491
0.0
0.360659
0.054139
0.13619
1.0
0.007253
0.018681
1.0
0.005788
0.02337
1.0
0.0
0.063223

1.0
-0.605295
0.0
-0.275015
0.466846
1.0
0.182344
0.0
1.0
0.167546
0.353919
1.0
0.090183
0.024835
1.0
0.009597
0.0
0.954066
0.0
0.0

1.0
0.0
-0.082196
0.929596
0.125572
1.0
0.0
0.0
0.324322
0.102491
0.054139
0.761685
0.032747
0.14
1.0
0.005201
0.092821
0.732527
0.0
0.0

1.0
-0.202757
0.0
0.0
0.434319
1.0
0.038022
0.006081
1.0
0.171062
0.111868
0.757729
0.014579
0.000513
1.0
0.028938
0.0
0.86044
0.037729
0.163883

1.0
-1.020636
-0.037073
0.0
-0.029712
1.0
0.432161
0.0
1.0
0.227912
0.206227
1.0
0.044762
0.04359
1.0
0.005201
0.033626
0.84652
0.013407
0.0

1.0
0.103143
0.0
0.067256
0.207736
0.90272
0.182344
0.0
0.673333
0.109231
0.167546
0.961392
0.0
0.067912
1.0
0.0
0.0
0.411062
0.030696
0.0

1.0
0.096708
-0.135118
-0.255196
-0.108907
1.0
0.0
0.0
0.557582
0.105714
0.062051
1.0
0.0
0.013407
0.708205
0.092821
0.0
0.486374
0.041245
0.11685

0.927985
0.943886
0.0
-0.082297
0.174342
1.0
0.0
0.0
0.354506
0.030696
0.152601
1.0
0.013407
0.061172
1.0
0.044176
0.253553
0.301465
0.0
0.052088

1.0
0.072165
0.0
0.0
1.027757
1.0
0.630256
0.0
0.490769
0.174286
0.129451
0.958462
0.018681
0.007253
1.0
0.017802
0.033626
0.37707
0.015751
0.0

0.925205
0.085815
-0.039569
0.0
0.434319
1.0
0.088132
0.0
0.727106
0.058535
0.167546
0.903956
0.003736
0.04359
0.779853
0.0
0.0
0.922418
0.202125
0.0

1.0
-0.600346
-0.397251
0.002266
-0.019043
1.0
0.263077
0.0
0.358608
0.08696
0.083443
0.935604
0.018681
0.11011
0.608571
0.455604
0.0
0.433187
0.132088
0.136337

0.8651
-0.500203
0.0
-0.320478
0.0
1.0
0.021319
0.01956
1.0
0.054139
0.32022
1.0
0.003736
0.012527
0.78
0.0
0.071136
0.486374
0.052088
0.052088

1.0
-0.275721
-4.3e-05
0.0
-0.26636
1.0
0.195092
0.0
0.804615
0.411942
0.097216
0.81663
0.048571
0.018681
0.932088
0.0
0.053846
0.447692
0.0
0.015751

