flat_4
Left

0.703397
0.0
0.0
0.0
0.138195
1.0
1.0
1.0
1.0
0.055311
0.055311
1.0
0.007839
0.007839
1.0
0.0
0.0
0.868498
0.016044
0.016044

0.681171
0.0
0.0
0.0
0.217114
1.0
1.0
1.0
1.0
0.03978
0.03978
1.0
0.003736
0.003736
1.0
0.0
0.0
0.760073
0.016337
0.016337

0.661963
-0.03952
0.0
0.0
0.313822
1.0
1.0
1.0
0.895458
0.0137
0.0137
1.0
0.0
0.0
1.0
0.0
0.0
0.635824
0.000513
0.000513

-0.905278
-0.03952
-0.054657
0.013108
0.138195
1.0
1.0
0.404908
1.0
0.077289
0.077289
1.0
0.005201
0.0
1.0
0.027473
0.0
0.205934
0.0
0.0

1.0
0.0
0.0
0.0
-0.25052
1.0
1.0
0.923736
0.200513
0.0137
0.078755
0.324908
0.0
0.0
0.655165
0.0
0.0
0.207106
0.0
0.0

0.655786
0.0
-0.889762
-0.410814
0.088159
1.0
1.0
0.438901
1.0
0.231429
0.054725
1.0
0.0
0.014872
0.358022
0.0
0.0
0.171062
0.053553
0.016044

-0.212444
-0.96769
0.0
-0.139827
0.391218
1.0
0.898095
1.0
0.85707
0.054139
0.034212
0.357729
0.006667
0.003736
0.177363
0.0
0.039194
0.230256
0.0
0.0

1.0
0.0
0.0
0.007838
0.525395
1.0
1.0
0.501026
0.351429
0.043004
0.112747
1.0
0.0
0.0137
0.975824
0.0
0.0
0.247546
0.081392
0.0

0.924296
-0.523197
-0.38543
0.010831
0.462777
1.0
1.0
0.297949
1.0
0.005495
0.028352
1.0
0.0
0.0
0.388791
0.0
0.0
0.612381
0.084908
0.0

0.577768
0.0
0.0
-0.65034
0.168097
1.0
1.0
0.865568
0.351429
0.081392
0.075531
1.0
0.0
0.013993
0.259121
0.0
0.0
0.225128
0.0
0.0

0.830407
0.0
0.0
-0.091492
0.447668
1.0
1.0
0.34718
1.0
0.043297
0.091648
1.0
0.0
0.006667
1.0
0.003443
0.024542
0.230256
0.0
0.021612

0.895468
-0.707725
0.00809
0.0
0.085546
1.0
1.0
1.0
1.0
0.028938
0.047399
0.478755
0.070842
0.0137
0.789377
0.0
0.0
0.739414
0.0
0.0

0.907478
0.0
-0.84168
0.051497
0.643066
1.0
1.0
0.336337
0.324322
0.028938
0.055897
0.711722
0.0
0.0
0.706447
0.060879
0.011062
0.635824
0.0
0.0

0.819829
-0.44786
0.0
-0.469008
0.525395
1.0
1.0
1.0
0.482271
0.043004
0.054725
1.0
0.014872
0.0
0.259121
0.0
0.025421
0.760073
0.0
0.0

0.647498
-0.177968
0.0
0.0
-0.120207
1.0
1.0
0.164322
1.0
0.069084
0.049451
1.0
0.0
0.013993
0.266886
0.0
0.0
0.201245
0.035092
0.053553

0.846327
-0.523197
-0.46362
0.0
0.216412
1.0
1.0
0.34718
1.0
0.054725
0.060586
0.435678
0.0
0.0
0.60652
0.0
0.0
0.175458
0.0
0.0

0.518382
-0.777978
0.0
0.0
0.037261
1.0
1.0
0.62
0.26718
0.0937
0.052967
1.0
0.0
0.0
1.0
0.0
0.0
0.225128
0.002271
0.028352

0.765758
-0.10168
0.0
-0.609477
0.0
1.0
1.0
1.0
0.775018
0.011355
0.081392
1.0
0.004615
0.0
0.32989
0.0
0.011062
0.278608
0.035092
0.016044

