g
Left

0.028767
-0.715795
0.0
0.0
0.0
1.0
0.620879
0.18337
0.566374
0.0
0.0
1.0
0.751575
0.751575
1.0
0.770623
0.770623
1.0
1.0
1.0

0.961077
-1.075266
0.0
0.0
0.0
1.0
0.707619
0.301172
0.287692
0.0
0.0
1.0
0.662637
0.662637
1.0
0.981026
0.981026
1.0
1.0
1.0

1.0
-0.949206
0.0
0.0
0.0
1.0
0.908352
0.0
0.241109
0.0
0.0
1.0
1.0
1.0
1.0
1.0
1.0
1.0
1.0
1.0

0.645034
-0.844702
0.0
0.0
0.0
1.0
0.064103
0.0
0.358315
0.178974
0.050916
1.0
0.864689
0.998608
1.0
0.999487
0.999487
0.974286
1.0
0.998901

0.603328
-0.949206
0.0
0.0
-0.896383
1.0
0.297363
0.003736
0.047106
0.08315
0.08315
1.0
1.0
1.0
1.0
1.0
0.999487
0.878169
1.0
1.0

0.745328
-0.248354
0.0
0.0
0.0
1.0
0.332234
0.0
0.75685
0.05707
0.031575
0.860293
1.0
1.0
1.0
1.0
1.0
1.0
0.999487
1.0

0.727315
0.0
-0.0131
0.0
0.0
0.733003
0.0
0.0
0.399048
0.0
0.0
0.991539
0.99978
1.0
1.0
1.0
1.0
1.0
0.999194
1.0

0.460769
-0.565372
0.0
0.0
0.035346
1.0
0.291209
0.034505
1.0
0.090769
0.011355
1.0
0.998608
1.0
1.0
1.0
1.0
0.974286
0.99978
1.0

0.4614
-0.057026
0.050492
0.0
0.0
1.0
0.581465
0.026007
0.758022
0.144982
0.012527
1.0
0.984176
1.0
1.0
1.0
1.0
0.961392
1.0
1.0

0.814697
-1.151478
0.0
0.0
0.0
1.0
0.0
0.0
0.287692
0.030989
0.033626
1.0
1.0
1.0
1.0
1.0
1.0
1.0
1.0
1.0

-0.208487
-1.045697
0.0
0.0
0.0
0.892496
0.0
0.026007
0.566374
0.0
0.0
1.0
0.99978
0.998022
1.0
1.0
1.0
0.447692
1.0
1.0

0.752284
-0.267298
0.0
0.0
0.051928
1.0
0.276117
0.0
0.593333
0.0
0.0
0.829084
1.0
0.998608
1.0
1.0
1.0
0.776191
1.0
0.958169

0.745328
0.257909
0.073544
0.0
0.0
1.0
0.561392
0.0
0.322564
0.00989
0.08315
0.671575
1.0
1.0
1.0
1.0
1.0
1.0
1.0
1.0

0.908398
-0.711808
0.025795
0.0
0.188888
1.0
0.620879
0.034505
0.872308
0.030989
0.087546
1.0
1.0
1.0
1.0
1.0
1.0
1.0
1.0
0.999487

0.774167
-1.279978
0.0
0.0
-0.893341
1.0
0.02337
0.0
0.241109
0.0
0.144982
0.895751
0.99978
1.0
1.0
1.0
1.0
1.0
1.0
1.0

0.719705
-0.638502
0.0
0.0
0.0
1.0
0.707619
0.0
1.0
0.054432
0.0
0.662491
0.99978
1.0
1.0
1.0
1.0
1.0
1.0
1.0

0.961077
0.0
0.0
0.004884
0.214398
1.0
0.041832
0.0
0.758022
0.063223
0.115971
0.981319
0.99978
0.864689
1.0
1.0
1.0
0.959048
1.0
1.0

0.555401
0.0
0.0
0.0
0.0
1.0
0.581465
0.0
0.287692
0.0
0.00989
1.0
1.0
1.0
1.0
1.0
1.0
1.0
1.0
1.0

