goody_goody
Left

0.507105
0.149261
-0.016797
0.0
0.146654
0.140543
0.122125
0.0
0.157473
0.0
0.0
0.972528
0.0
0.0
1.0
0.376191
0.376191
0.508059
0.008425
0.008425

0.396054
0.497749
-0.093638
0.0
0.250628
0.128866
0.116996
0.0
0.009249
0.0
0.0
0.410769
0.0
0.0
1.0
0.548498
0.548498
0.354799
0.058535
0.058535

0.311251
0.559813
0.00554
0.0
0.100947
0.15089
0.119927
0.0
0.088131
0.0
0.0
0.570769
0.0
0.0
1.0
0.725788
0.725788
0.308352
0.06
0.06

0.389342
-0.059241
-0.090623
0.23033
-0.278518
0.276653
0.0
0.0
0.0
0.0
0.0
0.570769
0.0
0.0
1.0
1.0
1.0
0.098388
0.0
0.004322

0.545115
0.288592
0.358959
0.0
0.037234
0.562051
0.185714
0.0
0.0
0.0
0.0
0.0
0.0
0.0
1.0
1.0
0.376191
0.165132
0.0
0.021319

0.570261
0.046976
-0.116236
0.0
-0.293908
0.111477
0.0
0.0
-0.203415
0.0
0.0
0.389377
0.0
0.0
1.0
1.0
1.0
-0.033253
0.050916
0.0

0.479952
0.15881
0.080432
0.389279
-0.086764
0.195295
0.151722
0.065568
-0.016362
0.0
0.0
0.018974
0.0
0.0
0.337509
1.0
1.0
0.266886
0.0
0.0

0.549832
0.088451
0.00554
0.178531
-0.332049
0.318467
0.031868
0.0
0.033626
0.0
0.0
0.318608
0.0
0.0
1.0
0.999487
1.0
0.0
0.0
0.036557

0.412026
-0.099543
-0.090623
-0.056868
-0.013562
0.665718
0.0
0.0
0.0
0.0
0.0
0.0
0.0
0.0
0.14
1.0
1.0
0.037436
0.008425
0.0

-0.213505
0.221109
-0.090623
0.0
-0.293908
0.775275
0.087546
0.0
0.011062
0.0
0.0
0.389377
0.0
0.0
0.239634
1.0
1.0
0.324615
0.0
0.001099

0.050263
-0.241303
0.504053
-0.244151
-0.283413
0.258693
0.055311
0.0
0.204469
0.0
0.0
0.104378
0.0
0.0
0.279048
1.0
1.0
0.055311
0.035092
0.0

0.355472
-0.166312
-0.165245
0.167515
-0.058274
0.326698
0.00989
0.005788
0.0
0.0
0.0
0.0
0.0
0.0
1.0
1.0
1.0
0.0
0.0
0.0

0.273671
0.15881
0.290161
-0.11087
-0.283413
0.111477
0.001978
0.0
0.06381
0.0
0.0
0.026007
0.0
0.0
1.0
1.0
1.0
0.0
0.0
0.0

-0.260712
-0.058426
0.252857
0.0
-0.186906
0.111894
0.194506
0.0
0.037729
0.0
0.002857
0.069084
0.0
0.0
1.0
0.725788
1.0
0.074652
0.0
0.0

-0.092766
0.58081
0.317495
0.194654
0.374031
0.386406
0.079634
0.0
0.0
0.0
0.0
-0.113083
0.0
0.0
0.311722
1.0
1.0
0.001685
0.0
0.0

0.325007
0.497749
-0.090623
0.184572
0.041012
0.455644
0.147326
0.0
0.06381
0.0
0.0
0.318608
0.000513
0.0
0.612088
1.0
1.0
0.22674
0.0
0.050916

-0.260712
-0.209637
0.166706
0.0
0.728598
0.368594
-0.062944
0.0
0.192308
0.0
0.0
0.408718
0.0
0.0
0.239634
1.0
1.0
0.324615
0.0
0.0

0.186203
-0.095852
0.252857
0.0
0.037234
0.647663
0.034799
0.005788
-0.016362
0.0
0.0
0.006667
0.0
0.0
0.334286
0.706154
1.0
0.266886
0.035092
0.0

