i
Left

0.299435
0.0
0.0
0.0
0.175352
1.0
0.974872
1.0
1.0
1.0
1.0
1.0
1.0
1.0
1.0
1.0
1.0
0.308205
0.0
0.0

0.406121
0.0
0.0
0.0
0.034174
1.0
0.942198
1.0
1.0
1.0
1.0
1.0
1.0
1.0
1.0
1.0
1.0
0.337802
0.003443
0.003443

0.406643
0.0
0.0
0.0
0.027004
1.0
1.0
1.0
1.0
0.798169
0.798169
1.0
0.980073
0.980073
1.0
0.748352
0.748352
0.304103
0.0
0.0

0.431958
-0.251965
-0.210878
0.0
0.233508
1.0
0.758022
0.408132
0.762418
1.0
1.0
1.0
1.0
1.0
1.0
1.0
1.0
0.094286
0.0
0.0

0.918014
0.0
0.0
0.0
0.198149
1.0
0.127106
0.611795
1.0
1.0
1.0
1.0
0.832747
1.0
0.702637
1.0
1.0
0.155238
0.0
0.0

0.508317
0.0
0.000242
0.131466
0.254632
1.0
0.824689
0.197729
0.884322
1.0
1.0
1.0
1.0
0.999194
0.319927
1.0
1.0
0.135311
0.052381
0.0

0.558939
0.0
0.0
0.021711
0.13598
1.0
1.0
0.329011
0.777363
0.99978
1.0
0.681832
1.0
1.0
1.0
1.0
1.0
0.087253
0.0
0.0

0.587777
0.0
0.0
0.0
-0.083542
1.0
0.758608
0.414725
1.0
1.0
1.0
1.0
1.0
0.99978
1.0
1.0
1.0
0.144103
0.0
0.052381

0.794924
0.0
-0.020937
0.0
0.414838
1.0
1.0
0.063516
1.0
1.0
1.0
0.750989
1.0
1.0
1.0
1.0
1.0
0.155238
0.0
0.0

0.31517
-0.122449
0.0
0.0
0.063464
1.0
0.696484
0.856484
1.0
1.0
1.0
0.71641
1.0
1.0
1.0
1.0
0.798461
0.148791
0.0
0.0

0.587257
0.0
0.0
0.0
0.144473
1.0
0.940806
0.087253
1.0
1.0
1.0
1.0
1.0
1.0
1.0
1.0
1.0
0.308205
0.0
0.0

0.794924
0.0
0.0
0.0
0.373528
1.0
0.758022
1.0
1.0
1.0
1.0
1.0
1.0
0.999194
1.0
1.0
1.0
0.256337
0.0
0.0

1.0
-0.203811
0.0
0.012457
0.306157
1.0
0.758022
0.69033
1.0
1.0
1.0
1.0
0.998315
1.0
0.969011
1.0
1.0
0.087839
0.0
0.0

0.692463
0.0
-0.208477
0.0
0.13304
1.0
0.758608
1.0
0.684176
1.0
1.0
1.0
1.0
0.99978
1.0
1.0
1.0
0.333407
0.0
0.0

0.918014
-0.145718
0.0
0.131466
0.265866
1.0
1.0
1.0
0.688865
1.0
1.0
1.0
1.0
1.0
0.890476
1.0
1.0
0.0
0.0
0.0

0.583338
0.0
-0.020937
0.0
0.13304
1.0
0.824689
0.0937
1.0
1.0
1.0
1.0
0.998315
1.0
1.0
1.0
1.0
0.135311
0.0
0.0

0.63089
0.0
0.0
0.0
-0.062242
1.0
0.696484
0.414725
1.0
1.0
1.0
1.0
0.998608
1.0
1.0
1.0
1.0
0.234359
0.026886
0.0

0.794924
0.0
-0.196392
0.0
0.083439
1.0
0.742344
0.075531
1.0
1.0
1.0
1.0
1.0
1.0
1.0
1.0
1.0
0.322271
0.0
0.0

