ily
Left

0.170407
-0.266135
0.0
0.0
0.145752
0.332479
0.23641
0.0
0.726813
0.0
0.0
1.0
0.572967
0.572967
1.0
0.871136
0.871136
0.499121
0.02337
0.02337

0.369407
-0.112786
0.0
0.0
-0.056413
0.101749
0.190843
0.0
0.902637
0.0
0.0
1.0
0.775604
0.775604
1.0
0.997656
0.997656
0.572527
0.0
0.0

0.430371
-0.287183
0.0
0.0
-0.042567
0.103253
0.15641
0.0
0.599048
0.0
0.0
1.0
0.671429
0.671429
1.0
0.80652
0.80652
0.375751
0.0
0.0

0.955095
0.458516
0.0
-0.049698
-0.04589
0.0
0.02337
0.0
0.438901
0.0
0.0
1.0
0.927692
1.0
0.269524
1.0
1.0
-0.076486
0.0
0.032161

0.502395
-0.27213
0.0
0.0
0.63032
0.128763
0.0
-0.116662
0.04652
0.0
0.0
1.0
1.0
1.0
0.268791
1.0
0.89956
0.0
0.0
0.030989

1.0
-0.098068
0.0
0.0
0.219838
0.438475
-0.047045
-0.052378
1.0
0.005201
0.0
0.179853
0.999194
0.927692
1.0
1.0
1.0
0.0
0.0
0.0

0.312216
-0.112786
-0.180535
0.0
-0.559961
0.0
0.201245
0.0
0.224542
0.041832
0.047399
0.715238
1.0
0.998315
0.269524
0.487839
1.0
0.572527
0.224396
0.0

-0.341817
0.018309
-0.178737
0.0
-0.044459
0.019944
-0.070037
0.0
0.624396
0.0
0.041832
1.0
1.0
0.999194
1.0
1.0
0.999487
0.229524
0.0
0.0

0.598723
-0.033524
0.0
0.0
0.293109
0.0
0.077875
0.0
0.081685
0.014579
0.0
1.0
0.775604
1.0
0.989817
1.0
1.0
0.034212
0.064689
0.0

-0.025911
-0.187528
-0.178737
0.0
-0.407356
0.301648
-0.070037
0.016044
0.902637
0.014579
0.0
1.0
1.0
0.992527
1.0
1.0
1.0
0.0
0.025421
0.0

0.434624
0.279448
-0.187083
0.0
-0.276711
0.109848
0.201245
0.0
0.600659
0.0
0.0
1.0
0.999194
1.0
0.989817
0.687399
1.0
0.015458
0.0
0.002564

0.170407
-0.107715
0.0
0.0
0.031012
0.063193
-0.076185
-0.031233
0.624396
0.0
0.030403
1.0
0.998022
1.0
0.268791
1.0
1.0
0.06293
0.048571
0.0

0.187565
0.23537
-0.187083
0.023529
-0.36626
0.600286
0.0
0.0
0.902637
0.022198
0.034799
0.079927
0.671429
0.775604
1.0
1.0
1.0
0.836264
0.0
0.0

0.27027
0.305001
0.0
0.296379
0.031012
0.194203
0.019853
0.0
0.614139
0.0
0.0
0.891941
1.0
1.0
1.0
0.587766
1.0
0.244908
0.006081
0.13619

0.709534
-0.187528
0.0
-0.011779
0.394067
0.332479
0.0
0.0
0.181905
0.0
0.0
0.640513
1.0
0.786007
0.092558
0.687399
1.0
0.035385
0.224396
0.0

0.598723
0.0
0.0
0.0
-0.424032
0.103753
0.0
-0.007719
0.407546
0.034799
0.0
1.0
0.572967
1.0
1.0
1.0
1.0
0.215018
0.0
0.0

-0.100761
-0.266135
-0.278862
0.0
-0.282536
0.217825
0.23641
0.006081
-0.169607
0.0
0.0
1.0
1.0
1.0
1.0
0.855311
1.0
0.482711
0.040952
0.030989

-0.290694
-0.176648
0.0
0.0
-0.076573
0.273852
0.008718
0.0
0.341612
0.0
0.0
0.040952
0.999194
0.810476
1.0
1.0
1.0
0.0
0.0
0.279194

