k
Left

0.246038
-0.719525
-0.009871
0.0
0.0
1.0
0.22
0.0
0.181166
0.0
0.0
0.972454
0.0
0.0
1.0
0.889597
0.889597
1.0
1.0
1.0

0.363801
-0.435734
0.0
0.0
0.0
0.959264
0.40022
0.091355
0.328718
0.0
0.0
1.0
0.0
0.0
1.0
1.0
1.0
1.0
1.0
1.0

0.425984
-0.500068
0.0
0.0
0.0
0.962098
0.197436
0.001392
0.412528
0.0
0.0
1.0
0.0
0.0
1.0
1.0
1.0
1.0
1.0
1.0

0.317072
-0.500068
-0.178832
0.023766
0.0
1.0
0.0
0.016044
0.0
0.0
0.0
1.0
0.032454
0.0
1.0
1.0
1.0
0.825421
1.0
0.738095

0.473511
0.208735
0.0
0.0
0.192018
1.0
0.037143
0.00696
0.006081
0.0
0.0
0.460586
0.0
0.0
0.647546
1.0
0.512161
0.79641
1.0
0.93619

0.405009
0.708354
0.00853
0.0
0.001407
1.0
0.107619
0.0
0.181166
0.0
0.0
1.0
0.0
0.001099
1.0
1.0
1.0
1.0
1.0
0.714652

0.391034
0.106935
0.271496
0.050382
0.033421
1.0
0.112454
0.0
0.330916
0.0
0.0
0.749231
0.0
0.098242
1.0
1.0
1.0
0.93707
0.495458
1.0

0.407589
0.260588
-0.125017
0.0
0.098834
1.0
0.40022
0.0
0.014032
0.0
0.0
1.0
0.0
0.018681
1.0
1.0
0.919194
0.973553
1.0
1.0

0.391675
0.341705
0.174365
0.0
0.010921
1.0
0.0
0.091355
0.195092
0.001685
0.0
0.637436
0.0
0.032161
1.0
0.999487
1.0
0.65956
1.0
0.762418

0.363801
0.190646
-0.051139
0.0
-0.005379
1.0
0.203736
0.0
0.767692
0.0
0.0
0.554359
0.0
0.0
1.0
1.0
1.0
1.0
0.999487
0.721099

0.384562
0.326642
0.111132
0.0
-0.004493
1.0
0.078755
0.0
0.171355
0.0
0.0
0.487692
0.0
0.0
1.0
0.66718
1.0
0.726667
0.714652
0.495458

0.467279
0.039181
0.08643
0.0
0.056179
1.0
0.0
0.0
0.558169
0.0
0.0
0.457363
0.0
0.0
1.0
1.0
1.0
1.0
1.0
1.0

0.246038
0.190646
-0.051039
0.091844
0.103497
1.0
0.0
0.0
0.324322
0.0
0.0
0.193626
0.009597
0.0
0.889597
1.0
0.66718
0.953187
1.0
0.644322

0.466219
0.36652
0.248712
0.0
0.032527
0.983693
0.0
0.0
0.134805
0.0
0.0
0.836557
0.0
0.0
1.0
1.0
1.0
0.778535
0.659561
1.0

0.293006
-0.029809
0.125757
0.0
0.39944
1.0
0.22
0.00696
0.420733
0.0
0.0
0.581905
0.0
0.02337
1.0
0.999487
1.0
0.5737
0.99978
1.0

0.389555
0.284603
0.049612
0.0
0.0
1.0
0.19685
0.015751
0.558169
0.0
0.0
1.0
0.0
0.0
1.0
0.512161
0.959634
0.65956
1.0
1.0

0.467279
-0.02544
-0.084958
0.0
0.266092
1.0
0.462051
0.00696
0.029852
0.009304
0.0
0.749231
0.023956
0.0
1.0
1.0
0.451941
0.292088
1.0
1.0

0.478153
0.536154
0.248712
0.0
0.0
0.939179
0.200366
0.004615
0.25956
0.0
0.0
0.522418
0.057363
0.0
1.0
1.0
0.886374
0.978974
0.915092
0.999194

