l
Left

-0.35793
0.201474
0.0
0.0
0.0
0.0
-0.135741
0.206092
0.082857
0.0
0.0
1.0
0.744689
0.744689
1.0
0.598022
0.598022
1.0
0.62293
0.62293

-0.048762
0.019382
0.0
0.0
0.0
0.0
-0.160311
-0.110214
0.208776
0.0
0.0
1.0
0.779854
0.779854
1.0
0.988132
0.988132
1.0
1.0
1.0

0.133816
-0.002507
0.0
0.0
0.0
0.0
-0.013878
-0.009541
0.204908
0.0
0.0
1.0
0.662198
0.662198
1.0
0.875824
0.875824
1.0
1.0
1.0

0.581868
0.109832
0.019246
0.0
0.044981
0.0
-0.213105
-0.037595
0.494286
0.0
0.0
1.0
1.0
1.0
0.77326
1.0
1.0
0.967399
1.0
0.867472

-0.048762
-0.176737
0.0
0.0
0.098612
0.0
-0.204975
-0.1875
0.33663
0.0
0.0
1.0
0.998608
0.998608
0.869377
1.0
1.0
1.0
1.0
1.0

0.205616
0.106114
0.0
0.0
0.212769
0.0
-0.331764
0.0
0.296777
0.0
0.0
0.808132
1.0
0.999194
1.0
0.999121
1.0
1.0
1.0
1.0

0.55824
-0.273941
-0.005191
0.0
0.0
0.0
0.069963
-0.180043
0.518022
0.0
0.0
1.0
0.998022
0.999194
0.83011
0.875824
1.0
1.0
0.835824
0.812527

0.205616
-0.229521
0.040523
0.0
0.0
0.0
-0.358848
0.0
0.33663
0.0
0.0
0.99978
1.0
1.0
0.218466
1.0
0.798755
0.980733
0.62293
0.999194

0.910168
0.277974
-0.006819
0.0
-0.036005
0.102465
-0.102083
-0.020985
-0.245706
0.000806
0.0
1.0
1.0
0.998608
1.0
0.798755
0.999121
0.825714
1.0
0.767692

0.470201
0.447208
-0.08111
0.0
0.007035
0.046385
-0.112336
-0.110214
0.252528
0.0
0.0
1.0
1.0
1.0
1.0
1.0
1.0
1.0
1.0
0.999194

0.538026
-0.161954
-0.000103
0.0
-0.081538
0.0
-0.069093
-0.075947
0.178388
0.0
0.0
1.0
0.998315
0.022784
1.0
1.0
1.0
0.653846
1.0
0.62293

0.916467
-0.035168
0.131295
-0.121839
0.0
0.0
-0.333707
-0.042188
0.68652
0.000806
0.0
0.912161
0.998315
0.998022
1.0
1.0
1.0
0.960806
1.0
1.0

-0.1609
-0.102608
0.0
0.0
0.043125
0.0
-0.059939
-0.1875
0.208776
0.0
0.0
1.0
1.0
1.0
1.0
1.0
1.0
0.997143
1.0
0.998901

1.0
-0.09748
0.0
-1.100848
0.212769
0.0
-0.213105
-0.13423
0.178388
0.0
0.0
0.942051
1.0
1.0
0.735751
0.709963
0.999194
0.950256
0.62293
0.99978

0.205616
-0.035168
-0.037282
0.0
0.009658
0.0
-0.111218
-0.009541
0.700293
0.0
0.0
1.0
0.998315
1.0
1.0
1.0
1.0
0.931502
0.991795
0.99978

0.656419
-0.162803
-0.081395
0.0
0.396251
0.0
-0.005846
-0.043559
0.477582
0.0
0.0
1.0
1.0
1.0
1.0
0.999121
0.709963
0.908059
1.0
0.62293

0.529531
-0.273941
-0.000498
0.0
0.0
0.0
-0.135741
-0.050207
0.297363
0.0
0.020733
0.749524
1.0
1.0
0.470256
0.798755
1.0
1.0
0.826886
0.767692

0.591224
-0.02725
-0.053122
0.0
0.0
0.0
-0.331003
-0.004019
-0.245706
0.020733
0.0
1.0
0.662198
1.0
1.0
0.988132
1.0
0.284762
0.991795
1.0

