open_b
Left

0.118393
0.439114
0.065096
0.261375
0.104726
0.0
-0.124041
-0.085278
-0.032643
0.0
0.0
0.0
0.0
0.0
0.0
0.0
0.0
0.0
0.0
0.0

0.109185
0.067341
0.055471
0.303892
0.210076
0.0
-0.028651
-0.042413
0.0
0.0
0.0
0.0
0.0
0.0
0.0
0.0
0.0
0.0
0.0
0.0

0.114268
0.005682
-0.287721
0.266212
0.199653
0.0
-0.08123
-0.055846
0.0
0.0
0.0
0.0
0.0
0.0
0.0
0.0
0.0
0.0
0.0
0.0

0.636956
-0.106565
-0.019881
0.423077
-0.038027
0.186982
-0.124923
-0.024228
0.0
0.0
0.0
0.0
0.0
0.0
0.0
0.0
0.0
-0.033609
0.0
0.0

-0.391397
0.220319
0.003318
0.194292
-0.013883
0.278536
-0.025775
0.0
0.0
0.0
0.0
0.0
0.0
0.0
0.0
0.0
0.0
0.002271
0.0
0.0

0.31802
-0.209938
-0.02063
0.079039
-0.367787
0.335907
0.024835
0.0
-0.03476
0.0
0.0
0.0
0.0
0.0
0.0
0.0
0.01663
0.0
0.0
0.0

0.224615
-0.188637
0.019433
0.127422
0.126695
0.216705
0.0
-0.085278
-0.023137
0.0
0.0
0.0
0.0
0.0
0.024378
0.0
0.0
0.0
0.0
0.004029

0.187064
-0.103882
-0.128778
0.423077
0.072969
0.012201
-0.041087
0.0
-0.01456
0.0
0.0
0.0
0.0
0.0
0.0
0.0
0.0
0.02044
0.0
0.0

0.038014
-0.062276
-0.10561
0.030471
-0.246616
0.343854
-0.007584
0.065861
0.0
0.0
0.0
0.0
0.0
0.0
0.0
0.01663
0.0
0.0
0.0
0.0

0.804137
-0.306659
0.065096
-0.235964
-0.215742
0.2125
0.0
0.0
-0.004606
0.0
0.0
0.0
0.0
0.0
-0.013557
0.0
0.0
-0.09915
0.0
0.0

0.591968
0.146338
0.199054
0.318427
-0.077973
0.0
-0.027167
0.0
0.0
0.0
0.0
0.124551
0.0
0.0
0.049158
0.0
0.0
-0.027928
0.0
0.0

-0.18009
-0.171223
-0.12683
0.194292
0.09944
0.0
0.0
-0.028248
0.0
0.0
0.0
0.0
0.0
0.0
0.0
0.0
0.0
0.0
0.0
0.0

0.118393
0.573321
-0.086096
0.074212
-0.075571
0.0
-0.213492
-0.099351
0.0
0.0
0.0
0.0
0.0
0.0
0.0
0.0
0.0
0.00696
0.0
0.0

0.838055
-0.106565
-0.077571
0.051634
-0.06143
0.120211
0.023077
-0.063463
0.0
0.0
0.0
0.007546
0.0
0.0
0.0
0.0
0.0
-0.01709
0.0
0.0

0.185473
0.005682
-0.039775
0.046547
-0.075292
0.1016
-0.187424
0.0
0.070256
0.0
0.0
0.0
0.0
0.0
0.0
0.0
0.0
0.00696
0.0
0.0

0.676703
-0.062276
-0.038194
0.043646
-0.077973
0.0
0.04652
0.0
-0.01456
0.0
0.0
0.0
0.0
0.0
-0.011659
0.0
0.002564
-0.033609
0.004029
0.0

0.800998
0.566987
-0.040831
-0.476442
-0.16192
0.324986
-0.14451
0.0
-0.032643
0.0
0.0
0.0
0.0
0.0
0.0
0.0
0.0
0.002271
0.0
0.0

0.498433
-1.095117
-0.12683
0.326653
0.095458
0.0
-0.095102
-0.018677
0.0
0.0
0.0
-0.08427
0.0
0.0
0.0
0.0
0.0
0.0
0.0
0.0

