open_h
Left

0.297496
-0.183465
-0.01195
0.0
0.0
0.325772
0.093407
0.0
0.059707
0.0
0.0
0.511868
0.0
0.0
1.0
0.68989
0.68989
1.0
1.0
1.0

-0.201075
-0.195234
-0.11157
0.0
0.0
0.163988
0.0
0.0
-0.025983
0.0
0.0
0.556264
0.0
0.0
1.0
0.835824
0.835824
1.0
1.0
1.0

-0.284885
-0.382498
-0.285017
0.0
0.0
0.250647
0.006081
0.0
-0.078779
0.0
0.0
0.36315
0.0
0.0
1.0
0.501612
0.501612
1.0
1.0
1.0

-0.143025
-0.221044
0.093981
0.0
0.004178
0.327351
-0.042343
-0.060053
0.340733
0.0
0.007546
0.161685
0.0
0.0
0.874066
1.0
0.815751
1.0
0.998901
1.0

0.136778
-0.490351
-0.415088
0.122038
0.000357
0.0
0.0
-0.050545
0.697509
0.011941
0.0
0.511868
0.0
0.0
1.0
1.0
1.0
0.838901
1.0
1.0

-0.332513
-0.666196
-0.001713
0.0
0.0
0.0
0.0
0.0
0.452967
0.0
0.0
0.002271
0.0
0.0
1.0
1.0
1.0
0.754066
1.0
0.814432

-0.127296
-0.624671
-0.498715
0.0
0.0
0.0
0.030989
0.0
0.630843
0.0
0.0
0.904981
0.0
0.0
1.0
1.0
0.801685
1.0
1.0
1.0

0.099163
-0.38858
0.079342
0.048394
0.0
0.0
0.0
0.0
0.0
0.0
0.0
0.001685
0.0
0.0
1.0
1.0
0.52652
1.0
1.0
0.999194

-0.5251
-0.589265
0.490471
0.0
0.0
0.086899
-0.14138
0.001099
0.347326
0.0
0.0
0.244908
0.0
0.0
0.605055
0.946154
1.0
0.90337
0.999194
1.0

-0.240905
-0.504367
-0.415088
0.0
0.0
0.0
0.0
-0.120839
0.074359
0.0
0.0
0.0
0.0
0.0
1.0
1.0
1.0
1.0
0.810037
0.999487

-0.160063
-0.666196
-0.326885
0.0
0.0
0.227981
0.023956
-0.118475
0.347326
0.011941
0.0
0.147619
0.0
0.0
0.624103
1.0
1.0
0.213114
1.0
0.9737

-0.410652
-0.550634
-0.720429
0.0
0.0
0.007617
-0.046883
0.0
0.42293
0.0
0.0
0.232894
0.0
0.0
1.0
0.84359
1.0
1.0
0.860293
0.999194

-0.465263
-0.257512
-0.163591
0.0
0.0
0.348201
-0.074152
-0.102738
0.327546
0.0
0.007546
0.187473
0.0
0.0
1.0
0.999487
1.0
1.0
1.0
0.741319

-0.024583
-0.101363
-0.018158
0.253094
0.0
0.230332
-0.084143
-0.024598
0.697509
0.0
0.0
0.507179
0.0
0.0
0.257802
1.0
1.0
1.0
0.860293
0.765348

0.459951
-0.504367
-0.415088
0.0
0.0
0.032573
0.0
0.0
0.136777
0.0
0.0
0.43055
0.0
0.0
1.0
1.0
0.835824
0.942344
1.0
1.0

0.194184
-0.709518
-0.201985
0.178483
0.0
0.227981
-0.013765
0.0
0.512161
0.0
0.0
0.147619
0.0
0.0
1.0
1.0
0.999487
1.0
0.976777
1.0

0.033627
-0.550634
-0.273928
0.000225
0.004418
0.260694
0.0
0.034357
0.0
0.0
0.0
0.304103
0.0
0.0
1.0
1.0
1.0
0.754066
1.0
0.999487

-0.283083
-0.403493
-0.142062
0.0
0.113161
0.0
-0.029039
-0.030381
0.279194
0.0
0.0
0.161685
0.0
0.0
1.0
1.0
1.0
1.0
0.840952
1.0

