open_f
Left

0.94252
-2.043966
-0.188782
-0.352584
-0.603026
1.0
0.23641
0.0
0.083443
0.023956
0.023956
0.0
0.024542
0.024542
0.0
0.0
0.0
0.0
0.0
0.0

0.961779
-2.171459
-0.633538
-0.465566
-0.609592
1.0
0.242857
0.0
0.066154
0.018095
0.018095
0.0
0.0
0.0
0.0
0.0
0.0
-0.005372
0.0
0.0

0.923722
-2.015143
-0.572613
-0.549683
-0.697102
1.0
0.428059
0.0
0.09663
0.032747
0.032747
0.0
0.0
0.0
0.0
0.0
0.0
-0.037446
0.0
0.0

1.0
0.112641
-0.13315
-0.743914
-0.100997
0.459034
0.712308
0.0
0.06
0.130183
0.087839
-0.072435
0.0
0.0
0.0
0.0
0.0
-0.031507
0.020733
0.007839

1.0
0.157896
-0.257797
-0.44036
-0.587505
1.0
0.061172
0.0
0.491209
0.087253
0.157875
0.011355
0.0
0.0
-0.103126
0.0
0.0
-0.56092
0.0
0.0

0.394932
-2.043966
-0.212868
-0.305179
-0.522406
1.0
0.179267
0.0
0.355824
0.077875
0.08315
0.357436
0.0
0.0
-0.144532
0.0
0.0
-0.054288
0.031282
0.0

0.818069
0.083071
1.699934
-0.549683
-0.608177
1.0
0.087546
0.004908
0.09663
0.396117
0.187473
-0.034184
0.0
0.0
-0.067155
0.0
0.0
-0.456425
0.0
0.0

0.473402
-0.547737
0.028736
-0.724288
-0.920438
0.578216
0.044469
0.0
0.182784
0.023956
0.114506
-0.137143
0.0
0.0
-0.181089
0.0
0.0
-0.185829
0.0
0.0

1.0
0.396835
0.19466
-0.547448
-0.301432
0.459034
0.204176
0.0
0.552308
1.0
0.081685
0.0
0.0
0.0
-0.196315
0.0
0.0
-0.348
0.0
0.0

1.0
-0.537022
0.130323
-0.495497
-0.634425
0.678547
0.000513
0.0
0.094872
0.173114
0.229963
0.0
0.0
0.0
-0.015923
0.0
0.0
-0.087653
0.0
0.0

1.0
0.03517
-0.039142
-0.499825
-0.828041
1.0
0.428059
0.0
0.552308
0.187473
0.087253
-0.00329
0.0
0.0
-0.036786
0.0
0.0
-0.456425
0.00022
0.0

1.0
0.779208
0.143145
-0.551158
-0.920438
0.507683
0.0
0.0
0.083443
0.290769
0.195385
0.328718
0.0
0.0
-0.255142
0.0
0.004908
0.0
0.0
0.0

1.0
0.114977
0.028736
-0.630065
-0.115124
1.0
0.588645
0.0
0.461758
0.175018
0.105714
0.016044
0.0
0.0
-0.228004
0.015458
0.0
-0.107756
0.018681
0.0

0.906782
0.119738
0.437214
-0.339848
-0.970305
1.0
0.12652
0.0
0.185568
0.130183
0.072894
0.040659
0.0
0.0
-0.233256
0.0
0.0
-0.08322
0.0
0.0

0.878095
-0.564655
-0.129776
-0.475101
-1.152323
1.0
0.14
0.0
0.066154
0.179853
0.168132
0.82337
0.0
0.0
-0.015923
0.0
0.0
-0.150523
0.0
0.0

0.916678
0.264018
0.001978
-0.2949
-0.550894
1.0
0.0
0.0
0.190549
0.195385
0.081685
0.0
0.0
0.0
-0.228004
0.0
0.0
-0.005372
0.0
0.02337

1.0
0.106948
-0.12781
-0.724288
-0.679367
0.976651
0.007253
0.0
0.079634
0.023956
0.114506
-0.013506
0.0
0.0
-0.206976
0.0
0.0
-0.358295
0.0
0.0

0.995199
0.537048
-0.219053
-0.460327
-0.697102
0.842484
0.0
0.0
0.0
0.290769
0.126227
-0.040374
0.0
0.0
-0.008957
0.0
0.0
-0.121336
0.0
0.0

