open_e
Left

0.423101
0.1307
-0.197467
-0.052322
0.064579
0.578844
0.117143
0.007253
-0.059907
1.0
1.0
0.208464
1.0
1.0
0.130555
1.0
1.0
0.106007
1.0
1.0

0.466066
-0.511409
-0.183258
-0.076181
-0.077039
0.641656
0.028645
0.0
0.013978
1.0
1.0
0.086667
1.0
1.0
0.122681
1.0
1.0
0.147283
1.0
1.0

0.415763
-0.23568
-0.32263
-0.154775
-0.193611
0.651939
0.064103
0.0
0.312015
1.0
1.0
0.363004
1.0
1.0
0.397875
1.0
1.0
0.154232
1.0
1.0

0.125805
0.11829
-0.078486
-0.261619
-0.260391
0.544731
0.517582
0.246667
0.352161
1.0
1.0
0.353919
0.998315
1.0
0.044176
1.0
0.326667
0.192015
0.202711
1.0

-0.233133
0.235819
-0.158733
-0.167767
-0.095802
0.676064
0.064103
0.096923
0.0
1.0
1.0
-0.081204
1.0
1.0
0.0
1.0
1.0
0.24151
0.377949
0.769597

0.096294
0.172065
-0.107661
-0.160213
0.0
0.781465
0.138974
0.0
-0.069585
1.0
1.0
0.012234
0.998608
1.0
-0.093844
0.76359
1.0
0.064982
0.997729
0.56315

0.177697
0.072674
0.011608
0.014286
-0.419239
0.946064
0.014286
0.0
-0.153666
1.0
1.0
0.043004
1.0
1.0
0.132967
1.0
0.942051
-0.015153
0.202711
1.0

0.410613
0.103613
-0.092928
-0.052322
0.0
0.589472
0.090769
0.091941
0.040073
1.0
1.0
0.0
1.0
1.0
0.498974
0.391575
1.0
0.064982
1.0
0.997729

-0.116616
-0.511409
-0.361537
-0.058979
-0.025863
0.788522
0.128278
0.0
0.01663
1.0
1.0
-0.019406
0.999194
1.0
0.6263
0.727253
0.391575
0.035971
1.0
0.998901

0.034061
0.07408
-0.188274
-0.266505
-0.100876
0.946064
0.232601
0.038901
0.083736
1.0
1.0
0.0
1.0
1.0
0.087839
0.942051
1.0
0.24151
0.957875
1.0

0.08864
0.235819
-0.038915
-0.102643
-0.268652
0.849221
0.018681
0.0
0.020733
1.0
1.0
0.0
0.998022
1.0
0.038891
0.965421
1.0
0.106007
0.791429
1.0

-0.032203
-0.179747
-0.013453
-0.132239
0.029019
0.858204
0.237582
0.0
0.057795
1.0
0.764176
0.085201
0.99978
0.970769
0.0
0.456777
1.0
0.060586
0.909817
0.389817

0.146699
0.206027
0.01838
0.239669
-0.025863
0.578844
0.0
0.0
0.206428
0.99978
1.0
0.0
1.0
0.99978
-0.018814
1.0
0.721099
0.022483
1.0
0.957875

0.409491
0.381558
-0.250847
-0.156071
-0.17212
0.645738
0.259121
0.06967
-0.395076
1.0
1.0
0.026886
1.0
0.998608
0.089304
1.0
1.0
0.097802
1.0
1.0

-0.032203
0.07408
-0.37058
-0.129871
-0.328835
0.845317
0.029524
0.14967
-0.209961
1.0
1.0
-0.042235
1.0
0.998022
-0.024662
0.934066
1.0
0.192015
1.0
0.767106

-0.057863
0.091832
-0.183258
-0.189542
-0.185317
0.687634
0.028645
0.0
-0.171348
1.0
1.0
0.363004
0.998608
0.998608
0.245201
0.456777
1.0
0.192015
0.319927
1.0

-0.116616
0.393195
-0.28764
-0.156071
-0.591577
0.847083
0.211648
0.0
0.41956
1.0
1.0
-0.023818
0.998022
1.0
0.012821
0.721099
1.0
0.106007
1.0
0.997729

0.34968
0.103804
-0.082004
-0.102217
0.029019
0.820255
0.164322
0.0
0.277143
0.759194
1.0
0.046813
1.0
1.0
-0.116464
1.0
0.934066
0.0
1.0
0.35304

