p
Left

0.811598
-0.375084
0.0
0.0
0.0
0.783641
0.012234
0.0
0.164029
0.0
0.0
1.0
0.167546
0.167546
1.0
0.882418
0.882418
1.0
1.0
1.0

0.586773
-0.626445
0.0
0.0
0.017744
1.0
0.08022
0.0
0.244615
0.0
0.0
1.0
0.22967
0.22967
1.0
0.758608
0.758608
0.977509
0.815165
0.815165

0.628579
-2.341412
0.0
0.0
0.102627
0.915649
0.023956
0.0
0.16989
0.0
0.0
1.0
0.302051
0.302051
1.0
0.712894
0.712894
0.632601
0.644615
0.644615

1.0
0.566157
0.0
-0.011385
-0.008435
1.0
0.132674
0.0
0.45707
0.0
0.0
1.0
0.056777
0.262784
1.0
1.0
0.526813
0.992308
0.565641
1.0

0.355119
-0.218224
0.0
0.0
0.0
1.0
0.324029
0.0
0.169304
0.0
0.0
1.0
0.004322
0.302051
1.0
1.0
1.0
0.922564
1.0
1.0

1.0
-1.10305
0.0
0.0
0.010338
0.963631
0.210183
0.0
0.254286
0.0
0.0
1.0
0.212088
0.059414
0.963443
1.0
1.0
1.0
1.0
1.0

0.685877
0.077453
-0.323851
0.0
0.023328
1.0
0.429524
0.0
0.129011
0.0
0.0
0.728425
0.277436
0.172967
1.0
1.0
1.0
0.437436
0.624982
1.0

0.542936
-0.763453
0.0
0.121407
0.0
1.0
0.043297
0.0
0.008718
0.0
0.0
0.396117
0.166374
0.406374
1.0
1.0
1.0
0.952601
0.565641
1.0

0.392903
-1.191393
-0.412373
0.0
0.0
1.0
0.188938
0.0
0.39348
0.0
0.0
0.854139
0.167839
0.002857
1.0
1.0
1.0
0.783663
1.0
0.806081

0.722335
-1.53266
-0.427428
0.0
0.0
1.0
0.012234
0.017509
0.079341
0.0
0.0
0.784982
0.0
0.167546
1.0
1.0
1.0
1.0
1.0
1.0

0.911106
-1.555431
0.0
0.0
0.0
1.0
0.358022
0.0
0.39348
0.0
0.0
1.0
0.017216
0.011355
0.926813
1.0
1.0
0.962271
1.0
0.849011

1.0
-0.672804
0.0
0.0
0.0
0.918301
0.324029
0.03011
0.062344
0.0
0.0
1.0
0.0
0.148205
1.0
1.0
0.406667
0.993626
1.0
0.998901

0.34697
-0.738709
0.0
0.0
0.037478
0.783641
0.043297
0.0
0.120659
0.0
0.0
0.745421
0.012527
0.317289
0.926813
0.526813
0.571941
0.943517
0.980733
1.0

0.69443
0.328778
0.0
0.0
0.0
1.0
0.181758
0.0
0.341026
0.007839
0.0
0.997729
0.212088
0.208571
1.0
1.0
0.680513
1.0
1.0
0.998901

0.951257
0.791164
-0.561106
0.0
0.152662
1.0
0.406667
0.0
0.071429
0.0
0.0
1.0
0.031575
0.0
1.0
1.0
1.0
0.632601
0.944396
0.927106

0.934986
-0.672804
0.0
0.121407
0.017744
1.0
0.0
0.0
0.120659
0.0
0.0
1.0
0.028938
0.031575
1.0
0.136191
0.689158
1.0
0.881978
0.565641

1.0
-1.300722
-0.270834
0.0
0.102627
1.0
0.429524
0.0
0.38674
0.0
0.0
0.626154
0.004322
0.060586
1.0
1.0
1.0
0.836557
0.999487
0.998901

0.628579
-1.19181
-0.561467
0.0
0.212396
0.835688
0.195238
0.0
0.008718
0.0
0.0
0.776923
0.054725
0.154066
1.0
1.0
0.136191
0.992308
0.998901
0.806081

