stacked_5
Left

0.27265
0.358918
-0.129386
-0.193765
-0.557725
0.519847
0.234945
0.0
-0.068122
0.0
0.0
0.155246
0.072308
0.072308
0.626447
0.188352
0.188352
0.372674
0.446813
0.446813

0.023547
0.290447
-0.197625
-0.345509
-0.392843
0.624026
0.235531
0.098681
-0.263995
0.0
0.0
0.028352
0.051795
0.051795
0.477876
0.128864
0.128864
0.43304
0.747766
0.747766

-0.17776
0.564114
-0.027871
-0.276659
-0.466706
0.607239
0.308791
0.24022
-0.352645
0.0
0.0
-0.003717
0.157582
0.157582
0.322271
0.227766
0.227766
0.430403
0.459414
0.459414

0.566441
0.460949
0.311032
-0.345509
0.052645
0.184042
0.0
0.028645
-0.022236
0.0
0.0
-0.003717
0.0
0.0
0.462344
0.091355
0.013407
0.904103
0.0
0.322711

0.27265
0.511908
0.082226
-0.249885
0.035194
1.0
0.308791
0.0
0.006374
0.0
0.0
0.694725
0.0
0.0
1.0
0.0
0.052967
0.534725
0.375898
0.375898

0.003571
0.564114
0.179144
0.006023
0.476447
0.974468
0.610623
0.0
0.323736
0.0
0.0
0.521245
0.0
0.0
0.093114
0.052674
0.0
0.634799
0.069963
0.112161

0.441404
0.367954
-0.023285
0.182109
0.046035
0.700855
0.205641
0.0
0.13145
0.0
0.0
0.17175
0.0
0.0
0.429817
0.0
0.047692
0.904102
0.001392
0.545861

0.638756
0.280939
0.163641
0.229474
0.0
0.607239
0.109963
0.0
0.033333
0.0
0.0
0.291795
0.0
0.157582
0.322271
0.047692
0.034505
0.723736
0.145568
0.071429

0.394515
0.290447
-0.369732
0.39537
0.00372
0.595735
0.039194
0.0
0.243443
0.0
0.024835
0.813114
0.0
0.0
0.120513
0.0
0.091355
0.43304
0.103077
0.051502

0.259015
0.32136
-0.030941
-0.01384
-0.040283
1.0
0.159927
0.0
0.165495
0.0
0.0
0.694725
0.0
0.0
0.047399
0.005788
0.008718
0.849158
0.235531
0.000513

-0.368439
0.409792
-0.129386
0.462842
0.0
1.0
0.610623
0.033626
-0.007026
0.0
0.0
0.358022
0.0
0.0
0.074652
0.001978
0.025421
0.372674
0.446813
0.545861

0.023547
0.082726
-0.168836
-0.06437
0.0
0.812723
0.007253
0.0
0.096337
0.0
0.0
0.300586
0.0
0.0
0.183956
0.035971
0.024542
0.735751
0.066154
0.136777

0.314038
-0.073915
0.139114
0.197751
0.0
0.450522
0.167253
0.028645
-0.036799
0.0
0.0
0.300586
0.0
0.364176
0.542051
0.052674
0.043297
0.590403
0.322711
0.000513

0.278363
0.54503
0.327905
-0.192684
0.737495
0.974487
0.172527
0.0
0.0
0.0
0.0
0.219854
0.0
0.0
0.428059
0.006081
0.013114
0.997436
0.034505
0.03685

0.03493
0.154661
0.281336
0.011925
0.266441
1.0
0.161978
0.0
-0.123882
0.0
0.0
0.17175
0.0
0.0
0.074652
0.004322
0.0
1.0
0.545861
0.292674

0.510178
0.358918
0.32559
0.195578
0.266441
0.385698
0.357729
0.0
-0.004871
0.0
0.0
0.521245
0.157582
0.0
0.595092
0.0
0.059414
0.926813
0.375898
0.001392

0.03493
0.268194
0.281336
0.089013
0.0
0.947311
0.217656
0.0
0.028059
0.0
0.0
0.35641
0.0
0.0
0.133846
0.091355
0.002271
0.534725
0.095751
0.03685

-0.358281
0.007821
-0.369732
0.0
-0.385945
0.613206
0.251062
0.0
-0.006041
0.0
0.0
0.400513
0.0
0.0
0.183956
0.0
0.024542
0.733993
0.050037
0.147033

