v
Left

0.681329
0.351397
-0.258003
0.0
0.584984
1.0
0.478755
0.0
0.0
0.0
0.0
0.367106
0.0
0.0
1.0
0.691209
0.691209
0.305275
1.0
1.0

0.65956
0.349626
-0.192593
0.0
0.542598
1.0
0.51304
0.0
0.0
0.0
0.0
0.361832
0.0
0.0
1.0
0.71392
0.71392
0.29326
1.0
1.0

0.645477
0.271201
-0.389409
0.0
0.354851
1.0
0.601392
0.0
0.0
0.0
0.0
0.316996
0.0
0.0
1.0
0.733846
0.733846
0.176777
1.0
1.0

0.848802
0.348916
-0.672044
0.0
0.423618
1.0
0.533846
0.228791
0.081685
0.0
0.0
0.0
0.0
0.0
1.0
1.0
1.0
0.29326
1.0
0.954066

0.51031
0.536388
-0.265383
0.0
0.46457
1.0
0.846227
0.064396
0.0
0.0
0.0
0.124762
0.0
0.0
1.0
0.999194
1.0
0.615604
0.379707
1.0

0.645477
0.296182
-0.282743
0.0
0.177984
1.0
1.0
0.024249
0.008425
0.0
0.0
0.316996
0.0
0.0
0.889011
1.0
0.71392
0.540293
1.0
1.0

0.81537
0.607947
0.020092
0.086592
0.423618
1.0
0.557729
0.147326
-0.009481
0.0
0.0
0.107766
0.0
0.0
0.736484
1.0
1.0
0.759194
1.0
1.0

0.653344
0.469639
-0.550541
0.014832
0.0
1.0
0.601392
0.228791
-0.135473
0.0
0.0
0.367106
0.0
0.0
1.0
1.0
1.0
1.0
1.0
1.0

0.883055
0.477115
-0.142869
0.129079
0.164929
1.0
0.313919
0.251209
-0.094906
0.0
0.0
0.0
0.0
0.0
1.0
1.0
1.0
0.752454
1.0
1.0

0.583034
0.557899
-0.134779
0.0
0.384273
1.0
0.566081
0.311136
-0.009481
0.0
0.0
0.0
0.0
0.0
0.508059
1.0
1.0
0.76359
1.0
0.999194

0.244095
0.510253
-0.282743
-0.120554
0.0
1.0
0.250623
0.0
0.0
0.0
0.0
0.093993
0.0
0.0
0.496044
1.0
0.999194
0.175751
1.0
0.361245

0.681329
0.940272
-0.028964
0.0
0.088096
1.0
0.298974
0.228791
-0.111086
0.0
0.0
0.093993
0.0
0.0
0.825128
1.0
1.0
0.615604
0.99978
0.811355

0.43173
0.531265
-0.071943
0.215681
0.266931
1.0
1.0
0.125055
0.008425
0.0
0.0
0.361832
0.0
0.0
1.0
1.0
0.787326
0.176777
0.999194
0.999194

0.883055
0.282246
-0.236173
0.0
-0.027233
1.0
0.557729
0.047399
0.0
0.0
0.0
0.091062
0.0
0.0
0.876996
1.0
1.0
0.670989
0.379707
0.860879

0.739211
0.631401
-0.137828
0.116346
0.078111
1.0
0.533846
0.485202
-0.097959
0.0
0.0
0.175751
0.0
0.0
1.0
1.0
0.733846
0.483443
1.0
1.0

0.585361
0.017914
-0.318939
0.0
0.354851
1.0
0.601392
0.325495
0.081047
0.0
0.0
0.08989
0.0
0.0
0.876996
0.999194
0.999487
0.638901
1.0
1.0

0.832129
0.351397
-0.389409
0.0
0.542598
1.0
1.0
0.0
0.0
0.0
0.0
0.0
0.0
0.0
1.0
1.0
1.0
0.530769
0.999487
1.0

0.985345
0.544124
-0.209244
0.116346
0.423618
1.0
0.283004
0.809304
0.035183
0.0
0.0
0.0
0.0
0.0
1.0
1.0
1.0
0.445641
1.0
1.0

