w
Left

0.616451
0.320367
-0.181874
-0.013753
0.305535
1.0
1.0
0.22381
-0.044349
0.001685
0.001685
0.397582
0.0
0.0
0.065275
0.0
0.0
0.135018
1.0
1.0

0.54081
0.163775
-0.131634
-0.013098
0.282379
1.0
0.690916
0.0
0.022329
0.0
0.0
0.552015
0.0
0.0
0.043297
0.0
0.0
0.115385
1.0
1.0

0.649161
0.221363
-0.045775
0.008668
0.428774
1.0
0.537949
0.0
-0.06466
0.0
0.0
0.850037
0.0
0.0
0.222344
0.0
0.0
0.137216
1.0
1.0

0.770271
0.468082
0.079367
-0.015482
0.450348
1.0
0.748938
0.462491
0.0
0.00696
0.0
0.0
0.0
0.0
0.003443
0.010476
0.0
0.23348
1.0
1.0

0.676218
0.446277
0.045853
0.077726
0.444606
1.0
0.647253
0.188938
-0.040852
0.0
0.00696
0.068791
0.0
0.0
0.185128
0.0
0.0
0.211209
0.734286
0.650476

0.616451
0.373376
-0.02768
-0.049496
0.428774
1.0
0.564762
0.0
0.022329
0.001099
0.0
-0.051331
0.0
0.0
0.0
0.0
0.0
0.850916
0.385861
0.860147

1.0
0.32663
0.130057
-0.153156
0.092729
1.0
0.667619
0.071429
-0.037247
0.0
0.018388
0.001392
0.0
0.0
0.059414
0.008718
0.0
0.211209
0.385861
0.838022

0.715538
0.333907
0.171168
-0.191234
0.690144
1.0
1.0
0.098681
-0.06466
0.0
0.0
0.029231
0.0
0.0
0.14
0.0
0.047985
0.208278
0.495751
1.0

0.57201
0.271141
-0.064613
0.031232
0.657093
1.0
0.581026
0.01956
0.0
0.0
0.006081
0.054725
0.0
0.0
0.0
0.0
0.0
0.115385
0.576337
1.0

0.550139
0.323553
0.026389
0.023028
0.442312
1.0
0.699121
0.089597
-0.06466
0.0
0.0
0.064982
0.0
0.0
-0.024817
0.0
0.0
1.0
0.259267
0.860147

0.57201
0.767951
0.219196
-0.28324
0.50902
1.0
0.700879
0.081685
0.0
0.018388
0.014286
0.142051
0.0
0.0
0.295751
0.0
0.016044
0.646081
0.787326
0.787326

0.676405
0.252412
-0.014094
-0.191234
0.157636
1.0
0.831868
0.22381
0.001392
0.0
0.013407
0.0
0.0
0.0
0.0
0.0
0.0
0.575165
0.954359
0.652527

0.149453
0.410837
-0.02768
-0.049496
0.400083
1.0
0.5
0.431282
0.042125
0.0
0.009011
0.0
0.0
0.0
0.028059
0.0
0.021612
0.54
0.259267
0.862637

0.840603
0.363297
-0.064613
0.011745
0.10727
1.0
0.580147
0.0
0.0
0.0
0.022491
0.013407
0.0
0.0
0.203004
0.0
0.0
0.290623
0.862637
0.797582

0.906672
0.579243
0.23095
0.192795
0.079345
1.0
0.667619
0.059121
0.015458
0.0
0.0
-0.098505
0.0
0.0
0.031868
0.0
0.0
0.619561
1.0
0.389084

0.234644
0.347242
0.146567
-0.038168
0.57621
1.0
0.737216
0.46381
0.022329
0.022491
0.008425
-0.020589
0.0
0.0
0.10718
0.0
0.0
0.575165
0.651648
0.661319

0.772526
0.373376
0.026732
-0.143866
0.428774
1.0
0.700879
0.159927
0.0
0.0
0.0
0.0
0.0
0.0
0.257216
0.0
0.0
0.115385
0.259267
0.99978

0.616451
0.440288
0.142389
0.180616
0.50902
1.0
1.0
0.248132
0.0
0.0
0.0
0.015458
0.0
0.0
0.102198
0.016044
0.0
0.572234
0.705568
0.29707

