y
Left

0.354865
0.0
0.0
0.0
-0.219938
0.0
-0.021366
-0.032166
1.0
0.945421
0.945421
1.0
0.523004
0.523004
1.0
0.964396
0.964396
0.692821
0.0
0.0

0.561373
0.0
0.0
0.0
-0.141144
0.064535
0.074359
0.0
1.0
0.726081
0.726081
1.0
0.604762
0.604762
1.0
0.747179
0.747179
0.768278
0.0
0.0

0.179357
0.0
0.0
0.0
-0.296691
0.012651
0.00022
0.0
1.0
0.797875
0.797875
1.0
0.58337
0.58337
1.0
0.971355
0.971355
0.522564
0.0
0.0

0.561373
0.0
0.0
0.0
0.42849
0.0
-0.235648
-0.040014
1.0
1.0
1.0
1.0
1.0
0.99978
0.98718
1.0
1.0
0.167546
0.0
0.0

0.335943
0.0
0.0
0.0
-0.160894
0.0
0.053553
-0.132133
1.0
1.0
1.0
0.910989
1.0
0.729304
1.0
1.0
1.0
0.227326
0.004615
0.0

0.179357
0.0
0.0
0.0
-0.550878
0.0
-0.058202
-0.076575
0.99978
0.726081
1.0
1.0
1.0
1.0
1.0
1.0
1.0
0.257949
0.0
0.069377

1.0
0.0
0.0
0.0
-0.033246
0.0
0.0
-0.040014
0.999487
1.0
1.0
1.0
0.604762
1.0
0.673919
1.0
1.0
0.347766
0.0
0.0

0.539613
0.0
-0.06422
0.0
0.0
0.0
-0.235648
-0.08187
1.0
1.0
1.0
1.0
1.0
1.0
0.98718
0.987583
1.0
0.716996
0.082857
0.0

-0.064152
0.0
0.0
0.0
-0.219938
0.243252
0.0
0.0
0.999487
1.0
1.0
1.0
0.979707
0.998315
1.0
1.0
0.957875
0.362857
0.0
0.0

0.354865
0.0
0.0
0.0
-0.130196
0.0
-0.014489
-0.030305
0.999487
1.0
1.0
1.0
0.998608
1.0
1.0
1.0
0.957875
0.805494
0.0
0.0

0.265923
0.0
-0.089613
0.0
-0.485651
0.315781
0.056495
-0.010377
0.792015
1.0
1.0
1.0
1.0
1.0
1.0
0.865861
1.0
0.351575
0.038901
0.0

-0.081998
-0.001306
0.0
0.0
0.031809
0.0
-0.363636
-0.182095
0.784249
1.0
1.0
0.911282
0.999194
1.0
1.0
1.0
0.758901
0.952601
0.0
0.0

0.128531
0.0
0.0
0.0
-0.139601
0.0
-0.192194
-0.1875
1.0
1.0
1.0
1.0
1.0
1.0
1.0
1.0
1.0
0.952601
0.0
0.0

-0.061005
0.0
0.0
-0.002213
-0.548088
0.0
-0.195628
-0.061361
1.0
1.0
1.0
1.0
1.0
0.99978
1.0
1.0
1.0
0.234652
0.0
0.0

0.399487
0.0
0.0
0.0
-0.155072
0.052907
-0.04259
-0.182095
1.0
0.797875
1.0
0.93707
1.0
0.998608
1.0
0.999414
0.927692
0.382637
0.005495
0.0

-0.064152
0.0
0.0
0.0
-0.352656
0.027235
-0.055177
0.065861
1.0
1.0
1.0
1.0
1.0
0.979707
0.98718
1.0
0.999414
0.384982
0.0
0.001978

0.310655
0.0
0.0
0.0
-0.831083
0.0
-0.021366
-0.088993
0.789963
1.0
0.971648
1.0
1.0
0.99978
1.0
1.0
1.0
0.072015
0.0
0.0

-0.742324
0.0
0.0
0.0
-0.524506
0.0
-0.223669
0.0
0.999487
1.0
1.0
1.0
0.99978
0.619121
1.0
1.0
1.0
0.768278
0.0
0.0

