1
Left

0.995441
0.114064
0.0
0.0
0.244343
1.0
0.653993
1.0
0.012821
0.0
0.0
1.0
0.998608
0.998608
1.0
1.0
1.0
0.770476
1.0
1.0

0.93628
0.114575
0.0
0.0
0.321058
1.0
0.515531
1.0
0.0
0.0
0.0
1.0
0.998608
0.998608
1.0
1.0
1.0
0.594506
1.0
1.0

0.977214
0.121225
0.0
0.0
0.191619
1.0
0.609451
1.0
0.043004
0.0
0.0
1.0
0.998608
0.998608
1.0
1.0
1.0
0.82044
1.0
1.0

0.621432
0.135457
0.0
0.0
0.076079
1.0
1.0
0.939414
0.173032
0.0
0.004908
0.821319
1.0
1.0
1.0
1.0
0.998315
0.323736
1.0
1.0

0.967931
0.082326
0.120139
0.0
0.319807
1.0
0.816337
0.320806
0.158794
0.0
0.0
1.0
1.0
0.998022
1.0
1.0
1.0
0.236703
0.999194
0.997729

1.0
0.21852
0.0
0.03855
0.092311
1.0
0.384103
0.651062
0.0159
0.0
0.0
1.0
0.648425
1.0
0.853553
1.0
1.0
0.874505
1.0
1.0

0.734713
-0.231634
0.0
0.0
0.189781
1.0
1.0
1.0
-0.006332
0.0
0.0
1.0
1.0
1.0
0.961392
1.0
0.999487
0.76022
1.0
1.0

0.5536
0.135457
0.0
0.131914
0.092311
1.0
0.372381
0.120073
0.162968
0.0
0.0
1.0
1.0
1.0
1.0
0.947619
0.878462
0.534139
1.0
0.998315

0.722235
-0.132483
0.0
0.0
0.244343
1.0
0.808718
1.0
0.229134
0.0
0.0
0.992381
1.0
1.0
1.0
0.998315
1.0
0.496337
1.0
0.99978

0.879367
0.158598
-0.073544
0.0
0.010394
1.0
0.221465
0.29707
0.321392
0.0
0.0
1.0
1.0
1.0
1.0
1.0
1.0
0.967692
1.0
1.0

0.967931
0.892896
0.01182
0.0
-0.232723
1.0
0.87641
0.145568
0.155896
0.0
0.0
0.850623
0.998608
1.0
1.0
0.998315
0.999487
1.0
0.999487
1.0

0.621172
0.02821
0.0
0.0
0.030486
1.0
0.609451
0.0
0.318169
0.0
0.0
0.80652
0.998315
0.998022
1.0
0.998315
1.0
0.672747
1.0
1.0

0.690655
0.555126
-0.064644
0.147325
0.254041
1.0
1.0
0.501758
0.842271
0.0
0.0
0.968425
0.998022
0.789084
1.0
1.0
1.0
1.0
0.999487
1.0

0.638736
0.141379
0.0
0.131914
0.260063
1.0
1.0
0.758608
0.312601
0.0
0.0
0.850623
1.0
1.0
1.0
1.0
1.0
0.82044
0.997729
1.0

0.704308
-0.070482
0.068233
0.0
0.078732
1.0
1.0
0.788498
0.238809
0.038901
0.0
1.0
1.0
1.0
1.0
0.998315
1.0
0.584542
1.0
1.0

0.874132
0.135457
0.0
0.0
0.09723
1.0
0.880513
1.0
0.170006
0.0
0.0
1.0
0.99978
1.0
0.798608
1.0
1.0
0.623663
1.0
0.998901

1.0
-0.171972
0.0
0.0
0.163802
1.0
0.221465
0.120073
0.17245
0.0
0.0
1.0
1.0
0.998022
1.0
0.878462
1.0
1.0
1.0
1.0

0.621172
0.074034
0.0
0.167036
0.0
1.0
1.0
0.437143
0.190989
0.0
0.0
1.0
1.0
1.0
1.0
1.0
0.998315
0.692088
0.994213
1.0

