4
Left

0.611836
0.78679
0.343849
-0.069056
-0.299345
1.0
1.0
0.0
-0.124906
0.0
0.0
-0.083564
0.0
0.0
0.0
0.0
0.0
0.0
0.0
0.0

0.585445
0.600623
0.135889
-0.168865
-0.281133
1.0
1.0
0.0
-0.081352
0.0
0.0
-0.028888
0.0
0.0
0.0
0.0
0.0
0.0
0.0
0.0

0.613431
0.617646
0.265219
-0.15526
-0.281925
1.0
1.0
0.0
-0.083555
0.0
0.0
-0.045349
0.0
0.0
0.0
0.0
0.0
0.0
0.0
0.0

0.177587
0.626736
0.085583
0.120409
-0.48489
1.0
1.0
0.072015
0.11685
0.0
0.0
0.0
0.0
0.0
-0.120381
0.0
0.0
-0.03936
0.0
0.0

0.325909
0.622014
-0.101369
-0.149972
-0.065844
1.0
1.0
0.0
0.0
0.0
0.0
-0.054017
0.0
0.0
0.005495
0.0
0.0
-0.040008
0.0
0.0

-0.100717
0.695364
0.062088
-0.190365
-0.362511
1.0
1.0
0.0
0.0
0.0
0.0
0.0
0.0
0.0
-0.14733
0.0
0.0
0.0
0.0
0.0

0.565056
0.726962
0.097722
-0.055708
-0.593465
1.0
1.0
0.258095
0.0
0.0
0.0
-0.101675
0.0
0.0
-0.057056
0.0
0.0
0.0
0.0
0.0

0.405097
0.68014
0.265219
-0.253091
-0.489543
1.0
1.0
0.009304
0.0
0.0
0.0
0.02337
0.0
0.0
0.031575
0.0
0.0
0.002271
0.0
0.0

0.357337
0.394134
0.144067
-0.251994
-0.48489
1.0
1.0
0.051502
0.0
0.0
0.0
0.023077
0.0
0.0
0.0
0.0
0.0
0.041245
0.0
0.0

-0.142099
0.301886
0.035526
0.18382
-0.593465
1.0
1.0
0.391136
0.0
0.0
0.0
0.0
0.0
0.0
-0.107773
0.0
0.0
-0.095737
0.0
0.0

0.560717
0.78679
0.020652
-0.324885
-0.15576
1.0
1.0
0.043297
0.0
0.0
0.0
-0.018108
0.0
0.0
-0.105648
0.0
0.0
0.029524
0.0
0.0

0.177587
0.321574
0.349868
-0.184066
-0.483997
1.0
1.0
0.0
-0.013973
0.0
0.0
0.048527
0.0
0.0
-0.106645
0.0
0.0
0.0
0.0
0.0

0.325909
0.301886
0.294541
-0.168865
-0.006666
1.0
1.0
0.02337
0.0
0.0
0.0
-0.056885
0.0
0.0
0.0
0.0
0.0
-0.007484
0.0
0.0

0.367327
0.674767
0.343849
-0.080711
-0.147673
1.0
1.0
0.258095
0.0
0.0
0.0
0.0
0.0
0.0
0.0
0.0
0.0
0.0
0.0
0.0

0.35409
0.68014
0.265219
0.18382
-0.70332
1.0
0.958169
0.129451
-0.03518
0.0
0.0
-0.027583
0.0
0.0
0.008642
0.0
0.0
0.0
0.0
0.0

0.585445
0.403087
0.180681
-0.174199
-0.387214
1.0
1.0
0.0
-0.081352
0.0
0.0
-0.047612
0.0
0.0
0.000806
0.0
0.0
0.07641
0.0
0.0

0.282324
0.611235
0.033309
-0.19843
-0.294679
1.0
1.0
0.006081
-0.057115
0.0
0.0
-0.028888
0.0
0.0
0.0
0.0
0.0
0.0
0.0
0.0

0.28743
0.622014
0.217106
-0.159161
-0.646114
1.0
1.0
0.464396
-0.013973
0.0
0.0
0.230843
0.0
0.0
-0.05961
0.0
0.0
-0.019701
0.0
0.0

