5
Left

0.048811
0.31904
-0.018077
-0.467211
-0.692578
0.0
-0.092587
-0.063654
-0.067182
0.005495
0.005495
-0.003281
0.0
0.0
-0.055837
0.0
0.0
-0.091934
0.0
0.0

-0.16918
0.331629
0.063966
-0.329133
-0.728454
0.106849
0.0
0.0
-0.074402
0.0
0.0
-0.008024
0.0
0.0
-0.027572
0.0
0.0
-0.082359
0.0
0.0

-0.163803
0.337372
0.016551
-0.320289
-0.61936
0.094726
0.0
0.0
-0.057318
0.0
0.0
-0.008085
0.0
0.0
-0.028301
0.0
0.0
-0.091208
0.0
0.0

0.431027
0.375453
-0.046193
0.272804
-0.219647
0.105929
0.0
-0.044986
-0.076239
0.011648
0.023077
0.0
0.0
0.0
-0.130806
0.000513
0.0
-0.04029
0.0
0.0

0.493833
0.183928
0.142753
-0.116648
-0.644663
0.061564
0.104835
0.0
-0.040814
0.0
0.0
0.0
0.0
0.0
0.1228
0.0
0.025714
-0.121387
0.0
0.0

0.530128
0.221984
-0.122196
-0.173068
-0.065508
0.501143
-0.023583
0.0
-0.103463
0.0
0.0
0.0
0.0
0.0
-0.073109
0.0
0.0
0.0
0.0
0.0

0.507606
0.375453
0.016551
-0.173068
-0.694206
0.139113
0.0
-0.018271
-0.09187
0.0137
0.0
-0.090467
0.0
0.007839
0.103046
0.0
0.004615
-0.042786
0.0
0.0

0.653953
0.438988
-0.022206
-0.390685
-0.470867
0.027391
0.0
0.0
-0.021189
0.0
0.0
-0.008085
0.0
0.0
0.1228
0.0
0.0
-0.065964
0.0
0.0

-0.354059
0.31904
-0.153978
-0.467211
-0.339542
0.483643
0.0
0.012756
-0.038074
0.011648
0.0
0.0
0.0
0.0
-0.10628
0.0
0.0
0.0
0.0
0.0

-0.119736
0.356986
-0.115992
0.009119
-0.425104
0.368263
0.017216
0.0
-0.034381
0.0
0.0
-0.05623
0.0
0.0
0.036164
0.0
0.0
-0.004586
0.0
0.0

0.653953
0.652082
-0.072781
-0.165321
-0.435403
0.183298
0.0
-0.06846
-0.051545
0.0
0.0
0.0
0.0
0.0
-0.044129
0.0
0.0
-0.072518
0.0
0.0

-0.163803
0.197069
-0.027356
-0.467211
-0.468416
0.179804
0.088425
0.0
-0.027744
0.0
0.0
-0.023148
0.0
0.0
-0.124956
0.0
0.0
0.0
0.0
0.0

0.405513
0.249572
-0.084964
-0.145442
-0.526444
0.497625
-0.026576
0.0
-0.059515
0.0
0.0
0.0
0.0
0.0
-0.070756
0.0
0.0
0.0
0.0
0.0

0.604301
0.372027
-0.052944
-0.403546
-0.219647
0.318841
-0.099578
-0.016213
0.0
0.0
0.0
-0.079913
0.0
0.0
-0.078143
0.0
0.0
-0.054907
0.0
0.0

-0.16918
0.299514
-0.228596
0.826598
-0.704083
0.0
0.006667
0.0
-0.09187
0.0
0.0
0.0
0.0
0.0
-0.082774
0.0
0.0
-0.04745
0.0
0.0

0.078692
0.232228
-0.153978
0.272804
0.471429
0.0
0.0
0.0
-0.029629
0.0
0.0
0.0
0.0
0.0
0.0
0.0
0.0
-0.15604
0.0
0.0

0.604301
0.221984
-0.115992
-0.069233
-1.227225
0.414795
0.0
-0.06846
-0.108794
0.0
0.014286
-0.09001
0.0
0.0
0.0
0.000513
0.0
-0.091208
0.0
0.0

0.043068
0.548231
0.062948
-0.478684
-1.057317
0.368263
0.06381
0.0
0.0
0.0
0.0
-0.000247
0.0
0.0
0.0
0.0
0.0
-0.088488
0.0
0.0

