8
Left

0.848384
0.257409
0.233118
0.275456
-0.359726
1.0
0.063516
0.115531
0.0
0.0
0.0
0.702637
0.590696
0.590696
0.329011
0.0
0.0
0.0
0.0
0.0

0.73141
0.254597
0.306337
0.337525
-0.237928
1.0
0.030403
0.228791
0.0
0.0
0.0
0.631429
0.513919
0.513919
0.306447
0.0
0.0
0.0
0.0
0.0

0.751104
0.216109
0.227895
0.434757
-0.262428
0.946089
0.0
0.383224
-0.009471
0.0
0.0
0.775897
0.43685
0.43685
0.24315
0.0
0.0
0.0
0.0
0.0

0.730757
0.311727
-0.032112
-0.28186
-0.303386
1.0
0.202125
0.0
0.0
0.0
0.0
0.696484
0.928278
0.513919
0.459414
0.0
0.0
0.219414
0.0
0.0

0.84016
1.322265
0.009163
0.356977
-0.740499
0.899225
0.111282
0.158755
0.028059
0.0
0.0
0.631429
0.772674
0.796557
0.074359
0.019267
0.0
0.0
0.0
0.0

0.070244
0.428293
0.167251
0.223164
-0.895529
1.0
0.633626
0.0
0.048864
0.001685
0.0
1.0
0.586886
0.844176
0.093407
0.00696
0.0
-0.132355
0.0
0.0

0.209814
-0.184454
0.034764
0.374244
-0.32973
1.0
0.63978
0.0
0.006374
0.0
0.0
0.431722
1.0
0.28359
0.299414
0.0
0.0
0.0
0.0
0.0

0.075943
0.181104
-0.098278
0.091715
-0.306913
1.0
0.157582
0.514799
0.044762
0.001685
0.0
0.675971
1.0
0.750696
0.077875
0.0
0.017216
0.0
0.0
0.0

0.668495
-0.017541
-0.054233
0.307234
-0.237138
1.0
0.670403
0.469963
0.0
0.0
0.0
0.298388
0.758022
0.780879
0.128041
0.017509
0.007253
0.093993
0.0
0.0

0.005815
-0.003969
-0.026246
0.535185
-0.206927
1.0
0.502491
0.514799
0.048864
0.0
0.034799
0.176337
1.0
0.998315
0.093407
0.0
0.0
0.0
0.0
0.0

0.291495
-0.124357
0.0
0.442203
-0.200932
1.0
1.0
0.228791
0.033626
0.0
0.00696
0.315238
0.850623
0.814286
0.294432
0.012821
0.012527
0.0
0.0
0.0

0.73141
-0.386213
0.182526
0.182399
-0.262428
1.0
0.0
0.0
0.068035
0.001978
0.0
0.19978
1.0
0.712894
0.443736
0.0
0.0
0.0
0.0
0.0

0.945354
0.250817
0.136893
0.131742
-1.262659
1.0
0.864396
0.064982
0.229231
0.0
0.065568
0.826886
0.809597
0.850623
0.074359
0.0
0.0
-0.056392
0.0
0.001099

0.74131
-0.044323
0.042496
0.184861
-0.084721
1.0
0.294579
0.049744
0.182784
0.0
0.0
0.298388
1.0
0.712894
0.049451
0.0
0.0
0.00315
0.0
0.01663

0.291495
0.428293
0.0
0.140691
-0.113575
0.998477
0.576337
0.0
0.023663
0.0
0.0
0.490476
0.656923
0.750696
0.5737
0.012527
0.025128
-0.023941
0.0
0.0

0.075943
0.064324
0.29232
0.065056
-0.643693
1.0
0.576337
0.0
0.016487
0.0
0.0
0.999414
0.716703
1.0
0.022491
0.0
0.0
0.0
0.0
0.0

0.66239
0.176861
0.299014
0.286869
-0.302281
1.0
1.0
0.0
0.030002
0.0
0.0
0.490476
0.467033
0.985421
0.086374
0.0
0.005788
0.005201
0.0
0.01956

0.209814
-0.120366
0.233118
0.402398
-1.22922
1.0
0.169304
0.065861
0.006374
0.047106
0.0
0.533553
1.0
1.0
0.361832
0.0
0.0
0.0
0.0
0.0

