a
Left

-0.399153
0.0
0.0
0.0
0.0
0.0
-0.172953
0.282487
1.0
0.99978
0.99978
1.0
0.998608
0.998608
1.0
1.0
1.0
1.0
1.0
1.0

-0.305969
0.0
0.0
0.0
0.0
0.0
-0.011716
0.163007
1.0
0.99978
0.99978
1.0
0.998608
0.998608
1.0
1.0
1.0
1.0
1.0
1.0

-0.370793
0.0
0.0
0.0
0.0
0.0
-0.049966
0.174513
1.0
0.99978
0.99978
1.0
0.998608
0.998608
1.0
1.0
1.0
1.0
1.0
1.0

0.37841
0.0
0.0
0.0
0.0
0.0
0.017509
-0.1754
1.0
1.0
0.99978
1.0
1.0
0.998315
1.0
1.0
0.811648
1.0
1.0
1.0

0.970639
0.0
0.0
0.0
0.0
0.0
0.437143
0.052088
1.0
1.0
1.0
1.0
0.998608
0.998022
1.0
0.999487
0.999487
1.0
0.999487
1.0

-0.631722
0.0
-0.000307
0.0
0.0
0.0
-0.06161
0.0
1.0
1.0
1.0
1.0
1.0
1.0
1.0
1.0
1.0
1.0
1.0
1.0

0.249467
0.0
0.0
0.0
0.2523
0.279935
-0.072561
-0.1875
1.0
1.0
1.0
1.0
1.0
0.99011
1.0
1.0
1.0
1.0
1.0
0.99978

-0.972909
0.0
0.0
0.0
-0.001327
0.0
-0.192759
0.007839
1.0
1.0
1.0
1.0
1.0
1.0
1.0
1.0
1.0
1.0
1.0
1.0

1.0
0.0
0.0
0.0
0.0
0.0
0.0
0.00538
1.0
1.0
1.0
1.0
0.998608
1.0
1.0
1.0
1.0
1.0
1.0
1.0

-0.036385
0.0
-0.000307
0.0
0.0
0.0
0.009304
0.461866
1.0
1.0
1.0
1.0
1.0
0.998608
1.0
1.0
1.0
1.0
1.0
1.0

-0.0523
0.0
0.0
0.0
0.0
0.0
-0.068036
-0.026459
1.0
0.936996
1.0
1.0
0.998608
0.998022
1.0
1.0
1.0
0.997143
1.0
1.0

0.303417
0.023192
0.0
0.0
0.0
0.976967
0.0
0.372827
1.0
1.0
1.0
1.0
1.0
1.0
1.0
0.999487
1.0
1.0
1.0
0.998901

-1.031081
0.0
0.0
0.0
0.0
0.039844
0.0
0.003701
0.99978
1.0
1.0
1.0
1.0
1.0
1.0
1.0
1.0
0.998022
1.0
1.0

-0.962705
0.0
0.0
0.0
0.0
0.387948
-0.049966
0.007839
1.0
1.0
1.0
1.0
1.0
1.0
1.0
1.0
1.0
1.0
0.999194
1.0

-0.34388
0.0
0.0
0.0
0.0
0.0
0.0
-0.049885
1.0
0.99978
1.0
1.0
1.0
1.0
1.0
1.0
1.0
1.0
1.0
0.999194

-0.34388
0.0
0.0
0.0
0.0
0.177307
-0.324097
0.0
1.0
1.0
1.0
1.0
1.0
0.998608
1.0
1.0
1.0
1.0
1.0
1.0

0.303417
0.0
0.0
0.0
0.0
0.0
-0.192759
-0.107329
1.0
1.0
1.0
1.0
0.998022
1.0
1.0
1.0
1.0
1.0
1.0
1.0

-1.031081
0.0
0.0
0.0
0.0
0.010124
-0.023783
-0.046774
1.0
1.0
1.0
0.99978
1.0
1.0
1.0
0.961392
1.0
1.0
1.0
1.0

