baby_o
Left

0.81831
0.011189
0.0
0.0
0.0
0.909104
0.236703
0.0
0.809304
0.99978
0.99978
1.0
0.998608
0.998608
1.0
1.0
1.0
1.0
1.0
1.0

0.79714
-0.089594
0.0
0.0
0.0
0.919767
0.102198
0.0
0.626154
0.99978
0.99978
1.0
0.998608
0.998608
1.0
1.0
1.0
1.0
1.0
1.0

0.639784
-0.030924
0.0
0.0
0.0
1.0
0.074945
0.0
0.435971
0.99978
0.99978
1.0
0.998608
0.998608
1.0
1.0
1.0
1.0
1.0
1.0

0.185088
-0.086518
0.0
0.0
0.389849
1.0
0.08696
0.0
1.0
0.503077
1.0
1.0
0.999194
0.998608
1.0
1.0
1.0
1.0
0.999194
1.0

0.750611
0.000318
0.0
0.0
0.0
1.0
0.163443
0.013407
0.435971
1.0
1.0
1.0
1.0
1.0
1.0
1.0
1.0
0.991575
1.0
0.99978

0.672642
-0.282028
0.0
0.0
-0.233655
1.0
0.627619
0.0
0.631575
0.437436
0.64022
1.0
1.0
1.0
1.0
1.0
1.0
1.0
1.0
0.997729

0.756922
0.0
0.0
0.0
0.0
1.0
0.327546
0.0
0.744103
0.689451
1.0
1.0
1.0
1.0
1.0
1.0
1.0
0.792601
1.0
0.734872

0.945321
-0.066436
0.0
0.0
0.0
1.0
0.0
0.0
0.648425
0.429963
0.712601
1.0
1.0
0.998608
1.0
0.999487
1.0
0.94
0.386007
0.997729

0.691204
0.0
0.0
0.0
0.0
1.0
0.214286
0.013407
0.980842
0.99978
1.0
1.0
1.0
1.0
1.0
0.999194
1.0
1.0
0.718755
0.970476

0.81831
0.000318
0.0
0.007176
0.0
1.0
0.61707
1.0
0.435971
0.955824
0.561538
1.0
0.998608
0.998022
1.0
1.0
1.0
1.0
1.0
1.0

0.675266
0.0
-0.000281
0.0
0.0
0.919767
0.255458
1.0
0.695897
1.0
1.0
1.0
0.998608
1.0
0.98022
0.999487
0.999194
1.0
1.0
1.0

0.750611
-0.067728
0.0
0.026291
0.0
1.0
0.465275
0.078755
0.719048
1.0
1.0
1.0
1.0
0.99978
1.0
1.0
1.0
1.0
0.997729
0.863956

0.756922
-0.278621
-0.000281
0.0
-0.002866
0.70948
0.571648
0.0
0.592161
0.99978
1.0
1.0
1.0
1.0
1.0
0.975604
1.0
1.0
0.999487
1.0

0.81831
-0.168889
-0.000277
0.0
0.147413
1.0
0.627619
0.081099
0.352747
0.554359
0.695311
1.0
0.998315
0.998022
1.0
1.0
1.0
0.997143
1.0
1.0

0.679015
0.0
0.0
0.0
0.006165
1.0
0.0
0.0
0.83011
0.99978
1.0
1.0
1.0
1.0
1.0
1.0
1.0
1.0
1.0
1.0

0.76154
0.000318
0.0
0.0
0.124397
0.919767
0.199194
0.0
0.474359
0.482564
1.0
1.0
0.998608
0.998608
1.0
1.0
0.999194
1.0
1.0
0.99978

0.656556
0.011189
0.0
0.0
0.0
1.0
0.0
0.0
1.0
1.0
0.99978
1.0
1.0
0.998022
1.0
1.0
1.0
1.0
1.0
1.0

0.634846
-0.08845
0.0
0.0
0.0
1.0
0.288864
0.99978
0.674799
0.83978
0.364176
1.0
1.0
1.0
1.0
1.0
1.0
1.0
0.999487
0.999194

