bent_v
Left

0.566439
0.609437
-0.237734
0.0
0.0
1.0
0.587766
1.0
-0.137307
0.99978
0.99978
-0.083753
0.99978
0.99978
1.0
1.0
1.0
1.0
1.0
1.0

0.531203
0.429771
-0.074698
0.0
0.36757
1.0
0.365934
1.0
-0.047035
0.99978
0.99978
-0.074363
0.96696
0.96696
1.0
1.0
1.0
0.706154
1.0
1.0

0.653299
0.451271
-0.225959
0.0
0.151517
1.0
0.257509
1.0
-0.035326
0.99978
0.99978
-0.081479
0.998608
0.998608
1.0
1.0
1.0
0.876117
1.0
1.0

0.403523
0.501769
-0.024905
-0.048657
-0.242349
1.0
1.0
0.368278
0.036058
1.0
0.875824
-0.037853
0.656044
0.729304
1.0
1.0
0.999194
1.0
0.997729
1.0

0.337722
0.56541
-0.247572
0.036535
0.0
1.0
1.0
0.327546
0.016278
1.0
0.861758
-0.028878
0.376923
0.588645
0.788205
1.0
0.999487
1.0
1.0
1.0

0.210883
0.704137
0.245124
0.018389
0.366098
1.0
1.0
0.168425
0.0
1.0
0.876117
0.057656
1.0
0.998022
0.707033
1.0
1.0
0.345128
1.0
0.998901

0.265489
0.390505
-0.123967
-0.048909
0.258793
1.0
0.424396
0.063516
0.016278
1.0
1.0
0.0
1.0
0.684322
1.0
1.0
1.0
1.0
1.0
0.998901

0.58256
0.56541
-0.203195
-0.016731
0.719786
1.0
1.0
0.0
0.032747
1.0
0.875824
0.0
0.326374
0.602857
0.257509
1.0
1.0
0.584835
0.99022
0.398022

0.46796
0.621537
-0.282061
0.34043
0.644209
1.0
1.0
0.570183
0.071818
1.0
1.0
-0.007484
0.34967
0.869377
0.966081
1.0
1.0
0.923663
0.99978
1.0

0.506064
0.46314
0.0
0.037577
0.0
1.0
1.0
1.0
0.227049
0.640806
1.0
0.0
0.722857
0.722857
0.568865
1.0
1.0
0.788498
1.0
1.0

0.698601
0.210562
-0.472397
0.110331
0.36757
1.0
1.0
0.206813
-0.125613
1.0
1.0
0.0
0.998022
0.918608
1.0
1.0
0.999487
0.725495
1.0
0.99022

0.403523
0.329134
-0.123967
0.107395
0.14012
1.0
1.0
0.082271
0.086667
1.0
1.0
-0.081479
1.0
0.449451
0.519194
1.0
1.0
0.696777
0.99978
1.0

0.46796
0.403487
-0.296992
0.099805
0.681302
1.0
1.0
0.342637
0.017802
1.0
1.0
-0.408642
1.0
0.918608
0.568865
1.0
1.0
0.918901
1.0
1.0

0.579942
0.329134
-0.076875
0.169882
0.0
1.0
1.0
0.368278
0.072154
1.0
1.0
0.0
0.461465
0.461465
0.504396
1.0
1.0
0.725495
0.99978
0.781758

0.631212
0.669433
0.333772
0.0
0.0
1.0
1.0
1.0
0.08022
0.847985
1.0
0.0
1.0
0.998022
0.728425
1.0
1.0
0.535311
1.0
1.0

0.600097
0.553871
-0.232656
0.0
0.007885
1.0
1.0
0.168425
0.071818
1.0
1.0
0.008425
0.684322
0.34967
0.851209
1.0
1.0
0.932528
1.0
0.997729

0.940042
0.441588
-0.170136
-0.016731
0.143622
1.0
1.0
1.0
0.037143
1.0
1.0
0.042418
0.588645
1.0
1.0
1.0
1.0
0.559048
0.99978
1.0

0.282964
-0.002797
-0.225959
-0.048909
-0.166758
1.0
1.0
0.045641
0.030403
0.937509
0.847985
0.0
0.96696
0.54967
0.916264
0.907766
1.0
0.708645
1.0
1.0

