bent_l
Left

0.364387
0.157564
0.0
0.0
0.0
0.0
-0.215852
-0.148398
0.475824
0.99978
0.99978
1.0
0.998608
0.998608
1.0
1.0
1.0
1.0
1.0
1.0

0.779895
-0.045952
0.0
0.0
0.0
0.0
-0.231481
-0.159143
0.527399
0.99978
0.99978
1.0
0.998608
0.998608
1.0
1.0
1.0
1.0
1.0
1.0

0.612836
-0.118151
0.0
0.0
0.0
0.0
-0.363636
0.300898
0.28989
0.99978
0.99978
1.0
0.998608
0.998608
1.0
1.0
1.0
1.0
1.0
1.0

-0.29213
0.265038
0.0
-0.022386
0.0
0.24506
0.0
-0.169403
0.08989
0.131209
1.0
0.934139
1.0
1.0
1.0
1.0
1.0
1.0
1.0
0.99978

0.498421
-0.317568
1.243211
0.047268
0.260895
0.132043
0.072308
-0.1875
0.094579
0.837436
0.630256
0.64022
1.0
1.0
0.574286
0.999194
1.0
0.997143
0.999194
0.839634

0.690174
-0.02333
-0.086689
0.0
0.021763
0.669284
0.0
-0.022766
0.243675
0.730916
1.0
0.502784
1.0
0.99978
1.0
1.0
1.0
0.575165
0.839634
0.64022

-0.299357
0.235124
0.0
0.0
0.021763
0.0
-0.072484
-0.061287
0.0
1.0
1.0
0.630989
0.999194
1.0
1.0
1.0
1.0
0.506154
0.99978
1.0

0.942364
-0.052889
0.0
0.0
0.192789
0.12198
-0.28865
-0.126143
0.263956
0.565202
0.837436
0.492234
1.0
1.0
0.38967
1.0
0.649744
0.775311
1.0
1.0

0.498421
-0.129396
0.0
0.0
0.00217
0.002674
0.025714
-0.049833
0.155531
0.082857
0.955238
1.0
0.998315
0.998608
1.0
1.0
0.815311
0.399341
1.0
0.997729

0.002015
-0.189755
0.0
-0.086269
0.0
0.0
0.0
-0.169403
0.0
0.438608
1.0
0.672894
1.0
1.0
1.0
0.999487
1.0
1.0
1.0
0.839634

0.632159
0.024492
0.0
0.0
0.0
0.212861
0.154506
-0.049833
0.059414
0.99978
1.0
1.0
0.99978
0.998022
0.592747
1.0
0.999194
1.0
0.997729
1.0

0.779895
0.041058
-0.616915
0.0
0.0
0.28514
-0.019823
-0.022766
0.0
0.630256
0.05033
0.64022
1.0
1.0
1.0
0.999194
1.0
0.751868
0.874652
0.998901

0.639878
0.267262
0.0
0.0
0.0
0.0
-0.292013
-0.049833
0.220677
0.99978
1.0
1.0
1.0
1.0
0.86
1.0
0.947326
0.399341
1.0
0.999194

0.911299
-0.162574
-0.035603
0.0
-0.184642
0.132043
-0.072484
-0.14681
0.467619
0.630256
1.0
0.934139
1.0
0.99978
1.0
1.0
1.0
0.998022
1.0
0.999487

0.199549
-0.061382
0.816647
0.0
-0.217551
0.399733
-0.042867
0.0
0.041245
1.0
0.527985
0.868791
1.0
1.0
1.0
1.0
1.0
0.775311
0.998901
0.998901

0.72483
-0.195734
0.0
0.0
0.239554
0.0
-0.213543
0.0
0.0
1.0
0.837436
0.99978
0.99978
1.0
1.0
0.999487
1.0
0.998022
1.0
1.0

0.409391
0.235124
0.0
0.157801
0.17524
0.0
-0.086313
0.0
0.0
1.0
1.0
1.0
0.998608
1.0
1.0
1.0
1.0
0.997143
0.99978
0.64022

0.784666
0.166336
-0.139652
-0.085633
-0.184642
0.132043
0.182491
0.0
0.467619
0.283297
1.0
0.072601
1.0
0.999194
1.0
0.919194
1.0
1.0
0.997729
0.999487

