c
Left

1.0
-0.147363
-0.312467
-0.290382
0.018093
0.745349
0.0
0.0
0.077582
0.405495
0.405495
0.161392
0.327985
0.327985
0.086374
0.505568
0.505568
0.071136
0.62674
0.62674

0.880301
-0.295499
-0.363866
-0.305866
-0.088787
0.791029
0.0
0.0
0.058242
0.5463
0.5463
0.06381
0.427473
0.427473
0.008132
0.603297
0.603297
0.015751
0.597143
0.597143

0.80713
-0.282755
-0.399169
-0.32977
-0.077341
0.864737
0.005201
0.0
0.034799
0.407546
0.407546
0.0
0.402271
0.402271
0.0
0.426447
0.426447
0.01663
0.51978
0.51978

0.831267
-0.188236
-0.424812
0.192994
-0.344171
0.745349
0.310549
0.0
0.091355
0.375604
1.0
0.0
0.421319
0.094286
0.0
0.256923
0.722857
0.0
0.51978
0.283297

0.848566
0.105453
-0.812383
-0.978957
0.059171
1.0
0.0
0.060293
0.0
0.168864
0.47348
0.14381
0.342491
0.35641
0.025128
0.121832
0.476117
0.15011
0.038022
0.078169

0.920109
-0.23722
-0.467827
-0.671105
-0.565244
0.39013
0.0
0.0
0.176044
1.0
1.0
0.125495
0.391429
0.62293
0.008132
0.371062
0.347766
0.0
0.301758
0.135018

0.791155
-0.23722
-0.521324
-0.164134
-0.144545
0.738851
0.312747
0.159341
0.077582
1.0
0.168864
0.024249
0.444762
0.49663
0.15641
0.298242
0.347766
0.033333
0.383223
0.707033

0.564963
-0.20739
-0.312467
-0.525129
0.05208
1.0
0.0
0.0
0.055604
0.656923
0.375604
0.009597
0.616484
0.402271
0.058242
0.277729
0.693553
0.071429
0.0
0.035092

0.938454
-0.623722
-0.304897
0.017236
-0.104825
0.309325
0.005201
0.062637
0.03011
1.0
0.418095
0.161392
0.49663
0.094286
0.098095
0.947692
0.44359
0.135018
0.289158
0.891355

0.961302
-0.580057
-0.285853
-0.050957
-0.53914
1.0
1.0
0.284322
0.028059
0.25956
0.029231
-0.090993
0.712454
0.627912
0.123004
0.569597
0.84359
0.01663
0.188645
0.027179

0.96883
0.190855
-0.467827
-0.396923
0.137104
0.980959
0.0
0.158022
0.018095
0.930037
0.522857
-0.01886
0.523004
0.90381
0.17663
0.652234
0.329597
0.072015
0.283297
0.064689

0.558363
0.146124
0.077835
-0.164134
-0.420444
0.558561
0.0
0.399927
0.176044
0.536923
0.147766
0.052371
0.998901
0.200659
0.032161
0.127985
0.692967
0.18718
0.477875
0.0

0.905069
-0.580057
-0.399169
-0.671105
-0.755313
0.791029
0.355971
0.0
0.381172
1.0
0.391136
-0.090993
0.646227
0.712601
0.028352
0.692967
0.329597
0.019853
0.070549
0.289158

0.785255
-0.697127
-0.381147
-0.72821
-0.447713
1.0
0.013993
0.0
0.023077
0.99978
0.577949
0.0
0.712601
0.532088
-0.010244
0.722857
0.999597
0.0
0.234359
0.066447

0.882183
0.500638
-1.499748
-0.050957
-0.468205
1.0
0.832161
0.002271
0.07641
0.391136
0.522857
0.374139
0.520952
0.998901
0.254286
0.298242
0.347766
0.263223
0.597143
0.314066

0.908022
-0.209695
-0.65111
0.104384
-0.158974
1.0
0.327692
0.062637
-0.018126
1.0
0.401685
0.198608
0.712601
0.682711
0.042711
0.505568
0.0
0.092527
0.268352
0.064689

0.722202
-0.725915
0.080875
-0.535564
-0.468205
1.0
0.0
0.367106
0.028645
0.029231
1.0
0.264835
0.649597
0.26381
0.028938
0.440952
0.256923
0.01663
0.541172
0.135018

0.690938
-0.410645
-0.501621
-0.63852
0.059171
0.95854
0.002564
0.399341
0.181319
1.0
0.029231
0.135751
0.56022
0.90381
0.025128
0.500147
0.628205
0.016337
0.075531
0.296044

