curved_v
Left

0.83392
0.391034
-0.077571
0.0
0.132249
1.0
0.172234
1.0
-0.003308
0.428059
0.428059
0.0
0.072601
0.072601
1.0
1.0
1.0
0.894139
1.0
1.0

0.705778
0.344993
0.043364
0.0
0.488812
1.0
0.534725
0.92989
0.0
0.551429
0.551429
0.0
0.197143
0.197143
1.0
1.0
1.0
0.507033
1.0
1.0

0.62624
0.448562
-0.00633
0.0
0.30978
1.0
0.390843
0.826886
0.0
0.585568
0.585568
0.022784
0.292674
0.292674
1.0
1.0
1.0
0.719927
1.0
1.0

0.801166
0.286287
-0.538536
4.4e-05
0.033972
1.0
0.771795
0.260586
0.0
1.0
0.048278
0.0937
0.372674
0.261319
0.533846
1.0
1.0
0.781758
1.0
1.0

0.356256
0.327047
-0.289921
0.055609
0.0
1.0
1.0
0.588938
0.142296
0.35011
0.292381
0.085466
0.024835
0.133114
1.0
1.0
0.390256
0.712747
1.0
1.0

0.652491
-0.21885
-0.213538
-0.245039
0.100568
1.0
0.69619
1.0
0.0
0.411941
0.146593
0.0
0.304396
0.253993
0.763883
1.0
1.0
0.942637
0.997729
1.0

0.537486
0.315051
-0.25436
0.0
0.042763
1.0
0.404615
0.33663
0.093407
0.0
0.339854
0.0
0.160513
0.309084
1.0
1.0
1.0
0.963004
1.0
1.0

0.356256
0.381766
-0.347813
0.0
0.221155
1.0
0.249451
0.369158
0.0
0.428059
0.370623
0.08696
0.061172
0.40652
1.0
1.0
0.999194
0.74337
1.0
0.538535

0.513299
0.360535
-0.150315
0.103771
0.332598
1.0
1.0
0.367399
0.026007
0.411941
0.463077
-0.042721
0.161099
0.267179
0.868791
0.999194
1.0
0.710842
0.999194
1.0

0.62624
0.420545
-0.00633
-0.040771
0.251563
1.0
0.172234
0.0
0.180733
0.422491
0.065275
0.0
0.187473
0.180147
1.0
0.999194
1.0
0.409304
1.0
1.0

0.667633
0.440685
-0.349625
0.029919
0.089824
1.0
1.0
0.543224
0.187766
0.173114
0.834212
0.01956
0.113626
0.154066
0.674506
1.0
1.0
0.839194
1.0
0.999194

0.834028
0.322139
-0.17292
0.0
0.231094
1.0
1.0
0.244615
0.079927
1.0
0.463077
0.08696
0.55304
0.178828
0.670696
1.0
0.999194
0.907179
0.998901
0.999487

0.242361
0.255505
-0.054123
0.0
0.040219
1.0
0.390843
0.129597
-0.001332
0.4137
0.148498
0.023077
0.518022
0.51011
0.670696
1.0
1.0
0.893993
1.0
0.538535

1.0
0.317016
0.307108
0.0
0.299419
1.0
1.0
0.072015
0.090476
0.290476
0.065275
0.200666
0.309084
0.081978
0.346886
1.0
1.0
0.663223
0.527839
1.0

1.0
1.166484
-0.538536
0.0
0.145182
1.0
0.856191
0.422198
0.079927
0.375751
0.263809
0.0
0.110549
0.161099
1.0
1.0
1.0
0.74337
1.0
1.0

0.240978
1.307217
0.429369
-0.13236
0.159916
1.0
0.925641
0.459414
0.112161
0.155238
1.0
0.0
0.793187
0.025714
0.840366
1.0
1.0
0.604908
1.0
1.0

1.0
0.66426
-0.054429
0.069843
0.211803
1.0
1.0
0.079927
0.082564
0.35011
0.391429
0.347033
0.261319
0.067326
1.0
0.999194
1.0
0.628352
1.0
0.527839

-0.364947
0.286287
-0.143857
0.153069
-0.148693
1.0
1.0
0.054725
0.13956
0.506593
0.582931
0.0
0.486081
0.261319
1.0
1.0
0.999194
0.621026
0.538535
0.538535

