curved_5
Left

0.790977
0.42406
-0.061406
-0.282701
-0.181096
0.75295
0.126374
0.0
0.0
0.324322
0.324322
0.0
0.144103
0.144103
0.0
0.390549
0.390549
0.04359
0.062637
0.062637

0.771249
0.442526
0.029608
-0.327739
-0.419595
0.811077
0.0
0.0
0.0
0.22293
0.22293
-0.018553
0.368865
0.368865
0.0
0.170769
0.170769
0.003443
0.0
0.0

0.82135
0.559119
0.022447
-0.291466
-0.410107
0.979941
0.222344
0.0
0.0
0.266154
0.266154
-0.038628
0.242271
0.242271
0.0
0.233187
0.233187
0.0
0.048864
0.048864

0.958395
-0.157664
-0.249377
-0.085084
-0.245697
1.0
1.0
0.051209
0.014079
0.408132
0.824835
-0.009169
0.36359
0.477143
0.0
0.752747
0.386007
0.394213
0.0
0.126227

0.813632
0.513076
0.148087
-0.178851
-0.906699
0.75295
0.234652
1.0
0.0
0.614725
0.612381
-0.015517
0.279634
0.44359
0.0
0.916264
0.274212
0.406374
1.0
0.0

0.790977
0.327581
0.082131
-0.089009
-0.1027
1.0
0.181905
0.005495
0.012527
0.986886
0.903224
0.0
0.524762
0.176044
0.0
0.233187
0.625568
0.084322
0.279194
0.200952

0.779099
0.152368
-0.061406
-0.308559
-0.09824
1.0
0.068498
0.002857
0.0
1.0
0.148498
0.0
0.432454
0.681538
-0.010995
0.799634
1.0
0.394213
0.896337
0.028645

0.82135
0.32688
-0.170934
-0.184398
0.120077
1.0
0.367399
1.0
0.025714
0.99033
0.607985
-0.021179
0.327839
0.279634
0.0
0.263517
0.085495
0.081685
0.227912
0.195971

0.771728
0.44691
0.302725
0.025315
0.090139
1.0
0.932967
0.013114
0.05179
0.134432
0.718462
0.523297
0.623809
0.506447
0.0
1.0
0.752747
0.369304
0.0
0.326667

1.0
-0.280949
-0.091174
-0.110894
-0.042879
0.932716
0.575165
0.028059
0.022491
0.464396
0.278901
-0.018553
0.36359
0.44359
0.005495
0.716117
1.0
0.085788
0.112747
0.866007

0.956457
0.26186
0.121191
0.031465
-0.045276
1.0
0.367399
0.0
0.028938
0.266154
1.0
0.0
0.801685
0.88989
0.0
0.752747
0.035971
0.084322
0.341319
1.0

0.641075
0.32688
-0.452222
-0.342378
-0.806103
0.9699
0.143223
0.341026
0.0
1.0
0.307326
0.0
0.412528
0.619267
0.544396
0.595092
0.26044
0.218535
0.124176
0.15348

0.961696
0.312766
0.03145
-0.43409
-0.914486
1.0
0.052088
0.769744
0.088513
0.718462
1.0
0.0
0.600952
0.432454
0.0
0.916264
0.26044
0.299121
0.0
0.227912

0.816926
0.42406
-0.091174
-0.035124
-0.042879
1.0
0.390256
0.611795
0.338095
0.60315
0.755678
0.0
0.194506
0.428059
0.0
0.587473
0.448864
0.610037
0.059414
0.482857

0.793645
0.021306
-0.030838
-0.22567
-0.675208
0.988469
1.0
0.0
0.0
1.0
0.99033
0.035385
0.507619
0.985421
0.054139
1.0
0.718462
0.546447
0.195971
0.076703

0.793645
0.513076
0.16387
-0.291466
-1.440505
1.0
1.0
0.769744
0.008132
0.723004
0.723004
-0.221743
0.194506
0.524762
0.0
0.78
0.085495
0.218535
0.062637
0.382051

0.958395
0.314792
0.143389
-0.142832
-0.249107
1.0
0.334286
0.140586
0.088513
0.266154
0.392308
0.008718
0.487839
0.985421
0.0
0.189084
1.0
0.127692
0.176337
0.200952

0.893794
0.44691
0.05943
-0.415808
-0.181096
1.0
0.512454
0.029817
0.020147
0.614725
0.266154
-0.011651
0.507619
0.471868
0.0
1.0
0.752747
0.616484
0.028645
0.0

