curved_l
Left

0.614999
-0.068381
0.0
0.0
0.0
0.0
-0.314486
0.011117
0.689451
0.169304
0.169304
1.0
0.998608
0.998608
1.0
1.0
1.0
1.0
1.0
1.0

0.417873
-0.013231
0.0
0.0
0.0
0.0
-0.186383
-0.084842
0.337802
0.296337
0.296337
1.0
0.998608
0.998608
1.0
1.0
1.0
1.0
1.0
1.0

0.562011
-0.100078
0.0
0.0
0.0
0.0
-0.018238
-0.012539
0.442418
0.175458
0.175458
1.0
0.998608
0.998608
1.0
1.0
1.0
1.0
1.0
1.0

0.738686
0.009066
0.0
0.0
0.0
0.0
-0.173145
-0.090234
0.05619
0.98337
0.246667
1.0
1.0
1.0
1.0
1.0
1.0
0.983333
0.230549
1.0

1.0
0.204758
0.0
0.0
0.0
0.0
-0.215358
-0.1875
1.0
0.99978
0.31348
1.0
0.998608
1.0
1.0
0.602711
1.0
1.0
1.0
1.0

0.916149
0.041931
0.0
0.0
0.296437
0.287381
0.0
-0.176075
0.571648
0.347473
0.197436
0.939121
1.0
1.0
1.0
1.0
1.0
1.0
0.998901
0.999487

1.0
0.066821
-0.00673
0.0
2.1e-05
0.339083
-0.113201
0.0
0.082857
0.182491
0.890476
0.78
0.999194
1.0
0.681245
0.350989
0.901612
0.570476
1.0
1.0

0.785093
-0.060025
0.0
0.0
0.0
0.038673
-0.194933
-0.084842
0.172234
0.354799
0.261026
1.0
1.0
1.0
1.0
0.956703
1.0
0.967253
1.0
1.0

0.447027
0.13497
0.0
0.008186
0.0
0.0
-0.2011
-0.002925
0.069377
0.347473
0.305861
0.909524
0.998608
0.998022
1.0
1.0
1.0
1.0
0.997729
0.826593

0.974293
0.066821
0.0
0.0
-0.313106
0.038673
-0.043045
-0.1875
0.255897
0.169304
0.259854
1.0
0.818681
1.0
1.0
1.0
1.0
1.0
0.986007
0.852674

1.0
-0.051671
0.0
-0.006515
0.0
0.443732
-0.282702
0.027179
0.316117
0.054432
0.119487
1.0
1.0
0.998315
0.312308
1.0
1.0
0.649304
0.999487
0.998901

0.785093
0.066229
0.0
0.0
0.135559
0.0
0.062637
-0.1875
0.153187
0.830989
0.169304
1.0
0.99978
1.0
0.653846
1.0
1.0
0.966667
1.0
0.99978

0.438491
0.074466
0.0
0.0
0.0
0.0
-0.173145
-0.090234
0.654872
0.058535
0.564322
1.0
1.0
1.0
1.0
0.76652
0.901612
0.998022
1.0
1.0

0.974293
-0.039323
0.0
0.0
-0.002649
0.0
0.0
-0.099531
0.361832
0.347473
0.927106
1.0
1.0
0.998315
1.0
1.0
1.0
0.983333
1.0
1.0

1.0
0.219533
-0.183034
0.0
-4.6e-05
0.0
0.0
0.0
0.064103
0.715238
0.197436
1.0
0.999194
0.998608
1.0
1.0
1.0
0.346593
1.0
1.0

0.67219
-0.039323
0.0
0.0
0.031517
0.0
-0.113959
-0.057127
0.138974
1.0
0.346886
0.99978
0.998608
0.998608
1.0
0.49956
1.0
1.0
1.0
1.0

1.0
0.671079
0.0
0.0
-0.01003
0.0
-0.038072
-0.020509
0.56022
0.502784
0.382198
0.933846
0.998022
0.998022
1.0
1.0
0.49956
0.983333
0.998901
1.0

0.534291
0.263088
0.0
0.0
2.1e-05
0.314111
0.0
-0.142405
0.689451
0.054725
0.169304
1.0
0.99978
1.0
1.0
1.0
1.0
1.0
0.707326
0.986007

