flat_horns
Left

0.981402
-0.239252
0.0
0.0
0.0
1.0
1.0
1.0
0.513333
0.067912
0.067912
1.0
0.998608
0.998608
1.0
1.0
1.0
1.0
0.0
0.0

0.821218
-0.345221
0.0
0.0
0.167023
1.0
0.679194
1.0
0.527692
0.088425
0.088425
1.0
0.998608
0.998608
1.0
1.0
1.0
0.825128
0.0
0.0

0.80226
-0.436859
0.0
0.0
0.375143
1.0
0.69663
1.0
0.494725
0.13326
0.13326
1.0
0.998608
0.998608
1.0
1.0
1.0
0.715971
0.0
0.0

0.804928
-1.286801
-0.416447
0.0
-0.008882
1.0
0.507473
1.0
0.414139
0.025714
0.0
1.0
0.972381
0.764469
1.0
0.718169
1.0
0.715971
0.0
0.0

0.80226
-1.235132
0.0
-0.240411
0.136247
1.0
1.0
0.204322
1.0
0.032454
0.0137
1.0
0.686813
1.0
1.0
1.0
1.0
0.535897
0.0
0.0

0.10441
0.0
0.0
0.0
-0.034212
1.0
0.679194
0.998022
0.287106
0.014286
0.088425
0.696484
0.810769
0.736337
1.0
1.0
1.0
0.492234
0.041538
0.041538

0.48533
0.0
0.0
0.0
-0.064436
1.0
0.652821
1.0
1.0
0.094286
0.053846
1.0
0.697363
0.998608
1.0
0.846227
1.0
0.761832
0.0
0.0

-0.160506
-0.954247
-0.137958
0.0
0.490667
1.0
0.679194
0.27978
0.309524
0.016923
0.016923
1.0
1.0
0.449597
1.0
0.784982
0.795824
0.240513
0.067326
0.0

0.516324
0.0
0.0
0.0
-0.119901
1.0
0.876337
0.218535
0.527692
0.177802
0.0
0.862344
0.964908
1.0
1.0
1.0
1.0
0.085788
0.0
0.0

-0.067507
0.0
0.0
0.0
-0.227071
1.0
0.841538
0.375751
1.0
0.112454
0.142051
1.0
1.0
0.99978
0.998462
0.845055
0.557876
0.079927
0.0
0.049451

0.4734
-1.097631
-0.111953
0.0
0.029841
1.0
1.0
0.477289
1.0
0.045348
0.08315
0.842125
0.972381
0.736337
1.0
1.0
1.0
0.325495
0.0
0.0

0.821594
0.0
0.0
0.0
-0.088996
1.0
1.0
1.0
0.361539
0.040073
0.074359
1.0
0.523736
1.0
1.0
1.0
0.364762
0.560952
0.0
0.0

0.88107
0.0
0.0
-0.01112
-0.087965
1.0
0.841538
1.0
0.457216
0.053846
0.029817
1.0
1.0
1.0
1.0
1.0
1.0
0.394066
0.030989
0.0

0.660405
0.0
0.0
-0.240411
0.448185
1.0
1.0
0.318755
0.635678
0.023663
0.067912
1.0
1.0
1.0
1.0
0.817509
1.0
0.52359
0.0
0.0

0.667845
-0.08574
0.0
0.0
0.036011
1.0
0.24989
0.848571
0.60359
0.142051
0.0
1.0
1.0
1.0
1.0
1.0
1.0
0.930476
0.0
0.049451

1.0
-1.235132
0.0
-0.240411
0.036011
1.0
1.0
0.998022
0.382344
0.049158
0.011355
0.71729
0.669817
0.335751
1.0
1.0
1.0
0.421465
0.0
0.030403

0.81994
-0.047325
0.0
0.0
0.89562
1.0
0.456337
0.61619
0.912747
0.054139
0.074359
0.818242
1.0
0.964908
1.0
1.0
0.882857
1.0
0.0
0.0

0.558634
-0.193044
-0.027774
0.0
-0.365544
1.0
1.0
0.204322
0.494725
0.00022
0.030696
1.0
1.0
0.736337
1.0
0.621172
1.0
0.70293
0.0
0.0

