flat_n
Left

0.727526
-0.482751
0.0
0.0
0.367197
1.0
0.390843
1.0
0.380293
0.065568
0.065568
1.0
0.0
0.0
1.0
1.0
1.0
0.341612
1.0
1.0

0.774924
-0.357594
0.0
0.0
0.0
1.0
0.838608
1.0
0.568718
0.058535
0.058535
1.0
0.001099
0.001099
1.0
1.0
1.0
1.0
1.0
1.0

0.844621
-0.291544
0.0
0.0
0.345999
1.0
0.461026
0.898388
0.482271
0.080806
0.080806
1.0
0.0
0.0
1.0
1.0
1.0
0.810769
1.0
1.0

0.612218
-0.560348
0.0
0.0
0.081388
1.0
1.0
1.0
0.275238
0.139121
0.17956
0.586886
0.0
0.018388
1.0
1.0
1.0
0.407253
1.0
0.999194

0.754909
-0.519596
0.0
0.0
0.0
1.0
0.737949
1.0
0.482271
0.029231
0.020733
1.0
0.0
0.032161
0.756557
1.0
1.0
1.0
0.998901
0.999194

0.970278
-0.799784
-0.051837
0.0
0.058739
1.0
1.0
0.452088
1.0
0.100879
0.08989
1.0
0.001099
0.002271
0.886081
1.0
1.0
0.712601
1.0
1.0

0.534242
0.005717
0.0
-0.080058
0.202055
1.0
0.835385
0.425275
0.784542
0.008425
0.155238
1.0
0.020147
0.007253
1.0
1.0
1.0
0.228791
1.0
1.0

0.676831
-0.419635
0.0
0.0
0.447659
1.0
1.0
0.164322
0.389377
0.0
0.004615
1.0
0.0
0.020733
1.0
1.0
1.0
1.0
0.095458
1.0

0.993456
-0.174401
0.0
0.0
0.165131
1.0
1.0
1.0
0.741026
0.080806
0.115385
1.0
0.008425
0.001392
1.0
1.0
1.0
0.157143
0.99978
1.0

-0.678802
-0.482751
-0.051837
0.0
0.28212
1.0
0.693114
0.158462
0.482271
0.069377
0.015751
1.0
0.017216
0.998022
0.876117
1.0
1.0
0.889304
1.0
0.997729

0.956472
-0.326138
0.0
0.0
0.555084
1.0
1.0
0.092821
1.0
0.092234
0.034799
1.0
0.0
0.998022
0.495897
1.0
1.0
0.191575
1.0
1.0

0.777192
-0.741482
0.0
-0.035383
0.172195
1.0
0.737949
0.421319
0.494872
0.004615
0.063516
0.754506
0.018681
0.045934
1.0
1.0
1.0
1.0
1.0
1.0

0.595747
-0.601515
0.0
0.008475
0.133143
1.0
0.970842
1.0
0.248278
0.281538
0.160806
0.974359
0.0
0.998022
0.756557
1.0
1.0
1.0
1.0
0.998901

0.534242
0.0
-0.051837
0.0
0.175202
1.0
1.0
1.0
0.636703
0.088132
0.100879
1.0
0.061172
1.0
0.531795
1.0
1.0
0.880513
1.0
0.016337

0.777192
-0.741482
0.0
0.0
-0.003259
1.0
1.0
0.131209
0.275238
0.100879
0.08989
0.725495
0.018388
0.010476
1.0
1.0
0.670989
0.228791
1.0
1.0

0.94077
-0.197271
0.0
0.0
0.081388
1.0
1.0
0.161978
0.275238
0.075238
0.0
1.0
0.018388
0.0
1.0
1.0
1.0
0.764469
1.0
1.0

1.0
-0.497001
0.0
0.0
0.142315
1.0
0.747473
0.371062
0.913333
0.020733
0.095751
0.960513
0.006374
0.081685
1.0
1.0
1.0
0.745421
1.0
1.0

0.631916
-0.00672
0.0
0.0
0.175495
1.0
0.461026
0.278315
1.0
0.160806
0.029231
0.875824
1.0
0.04359
1.0
1.0
1.0
0.937656
1.0
1.0

