flat_1
Left

1.0
0.0
0.0
0.0
0.0
1.0
1.0
1.0
1.0
0.046227
0.046227
1.0
0.998608
0.998608
1.0
1.0
1.0
1.0
1.0
1.0

0.900617
-0.001669
0.0
0.0
0.158018
1.0
0.991795
1.0
0.989817
0.166374
0.166374
1.0
0.998608
0.998608
1.0
1.0
1.0
0.804029
1.0
1.0

0.987534
0.0
0.0
0.0
0.109769
1.0
1.0
1.0
1.0
0.08315
0.08315
1.0
0.998608
0.998608
1.0
1.0
1.0
0.895165
1.0
1.0

0.694344
0.0
0.0
0.0
0.19193
1.0
0.769744
0.432601
0.624103
0.0
0.131502
1.0
0.862344
1.0
1.0
1.0
1.0
0.895165
0.998901
0.662051

0.829936
-0.390749
-0.270713
0.0
0.0
1.0
1.0
0.594212
1.0
0.011062
0.0
1.0
0.879927
1.0
1.0
1.0
1.0
1.0
0.998901
1.0

0.070246
-0.303496
0.0
0.0
0.004666
1.0
0.481831
0.200659
0.953773
0.01663
0.072015
1.0
0.99978
1.0
1.0
1.0
0.955678
1.0
1.0
1.0

0.369204
-0.532791
0.0
0.0
0.139946
1.0
0.61033
0.0
0.465568
0.003443
0.0
1.0
0.702637
0.998608
1.0
1.0
1.0
0.864396
1.0
1.0

0.826794
0.0
-0.259639
0.0
-0.557816
1.0
1.0
0.328132
1.0
0.0
0.148498
1.0
0.779707
0.999194
1.0
0.999194
1.0
0.789524
1.0
0.99978

0.865739
-0.972148
0.0
0.0
0.043132
1.0
0.417509
0.061465
0.456777
0.055604
0.003443
1.0
0.441539
0.441539
1.0
1.0
1.0
0.818388
1.0
1.0

0.552948
-1.130693
0.0
0.0
0.0
1.0
0.935897
1.0
0.457656
0.198901
0.198901
1.0
1.0
1.0
1.0
1.0
1.0
0.698828
1.0
1.0

0.974593
-0.249656
0.0
0.0
0.002174
1.0
0.96696
1.0
0.96022
0.062637
0.012527
1.0
0.999194
1.0
1.0
1.0
1.0
0.966374
0.999487
1.0

0.776233
0.0
0.0
0.0
0.0
1.0
0.713187
1.0
0.701905
0.0
0.0
0.512601
0.394505
0.931502
1.0
1.0
1.0
0.477729
0.982491
1.0

0.263167
-0.934452
-0.421846
0.0
0.301675
1.0
0.418095
0.149963
1.0
0.056777
0.012527
1.0
0.931502
1.0
0.868498
1.0
1.0
1.0
1.0
1.0

0.718488
-1.130693
0.0
0.0
0.004666
1.0
0.81663
0.465128
1.0
0.035385
0.059707
1.0
0.998608
1.0
1.0
0.72696
1.0
1.0
1.0
1.0

1.0
0.0
0.0
0.0
0.0
1.0
1.0
1.0
0.240806
0.066154
0.198901
1.0
0.998608
1.0
1.0
1.0
1.0
0.641539
1.0
1.0

0.379011
-0.823536
0.0
0.0
0.222239
1.0
1.0
0.300293
0.36652
0.0
0.0
1.0
0.998022
1.0
1.0
1.0
0.72696
1.0
1.0
0.997729

0.814943
-0.349355
-0.352699
0.0
0.566364
1.0
0.684469
0.24989
0.401685
0.035385
0.023663
1.0
0.479927
1.0
1.0
1.0
1.0
0.70967
1.0
1.0

0.213782
-0.134308
0.0
0.0
0.717558
1.0
1.0
1.0
1.0
0.003443
0.0
1.0
1.0
1.0
1.0
0.999194
1.0
0.477729
1.0
1.0

