flat_v
Left

0.909608
0.288102
0.013141
0.0
0.145449
1.0
0.317289
0.00315
0.208278
0.0
0.0
0.844762
0.0
0.0
1.0
1.0
1.0
0.861905
1.0
1.0

0.843891
0.224862
0.0
0.0
0.232852
1.0
0.282418
0.205494
0.284176
0.029231
0.029231
1.0
0.0
0.0
1.0
1.0
1.0
0.812967
1.0
1.0

0.979541
0.177257
-0.012893
0.0
0.150468
1.0
0.371209
0.0
0.140879
0.047692
0.047692
0.805201
0.0
0.0
1.0
1.0
1.0
0.465568
1.0
1.0

0.4975
0.045912
-0.115685
0.0
0.045072
1.0
1.0
0.0
0.140879
0.0
0.0263
0.726081
0.0
0.0
1.0
1.0
1.0
0.629084
1.0
1.0

0.762102
-0.534961
0.262887
0.0
-0.025016
1.0
1.0
0.172088
0.27685
0.009304
0.0
0.623223
0.002271
0.0
0.292088
1.0
1.0
0.929744
0.998901
1.0

0.738408
0.683614
-0.193247
-0.156439
0.232852
1.0
1.0
0.00315
0.217656
0.00989
0.309084
0.92359
0.0
0.035971
1.0
1.0
1.0
0.8137
1.0
1.0

0.226318
-0.024717
0.0
0.0
0.117935
1.0
0.697656
0.090183
0.415751
0.282711
0.067033
0.436264
0.034799
0.0
1.0
1.0
1.0
0.768718
1.0
1.0

0.121598
0.615517
0.690154
0.0
0.173198
1.0
0.371209
0.0
0.643736
0.0263
0.0
0.726081
0.0
0.0
0.624982
1.0
0.999487
0.629084
0.999194
1.0

0.605225
-0.007823
-0.593489
0.0
0.31571
1.0
0.641685
0.115971
0.323004
0.0
0.015458
0.427179
0.074945
0.0
1.0
1.0
1.0
0.628498
0.999487
1.0

0.597226
0.034124
-0.324696
0.0
0.045459
1.0
0.930916
0.275678
0.403736
0.003736
0.067033
0.427179
0.0
0.0
0.549963
1.0
1.0
1.0
1.0
1.0

0.938461
0.974003
-0.706309
0.0
-0.513494
1.0
0.850037
0.093114
0.399341
0.089011
0.0
1.0
0.0
0.0
0.892674
0.999487
0.999194
0.705128
0.998901
0.999194

0.605225
-0.075477
-0.49851
-0.360596
1.127519
1.0
1.0
0.191429
0.320073
0.0
0.0
0.862344
0.009304
0.0
0.88022
1.0
1.0
0.792747
1.0
0.99978

0.463316
-0.534961
0.690154
0.017655
0.078829
1.0
0.550256
0.268352
0.403736
0.009304
0.089011
0.54293
0.009304
0.0
0.778242
1.0
1.0
0.719634
1.0
1.0

0.926473
0.109074
0.0
0.0
-0.878628
1.0
1.0
0.205494
0.915092
0.0
0.023956
0.503663
0.0
0.0
1.0
1.0
1.0
0.603004
0.997729
1.0

0.938461
0.044202
0.0
-0.15953
0.0
1.0
0.321978
0.076703
0.35685
0.162857
0.038901
0.805201
0.0
0.0
0.767692
1.0
1.0
0.504835
1.0
0.999487

0.413059
0.210276
-0.049471
0.0
-0.124915
1.0
0.691062
0.275678
0.915092
0.038901
0.0
1.0
0.0
0.0
0.691502
0.999194
1.0
1.0
1.0
1.0

0.831221
0.079393
-0.532733
0.0
0.060491
1.0
0.354506
0.304689
0.08696
0.020733
0.0
0.761245
0.0
0.0
1.0
1.0
1.0
0.629084
1.0
1.0

1.0
0.116686
-0.115685
-0.339965
0.483475
1.0
0.317289
0.0
0.582198
0.076703
0.0
0.623223
0.034799
0.0
1.0
1.0
1.0
0.657216
1.0
1.0

