flat_ily
Left

-0.364079
0.0
0.0
0.0
0.0
0.091174
0.0
0.144396
1.0
0.064982
0.064982
1.0
0.998608
0.998608
1.0
1.0
1.0
1.0
0.0
0.0

-0.288195
0.0
0.0
0.0
0.0
0.230959
0.022491
0.0
1.0
0.061758
0.061758
1.0
0.998608
0.998608
1.0
1.0
1.0
1.0
0.0
0.0

-0.283228
0.0
0.0
0.0
0.0
0.296724
0.0
0.0
1.0
0.035092
0.035092
1.0
0.998608
0.998608
1.0
1.0
1.0
1.0
0.0
0.0

-0.283228
-0.762064
-0.000367
0.0
0.0
0.0
0.045934
1.0
0.599487
0.149377
0.033333
1.0
1.0
0.65663
1.0
1.0
0.455018
0.645495
0.136777
0.0

-0.718175
0.0
0.0
0.0
-0.233547
0.095657
-0.081545
0.0
1.0
0.024249
0.060586
1.0
0.99978
0.844908
1.0
1.0
1.0
0.424542
0.004322
0.0

-0.323887
-0.721247
0.0
0.0
0.0
0.0
0.271282
0.000513
0.930037
0.0
0.0
1.0
0.94
0.998315
1.0
0.52652
0.813114
0.487839
0.0
0.0

-0.51923
0.0
0.0
0.0
0.0
0.367073
-0.163636
0.329451
0.541172
0.148059
0.001685
1.0
0.998315
0.990769
1.0
0.572235
1.0
0.687399
0.0
0.038901

0.006233
0.0
0.0
0.0
-1.00857
0.0
-0.081545
-0.037174
1.0
0.073187
0.077289
1.0
1.0
0.904835
1.0
1.0
1.0
0.557582
0.0
0.0

-0.398294
0.0
0.0
0.0
-0.696993
0.731432
0.045934
0.0
1.0
0.0
0.0
0.99978
1.0
0.746007
1.0
1.0
0.92315
0.645495
0.099121
0.007253

-0.278629
0.0
0.0
0.0
0.039923
0.176686
-0.159174
0.346007
1.0
0.05326
0.061758
1.0
1.0
0.970696
1.0
1.0
1.0
0.821612
0.0
0.004322

-0.713349
-0.354451
0.0
0.0
0.0
0.253106
0.045934
0.112454
1.0
0.077289
0.113919
1.0
0.813407
0.998608
1.0
1.0
0.974872
0.718901
0.0
0.004908

-0.341411
0.0
0.0
0.0
0.0
0.0
0.0
0.108645
1.0
0.115824
0.0
1.0
0.574579
0.574579
1.0
1.0
1.0
0.32989
0.007253
0.0

-0.245669
-0.664631
0.040575
0.0
-0.264045
0.616278
0.0
0.161819
1.0
0.019853
0.0
1.0
1.0
1.0
1.0
0.455018
1.0
0.881392
0.033919
0.169597

-0.321958
-0.721247
0.0
0.0
0.039923
0.296724
1.0
0.03011
1.0
0.149377
0.088132
1.0
0.990769
1.0
1.0
0.449158
1.0
1.0
0.074652
0.0

-0.433644
0.0
6.6e-05
0.0
0.139821
0.551697
-0.107156
0.012527
0.748938
0.108059
0.033626
1.0
1.0
1.0
1.0
1.0
0.447692
0.692088
0.028645
0.0

-0.069844
0.0
0.0
0.0
0.0
0.26349
-0.152937
0.084615
1.0
0.037436
0.0
1.0
1.0
0.99978
1.0
1.0
1.0
0.785568
0.108352
0.006081

-0.323887
-0.027381
0.0
0.0
-0.037271
0.187148
0.0
0.083022
1.0
0.024249
0.001685
1.0
0.912015
1.0
1.0
1.0
1.0
1.0
0.0
0.082857

-0.51923
-0.1728
-0.000513
0.0
0.396523
0.0
-0.028802
0.02836
1.0
0.073187
0.134579
1.0
0.988864
1.0
1.0
1.0
1.0
0.32989
0.099121
0.091062

