flat_b
Left

-0.527311
0.0
0.0
0.0
0.0
0.298981
0.00022
0.0
1.0
0.096923
0.096923
1.0
0.0
0.0
1.0
0.0
0.0
1.0
0.071722
0.071722

-0.405141
0.0
0.0
0.0
0.047467
0.215539
0.002857
0.0
1.0
0.062051
0.062051
1.0
0.0
0.0
1.0
0.0
0.0
0.952161
0.0
0.0

-0.561399
-0.072579
-0.054786
-0.001198
0.145939
0.574911
0.202418
0.0
0.963736
0.071429
0.071429
0.941905
0.0
0.0
0.982051
0.0
0.0
0.767985
0.0
0.0

-0.527311
0.0
0.0
0.0
0.077118
0.789401
0.0
-0.185776
1.0
0.152015
0.215311
1.0
0.0
0.0
1.0
0.0
0.0
0.998608
0.0
0.003443

-0.59879
0.0
0.0
0.0
0.0
0.637331
0.0
0.0
0.999487
0.110696
0.310843
1.0
0.014286
0.02044
1.0
0.0
0.041245
1.0
0.132088
0.008425

-0.379207
0.0
-0.534128
0.0
-0.135424
0.0
-0.118148
0.609158
1.0
0.168718
0.022784
0.631136
0.0
0.0
1.0
0.011648
0.001099
1.0
0.071722
0.010476

-0.108302
-0.497479
0.0
0.0
-0.434045
0.040675
-0.082562
0.0
0.999121
0.195385
0.310843
0.888132
0.006081
0.0
0.733114
0.0
0.0
0.767985
0.0
0.0

-0.533021
0.0
0.0
0.0
0.044775
0.01295
0.166667
0.055604
0.999487
0.071429
0.154945
0.817216
0.104249
0.012234
0.799048
0.0
0.0
1.0
0.0
0.004322

-0.309173
-0.130743
0.0
-0.001631
0.0
0.153221
0.0
0.172381
1.0
0.046227
0.028059
1.0
0.0
0.014286
0.892821
0.0
0.0
0.998608
0.0
0.0

-0.531127
0.0
0.0
0.0
-0.335415
0.789401
0.205348
0.629084
0.919194
0.0
0.036264
1.0
0.0
0.042711
1.0
0.0
0.0
0.866447
0.002564
0.05033

-0.165592
-0.006171
-0.307034
0.0
0.000581
0.689853
0.588645
0.0
1.0
0.062051
0.144689
1.0
0.0
0.0
0.91011
0.0
0.0
1.0
0.141465
0.003443

-0.099133
0.0
-0.03175
0.0
0.064784
0.465216
0.519487
0.095751
1.0
0.036264
0.121245
0.905275
0.044176
0.026886
1.0
0.0
0.014872
0.83978
0.036264
0.040659

-0.398877
-0.827961
0.0
0.0
-0.335415
0.488825
0.0
0.0
0.67685
0.128278
0.144982
0.980147
0.0
0.0
1.0
0.010183
0.0
0.954212
0.015751
0.075824

-0.766175
0.0
0.0
0.0
-0.172433
0.51318
0.088132
0.210769
0.964615
0.0
0.103077
0.962564
0.012821
0.0
1.0
0.0
0.0
0.906593
0.012234
0.040659

-1.294405
-0.072579
0.0
0.0
0.150721
0.23576
0.0
0.121538
1.0
0.036264
0.138535
1.0
0.0
0.02044
0.478755
0.0
0.0
0.864103
0.009304
0.0

-0.24885
0.0
-0.424049
0.0
0.0
0.483241
0.193333
0.0
0.880806
0.013114
0.098974
1.0
0.0
0.0
0.955531
0.0
0.0
0.790256
0.0
0.034505

-0.309173
0.0
-0.327666
0.051481
0.0
0.204595
0.337509
0.0
1.0
0.0
0.128278
1.0
0.0
0.02044
0.549377
0.0
0.0
0.995678
0.003443
0.013993

-0.604689
-0.280846
0.0
-0.211722
0.0
0.0
-0.118148
0.172381
0.999487
0.215311
0.0
0.905275
0.028352
0.0
0.941758
0.0
0.0
1.0
0.040659
0.040659

