flat_h
Left

0.900769
-0.162468
0.0
0.0
0.0
1.0
1.0
1.0
0.54
0.134139
0.134139
1.0
0.029524
0.029524
1.0
1.0
1.0
1.0
1.0
1.0

0.817969
-0.179031
0.0
0.0
0.0
1.0
1.0
1.0
0.537656
0.111282
0.111282
1.0
0.005788
0.005788
1.0
1.0
1.0
1.0
1.0
1.0

0.906059
-0.101312
0.0
0.0
0.0
1.0
1.0
1.0
0.613993
0.122418
0.122418
1.0
0.001685
0.001685
1.0
1.0
1.0
1.0
1.0
1.0

0.464192
-0.556708
0.0
0.002668
0.473205
1.0
0.76652
0.232015
0.86
0.120366
0.088718
0.850183
0.110989
0.014579
0.927399
1.0
0.999487
1.0
1.0
1.0

0.850424
-0.620688
0.0
0.0
0.237932
1.0
1.0
0.13033
0.795531
0.040073
0.142051
1.0
0.142344
0.023956
1.0
1.0
1.0
1.0
0.997729
1.0

0.638855
-0.746282
-0.235535
0.0
0.31426
1.0
0.433919
0.415604
0.248425
0.088425
0.080513
0.359487
0.0
0.00696
1.0
1.0
1.0
0.668791
0.999194
0.99978

0.537339
0.0
0.230778
0.146778
0.274581
1.0
1.0
0.188352
0.583663
0.080513
0.052381
0.784982
0.011648
0.0
0.651355
1.0
1.0
1.0
1.0
1.0

0.3859
0.0
-0.064257
0.0
-0.026358
1.0
0.388205
0.765495
0.655458
0.080513
0.086667
1.0
0.072308
0.075531
1.0
1.0
1.0
1.0
1.0
1.0

0.68888
-0.746282
0.0
-0.26252
0.0
1.0
1.0
0.070256
0.214872
0.088425
0.040073
0.671722
0.029524
0.0
1.0
1.0
1.0
0.850916
1.0
1.0

0.767712
0.0
0.0
0.002668
0.1279
1.0
1.0
0.242857
0.641392
0.120366
0.056777
1.0
0.011355
0.01663
0.962857
1.0
1.0
1.0
1.0
1.0

0.397743
-0.001043
0.0
0.002904
0.0
1.0
1.0
0.188352
0.293114
0.075824
0.08989
0.690183
0.034212
0.0
1.0
1.0
1.0
0.796117
1.0
0.997729

1.0
-0.552279
-0.253911
0.316932
-0.026358
1.0
1.0
0.14967
0.54
0.096337
0.158169
0.784982
0.110989
0.038608
1.0
1.0
1.0
0.756557
0.998901
0.999194

0.936741
-0.697159
-0.067957
0.059493
0.0
1.0
1.0
0.422198
1.0
0.142051
0.052088
1.0
0.038608
0.032161
1.0
1.0
1.0
1.0
1.0
1.0

0.565284
0.0
-0.235535
0.0
1.045767
1.0
1.0
0.120952
1.0
0.092527
0.064689
1.0
0.051795
0.206227
1.0
1.0
1.0
0.865275
0.998901
1.0

0.202696
-2.296817
-0.102147
0.0
0.07498
1.0
1.0
0.577802
0.544689
0.058535
0.116264
1.0
0.001685
0.0
1.0
1.0
0.999487
0.470549
1.0
1.0

0.900769
0.0
-0.116289
0.0
0.350781
1.0
1.0
0.594505
0.193626
0.148205
0.059707
0.705568
0.034505
0.005788
0.575165
1.0
1.0
0.698242
0.998901
1.0

0.618357
-0.611953
-0.06862
0.0
0.442658
1.0
1.0
0.765495
0.36652
0.062344
0.154359
1.0
0.030403
0.01663
1.0
1.0
0.999487
0.816337
1.0
1.0

0.610543
-0.620688
0.166363
0.0
0.0
1.0
1.0
0.070256
0.461612
0.056777
0.040073
0.856191
0.030403
0.011648
1.0
1.0
1.0
0.75978
1.0
1.0

