n
Left

0.188007
0.0
0.0
0.0
0.0
1.0
1.0
0.0
1.0
0.99978
0.99978
1.0
0.998608
0.998608
1.0
1.0
1.0
1.0
1.0
1.0

0.217024
0.0
0.0
0.0
0.0
1.0
1.0
0.0
1.0
0.99978
0.99978
1.0
0.998608
0.998608
1.0
1.0
1.0
1.0
1.0
1.0

0.375762
0.0
0.0
0.0
0.0
1.0
0.759487
0.0
1.0
0.99978
0.99978
1.0
0.998608
0.998608
1.0
1.0
1.0
1.0
1.0
1.0

0.570892
0.0
-0.219655
0.0
0.0
1.0
1.0
0.0
0.996117
1.0
0.775311
1.0
0.999487
0.88359
1.0
1.0
1.0
0.704982
1.0
1.0

0.379613
0.0
0.0
0.007675
0.0
1.0
1.0
0.204469
1.0
1.0
1.0
1.0
0.99978
0.993407
1.0
1.0
1.0
1.0
0.998901
1.0

0.438952
0.0
0.097632
0.0
0.0
1.0
1.0
0.0
0.937509
1.0
1.0
0.865128
1.0
0.998315
1.0
1.0
1.0
0.69663
1.0
1.0

0.188007
0.0
0.0
0.0
0.0
1.0
1.0
0.0
1.0
1.0
0.823077
0.868498
1.0
0.663663
1.0
0.849451
1.0
1.0
1.0
0.998901

0.553466
0.0
0.09052
0.0
0.0
1.0
1.0
0.282125
1.0
0.580732
1.0
0.731795
1.0
0.998608
1.0
1.0
1.0
0.982784
1.0
1.0

0.101962
0.0
0.014004
0.0
0.0
1.0
1.0
0.033919
1.0
0.994506
1.0
0.72359
0.954359
0.906887
1.0
0.999194
1.0
1.0
1.0
1.0

0.379613
0.0
0.075734
0.00944
0.975149
1.0
1.0
0.274213
0.937509
1.0
0.672454
1.0
0.998315
0.998608
1.0
0.30967
0.992601
0.818095
1.0
1.0

0.465596
-0.140439
0.0
0.0
0.0
1.0
1.0
0.0
1.0
1.0
1.0
0.754212
1.0
0.663663
1.0
1.0
1.0
1.0
0.997729
1.0

0.606481
-0.037484
0.014004
0.0
0.198813
1.0
1.0
0.0
1.0
0.72696
1.0
0.810916
0.453846
0.930916
1.0
1.0
1.0
0.862198
0.649011
0.99978

0.188007
0.0
0.05465
0.0
0.754518
1.0
0.768425
0.03011
1.0
0.3
0.580732
0.64989
0.998608
1.0
1.0
1.0
1.0
1.0
1.0
1.0

0.482428
0.0
0.0
0.0
0.0
1.0
1.0
0.0
1.0
1.0
1.0
0.865128
0.906887
0.999487
1.0
1.0
1.0
0.998022
1.0
0.863223

1.0
0.0
0.0
0.136837
0.0
1.0
1.0
0.004908
1.0
1.0
1.0
0.741905
1.0
0.895751
1.0
1.0
1.0
0.818095
0.704103
1.0

0.383234
-0.346763
0.0
0.0
0.0
1.0
0.921245
0.0
1.0
1.0
0.99978
1.0
0.949377
0.456044
1.0
0.30967
1.0
0.405202
1.0
0.999194

0.877495
0.0
0.035218
0.0
0.0
1.0
1.0
0.0
1.0
1.0
0.994506
0.930037
1.0
0.92022
1.0
0.302637
1.0
0.568132
0.99978
1.0

0.745543
-0.049489
0.0
0.0
0.222577
1.0
0.882124
0.0
1.0
1.0
0.600073
1.0
0.78674
0.782784
1.0
0.493114
0.849451
0.982784
0.997729
0.988352

