open_f
Left

0.891764
0.114977
-0.257797
-0.587956
-0.679367
0.842484
0.0
0.0
0.097509
0.307326
0.307326
-0.115835
0.0
0.0
-0.191596
0.0
0.0
-0.142347
0.0
0.0

0.947569
0.111825
-0.147059
-0.490227
-0.567627
0.722733
0.0
0.0
0.271868
0.187473
0.187473
-0.072435
0.0
0.0
-0.148478
0.0
0.0
-0.107756
0.0
0.0

0.936535
-0.071852
-0.105141
-0.44275
-0.597061
0.703072
0.0
0.0
0.256191
0.272747
0.272747
-0.026688
0.0
0.0
-0.146195
0.0
0.0
-0.121336
0.0
0.0

0.891764
0.22632
0.130323
-0.698235
-0.639224
0.571686
0.069963
0.0
0.049744
0.396117
0.229963
-0.205185
0.0
0.0
-0.308392
0.0
0.0
-0.296564
0.0
0.0

1.0
0.119738
1.69939
-0.339848
-1.014367
0.739403
0.15348
0.0
0.363297
0.274212
0.069963
-0.096666
0.0
0.0
-0.255142
0.015458
0.0
-0.150523
0.0
0.0

0.978643
0.0
-0.333663
-0.347916
-1.089058
0.90155
0.0
0.0
0.158169
0.157875
0.399634
0.0
0.0
0.0
-0.268672
0.0
0.0
-0.166357
0.0
0.0

1.0
0.098474
0.130323
-0.339848
-0.639224
0.90155
0.0
0.0
0.099853
0.056484
0.08315
-0.013506
0.0
0.0
-0.084083
0.0
0.0
-0.411492
0.0
0.0

0.929075
0.537048
0.067446
-0.376252
-0.914628
1.0
0.000806
0.0
0.052088
0.064689
0.087253
0.357436
0.0
0.0
-0.257118
0.0
0.0
-0.054288
0.0
0.0

0.394932
0.264018
-0.363957
-0.035603
-1.014709
1.0
0.039487
0.0
0.071136
0.319048
0.166374
-0.205185
0.0
0.0
-0.050314
0.0
0.0
-0.247327
0.0
0.0

0.862105
-0.655137
-0.188782
-0.337808
-0.737798
0.739403
0.0
0.010183
0.363297
0.056484
0.376191
-0.06356
0.0
0.0
-0.059966
0.0
0.0
-0.166357
0.0
0.0

1.0
0.111825
-0.218955
-0.624297
-0.845259
1.0
0.23978
0.0
0.256191
0.114506
0.130183
-0.000247
0.0
0.0
-0.198139
0.0
0.0
-0.358295
0.0
0.0

0.891297
-0.459303
0.028736
-0.2949
-0.952755
1.0
0.069963
0.004908
0.19685
0.064689
0.32315
0.0
0.0
0.0
-0.196315
0.0
0.0
-0.005372
0.0
0.045934

1.0
-0.459303
-0.311113
-0.45246
-0.904129
0.574144
0.242857
0.0
0.079634
0.229963
1.0
-0.003205
0.0
0.0
-0.268672
0.0
0.0
0.0
0.031282
0.0

0.913114
-0.217695
-0.461508
-0.290421
-1.0664
0.678547
0.0
0.0
0.041245
0.105714
0.304103
0.0
0.0
0.0
-0.21617
0.0
0.0
-0.087653
0.0
0.0

0.878038
-0.135221
-0.226404
-0.294531
-0.679367
1.0
0.055311
0.0
0.071136
0.046227
0.018095
0.0
0.0
0.0
-0.044813
0.0
0.0
-0.345015
0.0
0.0

1.0
-0.046005
0.063974
-0.368946
-0.914628
1.0
0.12652
0.0
0.178095
0.131502
0.409158
0.0
0.0
0.0
-0.123268
0.0
0.0
-0.48005
0.0
0.0

0.838874
-0.531065
-0.039142
-0.475397
-0.115929
1.0
0.079634
0.0
0.461758
0.130476
0.290769
-0.00329
0.0
0.0
-0.240697
0.0
0.0
-0.265792
0.0
0.0

0.853861
0.0
-0.226404
-0.05993
-1.59396
0.902078
0.0
0.0
0.146593
0.090183
0.173114
-0.205185
0.0
0.0
-0.161017
0.0
0.0
0.0
0.0
0.0

