open_e
Left

-0.022536
0.082662
-0.107661
-0.04448
-0.073036
0.601588
0.0
0.0
0.05619
0.99978
0.99978
0.046813
0.998608
0.998608
0.049158
1.0
1.0
0.0
1.0
1.0

0.126129
0.112577
-0.06988
-0.033592
-0.053362
0.681343
0.0
0.0
0.040073
0.99978
0.99978
0.001099
0.998608
0.998608
0.01663
1.0
1.0
0.016337
1.0
1.0

0.042791
0.13423
-0.080541
-0.078847
-0.147935
0.675713
0.0
0.0
0.044176
0.99978
0.99978
0.0
0.998608
0.998608
0.0
1.0
1.0
0.0
1.0
1.0

0.434951
0.112577
-0.283547
-0.154775
-0.307596
0.362635
0.079634
0.007839
-0.171348
0.743663
1.0
0.0
0.99978
0.801832
0.397875
0.693407
0.456777
0.178974
0.783223
0.589231

0.013174
0.393195
-0.175414
-0.111308
-0.073036
0.849221
0.05033
0.0
0.057795
1.0
1.0
0.026886
0.998608
1.0
0.035289
1.0
1.0
0.0
0.666887
0.666887

-0.032789
0.103613
-0.214741
0.010477
-0.175708
0.736379
0.09663
0.0
-0.209961
1.0
1.0
-0.062787
0.999194
1.0
0.089304
1.0
1.0
0.06
1.0
0.997729

0.146699
0.381051
-0.057361
-0.040064
-0.328835
0.958328
0.09663
0.0
-0.1284
1.0
1.0
0.0
1.0
0.998608
0.109963
1.0
1.0
0.147283
0.997729
0.685348

0.125805
0.195568
-0.205055
0.20988
-0.175708
0.594989
0.407839
0.285641
0.345421
0.743663
1.0
0.044643
0.998315
1.0
-0.005555
1.0
1.0
-0.230385
0.221172
0.997729

0.34968
0.09533
-0.147109
0.010477
-0.415085
0.677974
0.05033
0.0
-0.084204
1.0
0.99978
-0.024712
1.0
1.0
0.0
1.0
1.0
-0.178056
0.35304
0.319927

0.146699
-0.026585
-0.250847
-0.090658
0.015078
0.788522
0.211648
0.0
0.0
1.0
1.0
0.454432
1.0
0.659707
0.698095
1.0
0.727253
0.007839
0.35304
0.791429

0.177697
0.381558
-0.130128
-0.078847
-0.068007
1.0
0.201245
0.0
-0.23595
1.0
1.0
0.0
1.0
1.0
0.023806
1.0
1.0
0.124469
1.0
0.997729

0.34968
0.375504
0.055954
-0.27969
-0.05224
0.645738
0.231429
0.246667
-0.159334
1.0
1.0
0.0
1.0
1.0
0.081021
1.0
0.934066
0.154232
0.767106
1.0

-0.048995
0.072674
-0.083018
0.168834
0.015078
0.781465
0.117143
0.0
0.277143
1.0
1.0
0.192643
0.801832
1.0
0.245201
0.727253
1.0
0.009011
0.783223
0.4663

0.122783
-0.064438
-0.361537
-0.266505
0.029019
0.601588
0.201245
0.0
0.033333
1.0
0.743663
0.0
1.0
0.99978
0.0
1.0
0.411648
0.372088
1.0
1.0

-0.03941
-0.23568
-0.328612
-0.044155
-0.068007
0.819163
0.0
0.004908
0.020733
1.0
1.0
-0.09097
1.0
0.998608
-0.034378
0.908059
1.0
0.035971
1.0
1.0

0.362559
0.07408
-0.283547
-0.058979
-0.095802
0.987714
0.619707
0.0
-0.173386
1.0
1.0
0.0
1.0
0.998608
0.159634
1.0
0.326667
0.0
1.0
0.58293

0.139615
0.09533
-0.052888
-0.161286
0.158002
0.872593
0.042125
0.0
0.312015
1.0
0.764176
-0.024712
1.0
0.99978
0.007839
0.790843
1.0
0.009011
1.0
1.0

0.409491
0.0
-0.078486
-0.049508
-0.351722
0.723625
0.0
0.004908
0.0137
1.0
1.0
0.353919
1.0
1.0
-0.144389
0.999194
1.0
0.022483
1.0
0.791429

