open_h
Left

-0.626958
-0.38858
-0.163591
0.0
0.0
0.285786
0.0
0.0
0.475238
0.0
0.0
0.283297
0.0
0.0
1.0
1.0
1.0
1.0
1.0
1.0

-0.283083
-0.261098
-0.013577
0.0
0.0
0.260694
0.00315
0.0
0.630843
0.0
0.0
0.904981
0.0
0.0
1.0
1.0
1.0
1.0
1.0
1.0

-0.315454
-0.279294
-0.061885
0.0
0.0
0.327351
0.0
0.0
0.656923
0.0
0.0
0.715531
0.0
0.0
1.0
1.0
1.0
1.0
1.0
1.0

-0.792856
-0.720588
-0.163591
0.0
0.0
0.013715
0.0
0.090304
0.0
0.0
0.0
0.0
0.0
0.0
1.0
1.0
0.872308
0.997143
0.741319
1.0

-0.347613
-0.550634
-0.142062
0.0
0.0
0.124391
0.023956
0.0
0.13033
0.0
0.0
0.458388
0.0
0.0
0.98718
1.0
1.0
1.0
1.0
0.999487

-0.315454
-0.315046
-0.013577
0.0
0.0
0.113282
-0.175765
0.0
0.278462
0.0
0.011941
0.193919
0.0
0.0
1.0
1.0
1.0
0.998828
1.0
0.999194

-0.472494
-0.800494
-0.109895
0.253094
0.0
0.139839
-0.038878
-0.076609
0.301465
0.0
0.0
0.0
0.0
0.0
1.0
0.964615
1.0
0.998828
0.999487
1.0

-0.240905
-0.182437
0.093981
0.0
0.0
0.126918
0.0
-0.021224
0.655751
0.0
0.0
0.715531
0.0
0.0
1.0
1.0
1.0
1.0
0.999487
0.999487

-0.626958
-0.528436
0.130052
0.0
0.0
0.542442
0.0
-0.057848
0.074652
0.0
0.0
0.454139
0.0
0.0
1.0
1.0
1.0
1.0
1.0
1.0

0.450529
-0.703952
-0.357485
0.0
0.115927
0.0
0.07348
-0.076609
0.338974
0.0
0.0
0.38293
0.0
0.0
1.0
0.999487
1.0
0.731062
1.0
0.999487

-0.839609
-0.156055
-0.39131
0.178483
0.0
0.124391
0.030989
0.0
-0.013388
0.0
0.007546
0.311136
0.0
0.0
1.0
0.999194
1.0
1.0
0.765348
1.0

-0.485849
-0.403493
-0.422631
0.0
0.0
0.113282
-0.172328
-0.050545
0.692088
0.0
0.0
0.283297
0.00696
0.00696
1.0
1.0
0.946154
1.0
0.72315
1.0

-0.347613
-0.800494
0.093981
0.0
0.0
0.0
0.027766
-0.118475
0.13033
0.0
0.0
0.36315
0.0
0.0
1.0
0.964615
0.964615
0.213114
1.0
0.99978

0.194184
-0.68235
-0.115332
0.0
0.0
0.058817
-0.069428
0.090304
0.452967
0.0
0.0
0.015165
0.0
0.0
0.762125
0.999487
1.0
1.0
0.645934
1.0

0.434022
-0.183465
-0.142062
0.0
0.174337
0.142277
0.023956
0.008132
0.56403
0.0
0.0
0.311429
0.0
0.0
1.0
1.0
1.0
0.894579
0.9737
0.9737

-0.492216
-0.776883
-0.47675
0.0
0.0
0.151614
0.0
0.0
0.136777
0.0
0.0
0.715531
0.0
0.0
1.0
1.0
1.0
0.838901
0.765348
0.99978

0.238029
-0.609598
-0.356394
0.006785
0.0
0.0
-0.074152
0.0
0.475238
0.0
0.0
0.43055
0.0
0.0
0.631429
1.0
0.946154
0.731062
1.0
0.998901

-0.07416
-0.156055
-0.357485
0.253094
0.0
0.0
0.0
0.001099
0.0
0.0
0.0
0.084322
0.0
0.0
1.0
1.0
1.0
0.744835
0.998901
1.0

