open_8
Left

0.162486
-0.150785
0.0
0.114719
-0.22975
0.191318
0.062637
0.0
0.037436
0.0
0.0
1.0
0.998608
0.998608
0.302344
0.0
0.0
0.0
0.0
0.0

0.293886
-0.205101
0.0
0.23672
-0.217901
0.409276
0.0
0.0
0.215311
0.0
0.0
1.0
0.768278
0.768278
0.064982
0.0
0.0
0.0
0.0
0.0

0.084939
0.067945
0.0
0.30233
-0.206137
0.467812
0.0
0.0
0.430549
0.0
0.0
1.0
0.0937
0.0937
0.179267
0.0
0.0
0.0
0.0
0.0

-0.014745
0.080259
0.0
0.474219
-0.153653
0.267724
0.0
0.0
0.202564
0.0
0.0
0.694432
0.650476
0.0937
0.318755
0.024249
0.0
0.0
0.0
0.0

0.060034
0.138894
0.0
0.250986
0.029784
0.624066
0.0
0.024249
0.369451
0.0
0.0
0.258681
0.699121
0.46293
0.195385
0.0
0.0
0.002564
0.0
0.0

0.294105
0.071301
-0.237327
0.156539
-0.18321
0.3462
0.121538
0.0
0.338388
0.0
0.0
1.0
0.354506
0.650476
0.352161
0.0
0.0
0.0
0.0
0.0

0.070782
-0.255482
-0.002265
0.319869
-0.22975
0.41595
0.040073
0.005201
0.426007
0.0
0.0
0.742931
0.354506
1.0
0.88315
0.0
0.001392
-0.180163
0.0
0.0

0.404085
-0.051703
-0.112439
-0.19787
-0.18321
0.437848
0.062637
0.00022
0.202564
0.0
0.0
1.0
0.0937
0.46381
0.212381
0.0
0.0
0.0
0.0
0.004322

0.619986
-0.143836
0.102896
0.206818
0.040659
0.253925
0.0
0.024249
0.322271
0.0
0.0
1.0
0.590696
0.673333
0.551136
0.0
0.0
0.047106
0.0
0.0

0.293886
-0.3183
-0.112439
0.124781
-0.648178
0.624066
0.167253
0.0
0.445934
0.0
0.019267
0.710549
0.994506
0.493553
0.276996
0.0
0.0
0.015751
0.0
0.0

0.070782
-0.334515
0.0
0.576654
0.040659
0.349556
0.152015
0.0
0.89663
0.0
0.0
1.0
0.999707
0.554359
0.551136
0.0
0.05619
-0.180163
0.0
0.0

0.005108
0.179841
-0.00628
0.140495
-0.084409
0.587842
0.169011
0.0
0.103077
0.0
0.0
0.694432
0.590696
0.203004
0.96989
0.0
0.0
-0.132843
0.0
0.015751

0.017308
-0.205101
-0.420727
0.146027
-0.101065
0.460411
0.582198
0.0
0.163883
0.0
0.0
0.700733
0.999707
0.612088
0.46381
0.0
0.0
-0.132843
0.0
0.0

-0.224291
-0.330954
-0.142312
0.482611
-0.22975
0.153377
0.014872
0.0
0.208278
0.0
0.0
1.0
0.310843
1.0
1.0
0.0
0.0
0.0
0.002564
0.0

0.217383
-0.051703
0.0
0.30233
-0.326183
0.266003
0.0
0.0
0.069084
0.0
0.016923
0.833333
0.32989
0.768278
0.335018
0.0
0.0
0.0
0.026886
0.0

0.144111
-0.291755
-0.076349
0.206818
0.040659
0.255699
0.27348
0.0
0.430256
0.0
0.0
1.0
0.053553
0.310843
0.187766
0.05619
0.0
0.08696
0.0
0.0

0.042744
0.373628
-0.093376
-0.090172
-0.101065
0.516368
0.0
0.0
0.0
0.019267
0.0
0.287253
0.600659
0.245201
0.46381
0.0
0.0
0.184835
0.0
0.0

0.225745
-0.14012
-0.159587
0.146027
-0.153653
0.587842
0.167253
0.010183
0.32696
0.0
0.0
1.0
1.0
0.571355
0.96989
0.008718
0.0
0.015751
0.0
0.0

