q
Left

1.0
-0.464719
0.0
0.0
0.0
1.0
0.0
0.0
0.281978
0.094579
0.094579
1.0
0.998608
0.998608
1.0
1.0
1.0
1.0
1.0
1.0

1.0
-0.655949
0.0
0.0
0.0
1.0
0.0
0.0
0.16696
0.216484
0.216484
1.0
0.998608
0.998608
1.0
1.0
1.0
1.0
1.0
1.0

1.0
-0.690209
0.0
0.0
0.228871
0.734546
0.0
0.0
0.155238
0.067619
0.067619
1.0
0.998608
0.998608
1.0
1.0
1.0
0.802125
1.0
1.0

1.0
0.085688
0.0
0.285128
0.369062
1.0
0.118315
0.0
0.280073
0.0
0.057363
1.0
0.99978
1.0
0.242418
1.0
1.0
0.906886
1.0
1.0

1.0
0.007434
0.0
0.043746
0.196647
0.730965
0.236117
0.0
0.326227
0.041538
0.035678
0.812234
0.998608
0.998608
0.869963
1.0
1.0
0.657802
1.0
0.998901

1.0
-0.405002
0.248899
0.3354
-0.033608
1.0
0.165055
0.0
0.441538
0.067619
0.05619
0.433919
0.998315
1.0
0.926813
1.0
1.0
0.569011
1.0
1.0

1.0
-0.023805
0.0
0.000125
0.191482
1.0
0.181612
0.0
0.334579
0.001978
0.0
0.433919
1.0
0.998608
0.869963
1.0
1.0
0.531062
1.0
1.0

1.0
-0.1272
-0.04882
0.0
0.221585
1.0
0.228205
0.0
0.523297
0.094579
0.0
0.769597
0.868938
1.0
1.0
1.0
1.0
0.322271
1.0
0.998901

1.0
0.0
0.202068
0.3354
0.04547
0.918245
0.123004
0.0
0.208865
0.03304
0.059707
1.0
1.0
0.814432
0.565202
0.999194
1.0
0.205641
1.0
1.0

1.0
-0.638126
-0.04882
0.0
0.064507
0.924296
0.130916
0.0
0.793187
0.057363
0.058828
0.62967
1.0
1.0
0.305275
1.0
1.0
0.306593
1.0
1.0

1.0
-0.391057
0.159047
0.308788
0.014124
1.0
0.141172
0.0
0.232894
0.0
0.010183
0.608278
1.0
1.0
1.0
1.0
1.0
0.210476
1.0
1.0

1.0
-0.467415
0.0
0.328062
0.0
1.0
0.123004
0.0
0.389524
0.010183
0.011062
0.885494
0.99978
0.998022
1.0
0.999194
1.0
0.284469
0.999194
1.0

1.0
-0.801142
-0.04882
0.035997
0.177165
1.0
0.13326
0.0
0.0
0.05619
0.067033
0.580586
1.0
1.0
1.0
1.0
1.0
0.925348
1.0
1.0

1.0
-0.489174
0.0
0.323882
0.754588
0.74713
0.148938
0.0
0.218535
0.016923
0.0
0.724176
1.0
1.0
0.969597
1.0
1.0
0.636264
0.997729
1.0

1.0
-0.295506
0.0
-0.136203
0.196647
1.0
0.0
0.0
0.37033
0.175751
0.175751
1.0
1.0
0.998608
0.196264
1.0
1.0
0.216923
1.0
0.940293

1.0
0.097819
-0.04882
0.0
0.519176
1.0
0.297363
0.0
0.381758
0.0
0.067033
1.0
0.99978
1.0
0.084908
1.0
1.0
0.590549
1.0
1.0

1.0
0.0
-0.049613
0.043746
0.145913
1.0
0.038315
0.0
0.155238
0.0
0.023956
0.841832
0.942344
0.868938
0.869963
1.0
1.0
0.284469
1.0
1.0

1.0
-0.89702
0.0
0.070179
0.04547
1.0
0.017802
0.0
0.224103
0.067033
0.0
0.606813
0.998022
0.814432
1.0
1.0
1.0
0.834799
0.999194
1.0

