spread_open_e
Left

0.048855
0.623696
0.049029
-0.307835
-0.404808
0.356105
0.0
0.0
0.0
0.99978
0.99978
-0.139257
0.998608
0.998608
-0.049001
1.0
1.0
0.0
0.500733
0.500733

0.199207
0.514359
-0.008096
-0.218235
-0.450762
0.274139
0.0
0.0
-0.02167
0.99978
0.99978
-0.08437
0.995678
0.995678
-0.049322
1.0
1.0
0.0
0.947326
0.947326

0.207532
0.677639
0.010232
-0.30365
-0.358295
0.333638
0.0
0.0
-0.022863
0.99978
0.99978
-0.175754
0.735458
0.735458
-0.097713
1.0
1.0
0.0
0.44652
0.44652

0.298463
0.395365
-0.037299
-0.458188
-0.004194
0.626502
0.153187
0.053846
-0.038677
1.0
1.0
-0.045861
0.998315
1.0
-0.063176
0.891062
1.0
0.013993
0.306447
0.56315

0.313907
0.545997
-0.207986
0.047429
-0.474779
0.800211
0.112454
0.369451
0.015703
1.0
1.0
-0.247488
0.998608
0.962564
0.017052
1.0
1.0
0.046227
0.322271
1.0

0.288278
0.707624
-0.094578
-0.26112
-0.321515
0.586455
0.019853
0.07641
0.0
1.0
1.0
-0.194989
1.0
0.886667
0.0
1.0
1.0
0.023077
0.615897
0.626886

0.289262
0.397066
0.049029
-0.177418
-0.364471
0.608383
0.265861
0.009304
-0.078373
1.0
1.0
-0.200432
1.0
1.0
-0.164604
0.981026
1.0
0.014872
0.615897
0.413407

0.274415
0.741565
0.65545
-0.30365
-0.321515
0.712921
0.171355
0.039194
-0.127179
0.803736
1.0
-0.096496
0.918608
0.772088
-0.119836
1.0
1.0
-0.101052
0.626886
0.797289

0.437091
0.813223
-0.323324
-0.307835
-0.532831
0.288179
0.091062
0.064103
-0.346124
1.0
0.826886
-0.175754
1.0
0.765934
-0.165508
1.0
1.0
0.0
0.652821
0.965495

0.290704
0.677639
-0.152368
0.202536
-0.298521
0.265566
0.0
0.040366
0.071722
1.0
1.0
-0.045861
0.966374
1.0
-0.119976
0.712601
1.0
0.0
0.322271
0.520806

0.325531
0.708888
-0.194864
-0.313822
-0.622525
0.6369
0.040659
0.352747
0.024315
1.0
1.0
-0.08437
0.998022
1.0
-0.045199
0.715384
1.0
0.033626
0.906593
0.500733

0.433869
0.227158
0.0623
-0.411479
-0.357537
0.174423
0.257802
0.172527
0.017993
0.99978
1.0
-0.093928
0.998608
1.0
0.02044
1.0
0.641392
0.069963
0.501319
0.652821

-0.086569
0.420136
0.075338
-0.198506
-0.589722
1.0
0.072894
0.422491
-0.390017
1.0
1.0
0.0
0.762857
0.765934
-0.132557
0.999194
0.712601
0.007546
0.183956
0.775018

0.505003
0.813223
-0.207986
0.209158
-0.450762
0.823915
0.0
0.02044
0.0
1.0
1.0
-0.168957
0.998608
1.0
-0.102743
1.0
1.0
0.183956
0.70967
0.44652

0.228969
0.810701
-0.152368
0.050063
-0.507552
0.712921
0.019853
0.0
-0.02167
1.0
1.0
-0.135868
1.0
1.0
-0.158995
1.0
1.0
0.030403
0.947326
0.638755

0.274415
0.828188
-0.093621
-0.313822
-0.630488
0.891473
0.006081
0.0
-0.127179
1.0
1.0
-0.096496
0.997143
0.762857
-0.246686
0.522711
1.0
0.0
0.683297
0.639341

0.204384
0.492368
0.607991
-0.461159
-0.234315
0.566774
0.0
0.16989
-0.089616
1.0
1.0
-0.135868
0.966374
1.0
-0.025457
1.0
1.0
0.159141
0.615897
0.275971

0.298463
0.606287
-0.037299
-0.202717
-0.472839
0.219568
0.12359
0.036264
-0.089867
1.0
1.0
-0.099355
0.902491
1.0
-0.095856
0.549231
1.0
0.240513
0.729158
0.70967

