stacked_5
Left

0.259015
0.296363
0.296541
0.0
0.0
0.303786
0.0
0.0
0.069084
0.0
0.0
0.370916
0.0
0.0
1.0
0.0
0.0
1.0
0.437729
0.437729

0.038904
0.367954
0.227234
0.0
0.182309
0.385698
0.0
0.0
0.0
0.0
0.0
0.247839
0.0
0.0
1.0
0.0
0.0
0.926813
0.385861
0.385861

0.028707
0.459215
0.163641
0.39537
0.132716
0.450522
0.0
0.0
-0.07258
0.0
0.0
0.00315
0.0
0.0
0.48989
0.0
0.0
0.937363
0.136777
0.136777

0.259015
0.41598
0.287886
0.116842
0.082977
0.654724
0.895458
0.0
-0.07379
0.0
0.0
0.3463
0.0
0.0
0.428059
0.052967
0.0
0.997436
0.129157
0.545861

0.223122
0.292388
-0.147174
0.0
0.0
1.0
0.161978
0.0
0.025592
0.0
0.0
0.393187
0.0
0.0
0.517582
0.001978
0.0
0.821465
0.071429
0.000513

0.353554
0.668981
-0.105116
0.0
0.713293
0.607239
0.7463
0.0
-0.028515
0.0
0.0
0.791429
0.0
0.0
0.217656
0.013407
0.001978
0.849158
0.385861
0.38293

0.353554
0.178144
0.0
0.231915
0.0
0.903246
0.895458
0.0
0.069084
0.0
0.0
0.00315
0.0
0.0
0.047399
0.001099
0.044469
0.849158
0.446813
0.092527

0.028707
0.32136
0.50804
-0.193765
0.255404
0.385698
0.051502
0.0
0.201245
0.0
0.0
0.275971
0.0
0.0
0.177949
0.035971
0.064982
0.926813
0.143517
0.071429

0.004374
0.264643
-0.147174
0.035226
0.0
0.145828
0.119927
0.0
0.096337
0.0
0.0
0.40022
0.0
0.0
0.874359
0.152601
0.03011
1.0
0.322711
0.313773

0.28624
0.561276
0.397682
0.122383
0.00372
1.0
0.156703
0.0
-0.036817
0.0
0.0
0.331941
0.0
0.0
0.88315
0.064982
0.005788
0.651941
0.24022
0.095751

0.223122
0.211115
0.063803
0.306989
0.709069
0.607239
0.119927
0.0
-0.082117
0.0
0.0
0.521245
0.0
0.0
0.046227
0.011648
0.052967
0.926813
0.459414
0.165055

0.383338
0.228204
0.101635
0.39537
0.255404
1.0
0.0
0.0
0.057652
0.0
0.0
0.749524
0.0
0.0
0.19304
0.011941
0.004322
0.537802
0.08022
0.001392

0.678282
0.268194
0.367082
0.035226
0.713293
0.966783
0.0
0.0
0.006374
0.0
0.0
1.0
0.0
0.072308
0.515824
0.039487
0.044469
0.733993
0.071722
0.459414

0.302092
0.151846
-0.238642
0.0
0.183346
0.897086
0.0
0.0
0.13145
0.0
0.0
0.749524
0.0
0.0
0.429817
0.035971
0.011941
0.751868
0.313773
0.24022

0.772099
0.247213
0.18008
0.444386
-0.557725
0.724995
0.013993
0.028645
0.018445
0.0
0.0
0.168132
0.0
0.0
0.120513
0.035092
0.059414
1.0
0.24022
0.165055

0.296638
0.285136
-0.111317
-0.345509
0.047283
0.903758
0.234945
0.0
-0.123882
0.0
0.0
0.061172
0.0
0.0
0.217656
0.002271
0.028645
0.768865
0.03978
0.145568

0.422196
0.17581
0.078228
-0.33949
0.0
0.555585
0.895458
0.0
0.151427
0.0
0.0
0.247839
0.0
0.0
1.0
0.0
0.227766
0.43304
0.139853
0.375898

0.393362
0.487815
-0.023285
0.128178
0.709069
0.989946
0.155531
0.0
0.201245
0.0
0.0
0.3463
0.0
0.157582
0.117436
0.0
0.001099
1.0
0.747766
0.200659

