t
Left

0.360656
0.0
0.0
0.0
0.0
1.0
0.614139
0.0
1.0
0.99978
0.99978
1.0
0.998608
0.998608
1.0
1.0
1.0
1.0
1.0
1.0

0.401011
0.088391
0.0
0.0
0.0
1.0
0.361538
0.0
0.859267
0.99978
0.99978
1.0
0.998608
0.998608
1.0
1.0
1.0
1.0
1.0
1.0

0.340036
0.074915
0.0
0.0
0.0
1.0
0.390403
0.0
0.859707
0.99978
0.99978
1.0
0.998608
0.998608
1.0
1.0
1.0
1.0
1.0
1.0

0.342918
0.0
-0.071215
0.0
0.0
1.0
1.0
0.0
1.0
1.0
1.0
0.996557
0.998608
1.0
1.0
1.0
1.0
1.0
1.0
1.0

0.502355
0.471677
0.0
-0.162774
0.005849
1.0
1.0
0.0
1.0
1.0
1.0
1.0
1.0
1.0
1.0
1.0
1.0
0.816777
1.0
1.0

0.343318
-0.236384
0.0
0.0
-0.013081
1.0
0.342491
0.0
0.724029
1.0
1.0
0.778242
0.512161
1.0
1.0
1.0
1.0
0.836557
1.0
1.0

0.382081
0.0
-0.476002
0.0
0.0
1.0
0.465714
0.0
1.0
1.0
1.0
0.910696
1.0
0.99978
1.0
1.0
1.0
1.0
1.0
1.0

0.368613
0.022439
-0.191207
0.0
-0.013081
1.0
0.47641
0.0
0.724029
1.0
0.671282
1.0
1.0
1.0
1.0
1.0
0.857363
0.891648
1.0
0.999487

0.331181
0.000167
-0.546469
0.0
0.0
1.0
1.0
0.0
1.0
1.0
1.0
0.959634
1.0
1.0
1.0
0.999487
1.0
0.82381
0.999194
1.0

0.508876
0.0
0.0
0.0
0.0
1.0
0.879634
0.036264
0.43978
1.0
1.0
1.0
0.999194
0.932234
1.0
0.554652
1.0
1.0
0.998901
1.0

0.241793
0.0
-0.029437
0.0
0.0
1.0
1.0
0.0
0.859267
1.0
0.99978
1.0
0.998608
1.0
1.0
1.0
1.0
0.765934
1.0
1.0

0.368685
-0.052221
0.0
0.0
0.235948
1.0
1.0
0.0
0.653407
1.0
1.0
0.899267
1.0
1.0
1.0
1.0
1.0
1.0
1.0
1.0

0.314919
0.0
0.0
0.0
0.0
1.0
0.465714
0.0
1.0
1.0
1.0
1.0
0.512161
1.0
1.0
1.0
1.0
0.977875
1.0
1.0

0.27953
0.052514
-0.546469
0.0
0.0
1.0
0.614139
0.0
1.0
0.99978
0.99978
0.996557
1.0
0.998608
1.0
0.999487
1.0
1.0
1.0
1.0

0.560518
-0.002534
-0.061204
-0.137611
0.0
1.0
1.0
0.0
1.0
1.0
1.0
0.681832
1.0
0.717875
1.0
0.554652
0.999487
1.0
1.0
0.997729

0.684532
0.0
0.0
0.022642
0.0
1.0
0.531355
0.0
1.0
1.0
1.0
1.0
1.0
1.0
1.0
1.0
1.0
0.75685
1.0
0.998901

0.295827
-0.032027
0.0
0.0
0.0
1.0
1.0
0.0
1.0
0.718462
1.0
0.910696
1.0
0.99978
0.814579
1.0
1.0
1.0
1.0
0.999487

0.27953
0.0
0.0
0.0
0.115936
1.0
1.0
0.0
0.651941
0.99978
1.0
1.0
0.998608
0.998315
1.0
0.554652
1.0
1.0
1.0
0.99978

