x
Left

-1.010679
-0.229932
0.0
0.0
0.341746
1.0
1.0
0.0
0.389377
0.831282
0.831282
1.0
0.927986
0.927986
1.0
1.0
1.0
0.787033
1.0
1.0

-0.921858
-0.16286
0.0
0.0
0.357825
1.0
1.0
0.0
0.346886
0.948718
0.948718
1.0
0.998608
0.998608
1.0
1.0
1.0
0.749377
1.0
1.0

-0.987351
-0.138848
0.0
0.0
0.124432
1.0
1.0
0.0
0.35011
0.635238
0.635238
1.0
0.998608
0.998608
1.0
1.0
1.0
0.927399
1.0
1.0

-0.39801
-0.110671
0.0
0.0
0.099041
1.0
1.0
0.081685
0.258828
1.0
1.0
1.0
0.998315
0.94293
1.0
1.0
0.812527
0.714945
0.99978
0.811648

0.335133
-0.037877
0.0
0.0
-0.676577
1.0
1.0
0.231575
0.613846
0.951722
1.0
0.722564
0.879048
0.998608
0.559927
1.0
0.625275
0.58337
1.0
1.0

-0.049219
0.023692
-0.072674
0.0
0.600128
1.0
1.0
1.0
0.35011
1.0
0.166667
1.0
1.0
0.978462
0.892234
1.0
1.0
0.787033
1.0
1.0

0.619243
-0.398403
-0.164993
0.0
0.287421
1.0
1.0
1.0
0.121604
0.963443
1.0
0.810769
0.695898
1.0
1.0
1.0
1.0
0.927399
0.552015
1.0

-0.987351
-0.048148
-0.232447
-0.044121
0.376383
1.0
1.0
1.0
0.613846
1.0
0.898095
1.0
1.0
0.872308
0.488132
1.0
0.69326
0.88315
0.76696
1.0

0.14126
-1.200268
0.0
0.0
-0.028543
1.0
1.0
0.22381
0.274505
0.905421
1.0
0.878755
0.905714
1.0
0.616777
0.625275
1.0
0.452381
0.916557
1.0

1.0
-0.076055
-0.031787
0.0
0.341746
1.0
1.0
1.0
0.422051
0.898095
0.368278
0.890916
0.966081
0.789377
0.710843
0.812527
0.561978
0.47011
1.0
1.0

-0.23764
-0.398403
0.184607
-0.201866
0.322416
1.0
1.0
0.081685
0.597436
0.667912
0.850037
1.0
0.998608
0.577509
1.0
0.945568
0.65956
0.508352
1.0
0.645788

-0.118331
-0.304885
0.0
-0.044121
-0.276191
1.0
1.0
0.863223
0.217656
1.0
1.0
1.0
1.0
0.905714
0.488132
1.0
1.0
0.65282
1.0
1.0

0.762748
-1.091587
0.0
-0.214995
0.341746
1.0
1.0
0.248571
0.527692
0.368278
0.735165
1.0
1.0
0.981612
0.616777
1.0
0.542784
0.348059
1.0
1.0

0.327193
-0.135052
-0.025315
0.0
0.007441
1.0
1.0
0.325495
0.28359
0.4263
1.0
1.0
1.0
1.0
1.0
0.945568
1.0
1.0
1.0
1.0

-0.38014
-0.389347
0.0
-0.481448
-0.993409
1.0
1.0
0.776777
0.62718
1.0
0.166667
0.666007
0.960806
1.0
0.826886
0.65956
1.0
0.761978
0.76696
0.944689

0.701451
-0.12556
0.0
-0.328837
0.099041
1.0
1.0
0.0
0.274213
1.0
0.948718
0.970769
0.88315
1.0
1.0
0.625275
1.0
1.0
1.0
0.998901

1.0
-0.048148
-0.229784
0.0
0.200814
1.0
1.0
0.0
0.512454
0.4263
0.951722
0.71641
0.928571
0.99978
0.685641
0.586447
1.0
1.0
1.0
1.0

0.778222
-0.489543
-0.036434
0.0
0.600128
1.0
1.0
0.852088
0.143648
1.0
0.464689
1.0
1.0
0.872308
1.0
1.0
1.0
0.87348
0.997729
0.999194

