y
Left

0.129692
0.0
0.0
0.0
-0.485651
0.0
-0.055177
-0.037934
1.0
0.99978
0.99978
1.0
0.998608
0.998608
1.0
1.0
1.0
0.21033
0.0
0.0

-0.05865
0.0
0.0
0.0
-0.407102
0.0
-0.282086
-0.032249
1.0
0.99978
0.99978
1.0
0.998608
0.998608
1.0
1.0
1.0
0.234652
0.0
0.0

-0.058955
0.0
0.0
0.0
0.017505
0.0
-0.192194
-0.132133
1.0
0.725934
0.725934
1.0
0.812528
0.812528
1.0
1.0
1.0
0.952601
0.0
0.0

0.405509
0.0
0.0
0.0
-0.218781
0.0
0.0
-0.1875
1.0
1.0
1.0
1.0
1.0
1.0
1.0
1.0
1.0
0.426007
0.0
0.0

0.392176
0.0
0.0
-0.055828
-0.147272
0.09096
-0.014489
-0.154595
0.999487
1.0
1.0
1.0
1.0
0.982784
1.0
1.0
1.0
0.415165
0.0
0.0

-0.589901
0.0
0.0
-0.047311
-0.079307
0.0
0.0
-0.010377
1.0
1.0
0.971648
0.911282
0.998315
0.58337
1.0
1.0
0.964396
0.292967
0.0
0.005495

-0.589901
0.0
0.0
0.0
-0.511081
0.0
-0.004487
0.0
1.0
1.0
1.0
0.921245
1.0
1.0
1.0
0.821612
1.0
0.072015
0.059707
0.069377

0.313571
-0.001306
0.0
0.0
-0.407102
0.385705
-0.165806
-0.032249
1.0
1.0
0.687399
0.910989
0.956923
1.0
1.0
1.0
1.0
0.426007
0.0
0.029231

-0.011034
0.0
-0.264049
0.0
-0.391355
0.0
0.012697
-0.063667
1.0
1.0
1.0
1.0
0.619121
1.0
1.0
1.0
0.821612
0.563736
0.0
0.0

0.543965
0.0
0.0
0.0
-0.316975
0.0
0.018454
-0.027256
1.0
1.0
1.0
1.0
0.723443
0.978535
1.0
1.0
1.0
0.284908
0.0
0.0

0.646204
-0.000445
0.0
0.0
-1.012192
0.0
0.0
0.0
1.0
1.0
1.0
0.998242
0.880513
0.982784
1.0
1.0
1.0
0.41956
0.038608
0.0

-0.589901
0.0
0.0
0.0
-0.391355
0.0
0.002186
0.028938
1.0
1.0
1.0
1.0
1.0
0.826154
1.0
1.0
1.0
0.292088
0.0
0.001978

0.539613
0.0
0.0
0.0
-0.284295
0.0
-0.014489
-0.057088
1.0
1.0
0.797875
1.0
1.0
1.0
0.938461
1.0
0.964908
0.181612
0.0
0.038901

0.943002
0.0
0.0
-0.047311
-0.788496
0.0
-0.077343
-0.1875
1.0
1.0
1.0
1.0
0.523004
0.523004
1.0
0.560513
1.0
0.493407
0.069377
0.0

0.444502
0.0
0.0
0.0
-0.316975
0.385705
-0.230676
-0.078977
1.0
1.0
1.0
1.0
0.99978
0.723443
0.940879
0.709963
1.0
0.347766
0.0
0.0

1.0
0.0
0.0
0.0
-0.296691
0.0
-0.363636
-0.17662
1.0
1.0
1.0
1.0
0.723443
1.0
0.998608
1.0
1.0
0.415165
0.038901
0.0

0.649028
0.0
0.0
0.0
-0.550878
0.16919
-0.040159
-0.154595
1.0
1.0
1.0
1.0
1.0
1.0
1.0
1.0
1.0
0.364176
0.0
0.038901

-0.05865
0.0
0.0
0.0
-0.313741
0.0
-0.017636
0.054127
1.0
1.0
1.0
0.99978
0.998315
0.998315
1.0
1.0
0.69033
0.507179
0.027473
0.093114

