1
Left

0.672958
0.382395
0.0
0.0
0.030486
1.0
1.0
0.062051
0.135311
0.0
0.0
1.0
0.998022
0.998022
1.0
0.999194
0.999194
0.986447
1.0
1.0

0.690655
0.109271
0.0
0.0
0.0
1.0
1.0
0.002564
0.452967
0.0
0.0
1.0
0.998022
0.998022
1.0
0.999194
0.999194
1.0
1.0
1.0

0.660414
0.172607
0.0
0.0
0.0
1.0
0.981246
0.0
0.321392
0.0
0.0
1.0
0.998022
0.998022
1.0
0.999194
0.999194
1.0
1.0
1.0

0.664039
0.555126
0.0
0.0
0.0
1.0
0.872308
0.384103
0.328425
0.0
0.0
1.0
1.0
0.998315
1.0
1.0
1.0
0.25282
0.994213
1.0

0.473106
0.127036
0.080045
0.0
0.078732
1.0
0.622344
0.732527
0.078169
0.0
0.0
0.757143
1.0
0.998608
1.0
1.0
1.0
0.382051
0.99978
1.0

0.448027
-0.006638
0.068233
0.0
0.062691
1.0
0.967692
1.0
0.0
0.0
0.0
1.0
1.0
1.0
0.828059
0.998315
0.999487
0.564909
0.999487
1.0

0.862621
-0.072412
0.0
0.0
0.14053
1.0
0.896044
0.646374
0.238809
0.0
0.0
1.0
1.0
1.0
1.0
1.0
1.0
0.594506
0.999194
1.0

0.874132
0.278826
0.0
0.0
0.0
1.0
0.616337
0.758608
0.043004
0.0
0.0
0.757143
1.0
1.0
0.786154
1.0
1.0
0.99978
1.0
1.0

0.859478
0.758485
0.0
0.0
0.418613
1.0
0.848278
1.0
0.04574
0.0
0.004908
0.734872
1.0
0.998315
1.0
1.0
1.0
1.0
0.999487
1.0

0.706955
0.695499
0.0
0.0
0.305705
1.0
0.981246
0.004615
0.190989
0.0
0.0
0.628205
1.0
0.998022
0.961392
1.0
1.0
0.584542
1.0
0.99978

0.685528
0.04461
0.0
0.000183
0.09723
1.0
1.0
0.387766
0.225568
0.0
0.0
1.0
1.0
0.998608
0.988718
1.0
1.0
1.0
1.0
1.0

0.874132
-0.044731
0.080045
0.0
0.127026
1.0
0.880513
0.732527
0.220842
0.0
0.0
1.0
1.0
1.0
0.932967
1.0
1.0
0.299707
1.0
1.0

0.700065
-0.231634
0.0
0.0
0.101081
1.0
0.848278
0.199487
0.151136
0.0
0.0
1.0
0.998022
1.0
0.798608
1.0
1.0
0.874505
0.999194
0.998901

1.0
-0.3028
0.0
0.0
0.27842
1.0
1.0
1.0
0.218828
0.0
0.0
1.0
1.0
1.0
0.828059
1.0
1.0
0.99978
1.0
0.995092

0.949689
-0.117593
0.0
0.0
0.09723
1.0
0.406081
0.620733
0.162968
0.0
0.0
1.0
1.0
0.907619
1.0
1.0
1.0
0.25282
1.0
0.998315

0.473106
0.758485
0.080045
0.03855
0.254041
1.0
0.884176
0.384103
0.413993
0.0
0.0
0.628205
1.0
1.0
1.0
1.0
1.0
1.0
1.0
0.997729

0.658971
0.361369
0.0
0.0
0.260063
1.0
1.0
1.0
0.168718
0.0
0.0
1.0
1.0
1.0
0.961392
1.0
1.0
0.910549
1.0
1.0

0.781598
-0.086996
0.013084
0.084801
0.181709
1.0
1.0
1.0
0.266593
0.0
0.0
1.0
1.0
1.0
1.0
1.0
1.0
0.678169
1.0
1.0

