7
Left

1.0
-0.0363
0.211927
0.158994
0.15646
1.0
1.0
0.021905
0.008425
0.0
0.0
0.104542
0.0
0.0
0.568864
0.491062
0.491062
0.032747
0.013114
0.013114

0.958658
-0.024866
0.276905
0.074649
0.256897
1.0
1.0
0.004029
0.0
0.0
0.0
0.119634
0.0
0.0
0.850623
0.734139
0.734139
0.006667
0.006374
0.006374

1.0
-0.072272
0.207366
0.092152
0.375138
1.0
1.0
0.0
0.011648
0.0
0.0
0.242271
0.0
0.0
0.902784
0.765934
0.765934
0.0
0.026886
0.026886

0.811665
0.709868
0.211927
-0.241672
-0.201482
1.0
1.0
0.0
-0.219245
0.0
0.0
0.025178
0.0
0.0
0.387912
1.0
1.0
0.048864
0.024835
0.023956

0.663396
0.570416
0.177412
0.180196
-0.252382
1.0
0.222637
0.0
-0.124193
0.0
0.0
-0.062344
0.0
0.0
0.176044
0.999487
0.839487
0.0
0.0
0.0

0.69382
0.647407
0.009941
0.0
-0.338549
1.0
0.306593
0.278608
-0.143848
0.0
0.0
0.025421
0.0
0.001978
0.777949
1.0
1.0
0.0
0.0
0.0

0.42545
0.324334
-0.577612
0.116601
-0.40591
1.0
0.207692
0.0
-0.125336
0.0
0.0
-0.126522
0.0
0.0
0.273919
0.267619
1.0
0.0
0.0
0.0

0.664543
0.275326
0.177412
0.389548
0.114561
1.0
0.636703
0.903663
0.0
0.0
0.0
0.319927
0.0
0.0
1.0
0.999487
1.0
0.0
0.0
0.0

0.817429
1.450493
0.091773
0.126219
0.553186
1.0
1.0
0.0
-0.06449
0.0
0.0
0.127106
0.0
0.0
0.270403
1.0
1.0
0.0
0.035092
0.0

0.73923
0.152371
-0.191016
-0.241672
0.256897
1.0
1.0
0.079048
0.0
0.0
0.0
-0.0199
0.0
0.0
0.357143
1.0
0.688571
0.000806
0.0
0.0

0.610058
-0.072272
0.202972
-0.159044
-0.226625
1.0
1.0
1.0
-0.035313
0.0
0.0
0.000806
0.0
0.0
0.590696
1.0
1.0
0.0
0.0
0.0

1.0
0.295048
0.054769
-0.157648
0.103329
1.0
0.287106
0.0
-0.086293
0.0
0.0
0.0
0.0
0.0
0.337216
0.899853
0.999487
0.002271
0.002857
0.0

0.340171
0.260408
0.054769
0.090481
-0.058599
1.0
1.0
0.018681
0.0
0.0
0.0
0.119634
0.0
0.0
0.183663
1.0
0.999487
0.0
0.0
0.0

0.785017
0.379328
0.236512
-0.085199
0.060257
1.0
0.210476
0.200073
0.0
0.0
0.0
0.0
0.0
0.0
0.590696
1.0
1.0
0.002564
0.0
0.0

0.905174
0.727883
0.129418
0.213856
-0.023532
1.0
1.0
0.0
0.008425
0.0
0.0
0.0
0.0
0.0
0.902784
1.0
0.899853
0.048571
0.0
0.0

0.949288
-0.0363
-0.026816
-0.107209
0.553186
1.0
1.0
0.0
0.035092
0.0
0.0
0.057949
0.0
0.0
0.356557
1.0
1.0
0.0
0.024542
0.0

0.913242
0.25898
0.058696
0.227292
-0.042696
1.0
0.287106
0.083443
-0.013245
0.0
0.0
0.021612
0.0
0.0
0.850623
1.0
0.884908
0.008132
0.0
0.0

-0.007088
0.267878
-0.645691
0.185715
-0.273335
1.0
1.0
0.310843
0.011648
0.003736
0.0
0.033333
0.0
0.0
0.139414
1.0
1.0
0.001392
0.0
0.0

