c
Left

0.871187
-0.098344
-0.184537
0.104384
-0.031115
1.0
1.0
0.158022
0.182198
0.375604
0.375604
0.307912
0.361392
0.361392
0.173993
0.440952
0.440952
0.120659
0.368865
0.368865

0.584072
-0.651182
-0.668857
-0.514029
-0.484316
1.0
1.0
0.183516
0.381172
0.328865
0.328865
0.452381
0.354359
0.354359
0.11824
0.697949
0.697949
0.032658
0.774432
0.774432

0.558363
-0.739654
-0.718196
-0.738577
-0.755313
1.0
1.0
0.073773
0.283883
0.401685
0.401685
0.593626
0.416923
0.416923
0.225291
0.652234
0.652234
0.039934
0.891355
0.891355

0.850804
-0.651182
0.081882
-0.399819
0.735381
1.0
0.364762
0.0
0.381172
0.97956
0.577949
0.284762
0.49663
0.492821
0.0
0.574872
0.532967
0.216191
0.057656
0.038022

0.961302
0.047427
-0.500842
0.453524
-0.195552
1.0
0.508352
0.367106
0.055604
0.445348
0.180733
0.148205
0.712454
0.646227
0.0
0.947692
0.692967
0.067326
0.394066
0.585714

0.755943
-0.252581
-0.304897
-0.408925
-0.414709
0.558561
0.032747
0.07641
0.435385
1.0
0.470256
0.009597
0.548645
0.321978
0.238099
0.603297
0.426447
0.021612
0.62674
0.294725

1.0
0.045838
-0.388062
-0.535564
-0.565244
1.0
0.01956
0.060293
0.018095
1.0
1.0
0.054432
0.646227
0.407253
0.028352
0.313773
1.0
0.022784
0.035092
0.369158

0.880301
0.21499
-0.721856
-0.107728
-0.195552
0.558561
1.0
0.552308
-0.01763
0.765348
0.586007
0.374139
0.41663
0.580733
0.0
0.505568
0.40989
0.0
0.707033
0.078169

0.785255
-0.641118
-0.770851
0.403362
-0.366449
1.0
0.741612
0.0
0.091355
0.070549
0.328865
0.008132
0.566813
0.649597
0.353187
0.518901
0.406081
0.123883
0.76696
0.0

0.885405
-0.563034
-0.721856
-0.571185
-0.158974
1.0
0.312747
0.0
0.058242
0.487546
0.962271
0.593626
0.56022
0.38381
0.173993
0.228498
0.053846
0.083736
0.597143
0.774432

0.880301
-0.142962
-0.682253
-0.738577
-0.344171
0.30396
0.356117
0.075531
0.0
0.765348
0.751868
0.009597
0.548645
0.523004
-0.050813
0.714652
0.999597
0.162125
0.001978
0.383223

0.889511
-0.171791
-0.304897
-0.319065
0.242683
1.0
0.322564
0.0
0.17116
1.0
0.328865
0.059707
0.580733
0.321978
-0.05909
0.722857
0.313773
0.022784
0.301758
0.188645

0.839965
-0.171791
-0.500842
-0.305866
-0.344171
1.0
0.045348
0.11685
0.097216
0.959341
0.462344
0.024249
0.992381
0.558755
0.025128
0.500147
0.127985
0.013993
0.027179
0.038608

0.821275
-0.252581
0.47061
0.453524
-0.031115
1.0
0.032747
0.0
0.162564
0.180733
0.751868
-0.184992
0.427473
0.646227
0.0
0.012821
1.0
0.069377
0.201245
0.065275

0.889511
-0.23722
0.347916
-0.450092
0.059171
0.938923
0.117436
0.068791
0.028059
0.97956
1.0
0.295604
0.35641
0.627912
0.11824
1.0
0.414286
0.162125
0.76696
0.51978

0.871187
-0.142962
-0.67421
0.175376
-0.104441
1.0
0.0
0.0
0.055604
0.105421
0.407546
0.113053
0.712454
0.261319
0.0
0.999597
0.414286
0.071136
0.035092
0.0

0.80007
-0.679032
-0.558415
-0.516746
-0.314873
0.559078
0.508352
0.159341
0.0
0.656923
0.751868
0.06381
0.26381
0.646227
0.024249
0.0
0.550256
0.022198
0.067912
0.026886

0.938454
-0.171791
-0.739866
-0.572947
-0.147923
0.980959
0.117436
0.0
0.17116
0.5463
1.0
0.0
0.35641
0.532088
0.142637
0.0
0.298242
0.076703
0.891355
0.369158

