closed_b
Left

0.286433
0.09514
0.115069
0.139123
0.281232
1.0
1.0
0.047399
0.0
0.0
0.0
0.0
0.0
0.0
0.018388
0.0
0.0
0.015458
0.0137
0.0137

0.234355
0.171428
0.140685
0.163176
0.261717
1.0
1.0
0.018388
0.0
0.0
0.0
0.0
0.0
0.0
0.038022
0.0
0.0
0.023663
0.010183
0.010183

0.101473
0.172277
0.087483
0.156012
0.240193
1.0
1.0
0.067326
0.0
0.0
0.0
0.0
0.0
0.0
0.010769
0.0
0.0
0.006667
0.004322
0.004322

0.286433
-0.021329
0.16556
-0.027358
0.261717
1.0
1.0
0.006667
0.0
0.0
0.0
0.003443
0.0
0.0
0.0
0.0
0.0
0.015458
0.0
0.0

1.0
0.409845
-0.00785
0.139123
0.297608
1.0
1.0
0.0
0.0
0.0
0.0
0.0
0.0
0.0
0.032454
0.0
0.0
0.021612
0.0
0.0

-0.039043
0.077405
0.050388
0.295982
0.222389
1.0
0.80022
0.0
0.0
0.0
0.0
0.04652
0.0
0.0
0.0
0.0
0.0
0.023663
0.0
0.009304

0.099591
0.420766
-0.014402
0.060926
0.222389
1.0
1.0
0.379414
0.12562
0.0
0.0
0.0
0.0
0.0
0.007546
0.0
0.0
0.0
0.0
0.0

0.554619
-0.159081
0.029838
0.163176
0.253774
1.0
0.974579
0.115678
0.0
0.0
0.0
0.0
0.0
0.0
0.0
0.0
0.0
0.0
0.0
0.0

0.234355
-0.102488
0.276618
0.160213
0.19977
1.0
1.0
0.006667
0.0
0.0
0.0
0.0
0.0
0.0
0.018388
0.0
0.0
0.0
0.0
0.0

0.432918
-0.123034
-0.05866
0.198422
0.152788
1.0
1.0
0.161685
0.0
0.0
0.0
0.0
0.0
0.0
0.0
0.0
0.0
0.0
0.0
0.0

1.0
-0.188472
0.025907
0.295982
0.195435
1.0
1.0
0.112308
0.089597
0.0
0.0
0.0
0.0
0.0
0.0
0.0
0.0
0.0
0.0
0.0

0.592052
-0.088334
-0.014402
0.323785
0.354146
1.0
0.815458
0.0
0.051795
0.0
0.0
0.0
0.0
0.0
0.007546
0.0
0.0
0.0
0.0
0.0

0.101473
0.409845
0.217054
0.18938
0.123648
1.0
1.0
0.0
0.018974
0.0
0.0
0.0
0.0
0.0
0.0
0.0
0.0
0.0
0.0
0.0

0.252059
-0.845957
0.040445
0.171645
0.195435
1.0
1.0
0.018681
0.0
0.0
0.0
0.0
0.0
0.0
0.0
0.0
0.0
0.0
0.0
0.0

-0.039043
-0.046626
0.279226
0.295982
0.497931
1.0
1.0
0.000513
0.024542
0.0
0.0
0.065861
0.0
0.0
0.0
0.0
0.0
0.039194
0.0
0.009304

0.010804
-0.845957
-0.002423
0.456222
0.201399
1.0
1.0
0.115678
0.031575
0.0
0.0
0.0
0.0
0.0
0.0
0.0
0.0
0.0
0.0
0.0

0.173721
-0.128321
0.096447
0.121138
0.321141
1.0
1.0
0.192161
0.0
0.0
0.0
0.022784
0.0
0.0
0.0
0.0
0.0
0.015751
0.0
0.0

0.101473
0.381383
-0.026798
0.215715
0.261717
1.0
1.0
0.117143
0.0
0.0
0.0
0.080513
0.0
0.0
0.0
0.0
0.0
0.0
0.0
0.0

