closed_e
Left

1.0
0.0
0.0
0.0
-0.050998
1.0
1.0
0.999487
1.0
1.0
1.0
1.0
0.998022
0.998022
1.0
1.0
1.0
0.681978
1.0
1.0

1.0
0.0
0.0
0.0
-0.186039
1.0
1.0
1.0
1.0
1.0
1.0
1.0
0.998022
0.998022
1.0
0.999194
0.999194
0.675092
1.0
1.0

1.0
0.0
0.0
0.0
-0.080963
1.0
1.0
0.998828
1.0
1.0
1.0
1.0
0.998022
0.998022
1.0
0.999194
0.999194
0.697949
1.0
1.0

0.893812
0.0
0.015075
0.221209
-0.056848
1.0
1.0
0.138681
1.0
1.0
1.0
1.0
1.0
1.0
0.58044
1.0
1.0
0.18718
0.999194
1.0

0.566823
-0.333119
-0.392391
0.249784
-0.186039
1.0
1.0
1.0
1.0
1.0
1.0
0.688278
0.998022
1.0
0.495165
1.0
1.0
0.298242
1.0
1.0

0.285192
-0.106242
0.0
0.157114
0.149839
1.0
1.0
0.154066
1.0
1.0
1.0
1.0
1.0
1.0
1.0
1.0
1.0
0.172234
1.0
1.0

0.971012
-0.024768
0.033956
0.044567
0.454621
1.0
1.0
1.0
0.828938
1.0
1.0
0.612088
1.0
0.998608
0.384542
1.0
1.0
0.487546
0.947473
1.0

1.0
0.0
-0.125247
-0.049366
0.181082
1.0
1.0
0.232015
0.826447
1.0
1.0
0.532235
0.998608
1.0
0.14293
1.0
1.0
0.30044
1.0
1.0

0.970556
-0.020451
-0.051286
0.0
0.154389
1.0
1.0
0.047106
1.0
1.0
1.0
0.732821
1.0
1.0
0.127692
1.0
1.0
0.242857
1.0
1.0

1.0
-0.358235
-0.354166
0.423191
-0.145354
1.0
1.0
0.913333
1.0
0.99978
1.0
0.24315
1.0
1.0
1.0
1.0
1.0
0.452527
0.947473
0.818388

0.702532
0.0
0.0
-0.383713
0.111144
1.0
1.0
1.0
1.0
1.0
1.0
0.487546
1.0
1.0
0.417216
1.0
1.0
0.132674
1.0
1.0

0.640146
0.0
0.0
0.001281
0.031306
1.0
1.0
0.191575
0.529158
1.0
1.0
0.522125
1.0
0.998022
0.731941
1.0
1.0
0.400073
1.0
1.0

1.0
-0.020451
-0.169073
0.18731
-0.080963
1.0
1.0
0.979267
1.0
1.0
1.0
0.688278
1.0
0.998022
0.288864
1.0
1.0
0.221758
1.0
0.99978

0.277461
0.045837
-0.349034
0.665237
0.163006
1.0
1.0
0.331795
0.601245
1.0
1.0
0.40696
1.0
1.0
0.40359
1.0
1.0
0.203883
1.0
1.0

0.918386
-0.355979
0.022781
-0.292705
-0.070743
1.0
1.0
1.0
0.86293
1.0
1.0
0.47685
1.0
1.0
0.384542
1.0
1.0
0.487546
1.0
0.999487

0.549908
0.032617
0.930917
0.207263
0.154389
1.0
1.0
0.331795
1.0
1.0
1.0
0.951136
0.998608
1.0
1.0
1.0
1.0
0.30044
1.0
1.0

1.0
-0.035785
0.0
0.29928
0.179662
1.0
1.0
0.0
0.851795
1.0
1.0
0.668352
1.0
1.0
0.40359
0.953626
1.0
0.206374
1.0
0.830403

0.689931
-0.143908
0.0
0.064272
0.282686
1.0
1.0
1.0
0.838315
1.0
1.0
0.594506
1.0
1.0
0.275971
1.0
1.0
0.219854
0.865568
1.0

