curved_h
Left

0.487186
0.994988
-0.078468
0.0
0.227679
1.0
1.0
0.152308
0.185924
0.910403
0.910403
0.0
0.905714
0.905714
1.0
0.834212
0.834212
0.626447
0.46
0.46

0.461544
0.859933
-0.242478
2e-06
0.035157
1.0
1.0
0.035385
0.475824
0.690916
0.690916
0.213846
0.603004
0.603004
0.99978
0.987912
0.987912
0.872454
0.758608
0.758608

0.489719
0.980369
-0.310495
0.003415
-0.015963
1.0
1.0
0.055311
0.330769
0.759194
0.759194
0.0
0.964762
0.964762
0.86381
0.999194
0.999194
0.815311
0.85326
0.85326

1.0
-0.418856
0.334847
0.0
0.0
1.0
1.0
0.040952
0.12103
0.229963
1.0
0.666593
0.263663
0.748938
1.0
1.0
1.0
0.61033
0.85326
1.0

0.783852
-0.527109
-0.061932
0.0
0.0
1.0
1.0
0.20359
-0.046001
0.163004
1.0
0.190989
0.412528
0.198022
0.823516
0.834212
0.999487
0.47685
1.0
1.0

0.445809
0.980369
-0.196535
0.081789
0.0
1.0
0.850916
0.139414
0.275385
1.0
0.712454
0.135897
0.547326
0.294139
0.711868
1.0
1.0
0.628498
1.0
0.85326

0.455856
0.203766
-0.448833
0.003415
0.0
1.0
1.0
0.124176
0.068205
0.480659
0.712454
0.159634
0.022491
0.964762
1.0
0.999487
1.0
0.797875
1.0
0.997729

-0.101109
0.007644
-0.403407
0.0
0.0
1.0
1.0
0.751282
0.134139
0.686813
0.663077
0.405201
0.152454
0.035092
1.0
1.0
1.0
0.961758
0.46
1.0

0.390316
-0.36571
-0.686331
0.0
0.28515
1.0
1.0
1.0
0.227912
0.096337
0.067033
0.529744
0.937656
0.457656
0.840659
1.0
1.0
1.0
1.0
0.999194

0.845116
-0.229859
-0.396677
0.013861
0.297005
1.0
0.454432
0.399341
0.087253
0.628059
0.19978
0.184249
0.263663
0.905714
0.918315
0.999487
1.0
1.0
1.0
0.997729

0.346349
-0.163741
-0.39946
0.085694
0.0
1.0
1.0
0.12359
0.390843
0.404615
1.0
0.215819
0.748938
0.199341
1.0
1.0
1.0
0.624982
1.0
1.0

-0.101109
-0.637703
-0.448833
0.167949
0.277459
1.0
1.0
0.48022
0.134139
0.332528
0.690916
0.498095
0.154066
0.748938
0.534725
1.0
1.0
0.668205
1.0
0.998901

0.845951
-0.198362
0.038021
0.0
0.64004
1.0
0.558608
0.157436
0.041538
0.238462
0.096337
0.452674
0.285934
0.843297
1.0
1.0
0.987912
1.0
1.0
1.0

0.74964
0.0
-0.409018
0.0594
0.614076
1.0
1.0
1.0
0.05033
0.855311
0.166081
0.544982
0.42718
0.750989
0.99978
1.0
0.834212
0.532674
0.99978
1.0

0.593629
0.007644
-0.177814
0.0
0.547714
1.0
1.0
0.751282
0.112747
0.112308
0.105568
0.190989
0.298388
0.069963
0.990037
1.0
1.0
1.0
0.85326
0.46

0.872483
-0.204752
-0.306245
0.0
0.238689
1.0
1.0
0.055311
0.146593
0.19978
1.0
0.150989
0.603004
0.298388
0.74381
1.0
1.0
0.637582
1.0
1.0

0.886651
-0.186111
-0.078468
0.086921
0.697174
1.0
0.786447
0.152308
0.182555
1.0
0.930916
0.051795
0.724322
0.596117
0.693553
1.0
1.0
1.0
1.0
1.0

0.862874
-0.021104
-0.196535
0.0
0.0
1.0
0.59978
1.0
0.051795
0.99011
0.480659
0.0
0.750989
0.423956
0.56696
1.0
1.0
0.507179
1.0
0.758608

