curved_4
Left

0.341608
0.261144
-0.068014
-0.144406
-0.216315
1.0
1.0
1.0
-0.087014
1.0
1.0
-0.030734
0.87641
0.87641
-0.185061
0.999194
0.999194
0.010769
0.325934
0.325934

0.367572
0.426615
-0.034049
-0.137525
-0.277926
1.0
1.0
0.8937
0.053855
1.0
1.0
-0.042215
0.998022
0.998022
-0.260849
0.999194
0.999194
0.0
0.417802
0.417802

0.281987
0.467665
-0.201253
-0.63716
-0.714029
1.0
1.0
0.966667
0.206361
1.0
1.0
-0.017629
0.943663
0.943663
-0.158454
0.999194
0.999194
-0.023856
0.636117
0.636117

0.315178
0.158371
0.009435
0.155303
-0.073403
1.0
1.0
1.0
-0.124362
1.0
0.717289
-0.158042
0.944396
0.78381
-0.10626
0.135751
1.0
0.0
0.0
0.618828

0.598125
0.219291
0.009065
-0.408226
0.146596
1.0
1.0
0.325202
0.136777
0.720806
1.0
0.051209
0.35011
1.0
0.083443
0.312454
0.6537
0.0
0.38381
0.03011

0.583749
0.231682
-0.19866
0.030161
-0.216315
1.0
1.0
0.360366
0.135897
1.0
1.0
0.00137
0.06967
0.411062
0.0
0.498388
0.295018
0.122711
0.305568
0.173407

0.704502
0.307926
0.268154
-0.241185
-0.167893
1.0
1.0
0.554945
0.191575
1.0
0.99978
-0.212351
0.391136
0.618828
0.130632
0.744835
0.999194
0.132088
0.699414
0.235531

0.63631
0.200214
-0.104908
-0.053147
-0.403551
1.0
1.0
1.0
0.135897
0.99978
1.0
-0.265545
0.630549
0.78381
0.078623
0.316996
0.316996
0.050037
0.059121
0.369158

0.55465
0.297021
-0.093224
-0.05548
-0.246179
1.0
1.0
0.738095
-0.115271
1.0
0.760952
0.0
0.998315
0.391136
0.181172
0.498388
0.233187
0.0
0.38381
1.0

0.583749
-0.001398
-0.034049
-0.343048
-0.274136
1.0
1.0
0.648718
-0.129286
1.0
1.0
-0.192353
0.800806
0.99978
0.290037
1.0
0.233187
0.026593
0.738535
0.038315

0.740957
0.440579
0.009435
0.038058
-0.403551
1.0
1.0
1.0
0.050037
1.0
1.0
-0.140297
0.376484
0.651502
-0.214385
1.0
1.0
0.010769
0.199341
1.0

-0.453103
0.259175
0.277811
-0.287087
-0.367805
1.0
1.0
0.554945
-0.183264
1.0
0.717289
-0.188798
0.90044
0.999414
-0.100068
1.0
0.663077
0.054677
0.325934
1.0

-0.767045
0.064158
-0.262262
-0.02225
-0.304737
1.0
1.0
1.0
0.050037
1.0
0.99978
0.007546
0.876264
0.06967
-0.170145
0.911575
0.999194
0.066154
0.166374
0.325934

0.640074
0.411447
-0.237493
-0.33679
-0.214923
1.0
1.0
0.377363
0.017249
0.472601
0.45707
-0.107178
0.879048
0.557582
-0.055383
1.0
0.765934
0.089597
0.064982
0.738535

0.756038
1.062632
-0.19866
-0.16258
-0.255089
1.0
1.0
1.0
-0.039079
1.0
1.0
0.024249
0.90044
1.0
-0.262226
0.772967
1.0
0.053553
0.199341
0.722857

0.627775
-0.245182
-0.208644
-0.098738
-0.39902
1.0
1.0
1.0
-0.10647
1.0
0.976337
-0.212351
1.0
0.99978
0.083443
0.384689
1.0
0.040366
0.0
0.417802

0.367572
0.297021
-0.131151
-0.36033
-0.216315
1.0
0.983956
0.0
-0.055771
0.499267
1.0
-0.017629
0.644322
0.840073
0.0
1.0
1.0
0.029524
0.38381
0.007253

-0.453103
0.231682
0.005836
0.073647
-0.034049
1.0
1.0
1.0
-0.087751
1.0
0.75978
0.330769
1.0
0.876264
0.480513
1.0
0.314359
0.22674
0.163443
0.0

