curved_l
Left

0.053142
0.195641
-0.440165
0.0
0.126832
0.0
-0.063949
-0.043965
0.0
0.99978
0.99978
0.710842
0.998022
0.998022
1.0
0.602711
0.602711
0.925055
1.0
1.0

0.022055
0.192528
-0.300347
0.0
0.296437
0.0
-0.144773
-0.099531
0.0
0.448718
0.448718
0.774579
0.818681
0.818681
1.0
0.350989
0.350989
0.729158
0.230549
0.230549

0.33669
0.3814
0.0
0.0
0.0
0.0
-0.120703
-0.082984
0.028352
0.346886
0.346886
1.0
0.998022
0.998022
1.0
0.76652
0.76652
1.0
1.0
1.0

-0.082054
-0.053196
-0.000197
0.002333
-0.009854
0.443732
-0.018238
-0.084842
0.172234
0.054432
0.564322
0.933846
1.0
0.960293
1.0
1.0
0.965201
0.99978
0.997729
1.0

1.0
0.074466
0.0
0.0
0.0
0.0
-0.053804
0.0
0.282418
0.058535
0.175458
1.0
0.998315
1.0
1.0
1.0
1.0
1.0
1.0
0.824835

0.3428
0.350685
-0.464309
0.004411
0.0
0.004044
0.0
-0.119037
0.336923
0.23641
0.119487
1.0
1.0
1.0
1.0
0.567546
1.0
1.0
1.0
1.0

0.714649
0.350685
0.05652
0.0
0.0
0.0
-0.25611
0.0
0.765641
1.0
0.358901
1.0
0.998608
1.0
1.0
1.0
1.0
1.0
1.0
0.804176

0.916149
0.022419
-0.464309
0.020589
0.0
0.0
-0.314486
-0.138256
0.337216
0.077582
0.670696
0.933846
0.948791
1.0
1.0
1.0
0.567546
1.0
1.0
0.999194

1.0
0.195641
0.0
0.0
-0.03829
0.443732
-0.018238
-0.088963
0.198022
0.169304
0.99978
1.0
0.999194
1.0
1.0
1.0
1.0
0.900879
1.0
1.0

0.614999
0.009066
-0.300347
0.0
0.126832
0.0
-0.025271
-0.104244
0.082857
0.504249
0.367985
1.0
0.998022
1.0
0.771648
1.0
0.956703
1.0
0.230549
0.999194

0.872608
-0.356715
0.0
0.0
0.0
0.078226
-0.151628
0.0
0.337802
0.315971
0.715238
1.0
0.998315
1.0
1.0
1.0
1.0
1.0
0.824103
0.761978

0.438491
0.076349
0.0
0.0
0.0
0.103786
-0.1294
0.041538
0.442418
0.630843
0.287399
1.0
1.0
1.0
1.0
1.0
1.0
0.751722
0.99978
0.999194

0.534291
0.041931
-0.028198
0.0
0.0
0.0
0.033919
-0.017374
0.0
0.075238
0.054725
0.78
1.0
0.998315
1.0
0.956703
1.0
0.649304
1.0
1.0

0.785093
-0.053196
0.0
0.0
-0.384871
0.0
-0.01518
-0.026174
0.153187
0.054725
0.504249
1.0
1.0
1.0
1.0
0.49956
1.0
1.0
0.999194
0.998901

1.0
0.25884
0.0
-0.187795
0.0
0.0
0.0
0.0
0.355971
0.28652
0.653407
1.0
1.0
0.998608
0.792161
1.0
1.0
1.0
0.997729
0.804176

1.0
0.086788
-0.028198
0.0
-4.6e-05
0.0
-0.004254
-0.029867
0.336923
0.016923
0.347473
1.0
1.0
1.0
1.0
1.0
1.0
0.966667
0.986007
1.0

0.566835
0.049203
0.0
0.0
0.0
0.0
0.0
-0.176075
0.275678
0.399048
0.399048
1.0
0.998608
0.938095
1.0
1.0
1.0
1.0
0.998901
0.824103

0.87741
0.3814
0.0
0.0
0.0
0.0
-0.09379
0.011117
0.316117
0.315971
0.539853
0.600952
0.998608
1.0
0.723883
1.0
1.0
1.0
1.0
1.0

