curved_5
Left

0.978116
0.513076
-0.170934
-0.322598
-0.806103
0.761968
0.279194
0.0
0.052674
0.278901
0.278901
0.0
0.425128
0.425128
0.0
0.763297
0.763297
0.040366
0.394359
0.394359

0.870063
0.26186
-0.091174
-0.33814
-0.538448
1.0
1.0
0.273333
0.0
0.584689
0.584689
0.0
0.681538
0.681538
0.0
0.964762
0.964762
0.007839
0.668791
0.668791

1.0
0.195666
-0.249377
-0.389369
-0.618014
1.0
1.0
0.968571
0.0
1.0
1.0
-0.00765
0.985421
0.985421
0.0
0.999194
0.999194
0.000513
0.866007
0.866007

0.978116
0.252021
0.121191
-0.389369
-0.600646
0.845186
1.0
0.245055
-0.00102
0.258681
0.60315
0.159927
0.88989
0.506447
0.0
0.562857
0.216777
0.115971
0.15348
0.368425

0.700256
0.337147
-0.250027
-0.113226
-0.380994
1.0
0.126374
0.0
0.028938
0.83348
0.971941
0.523297
0.273919
0.166081
0.0
0.799634
0.291795
0.238462
0.059414
0.428059

0.807307
0.56465
-0.013777
0.128585
0.067666
0.781239
1.0
0.0
0.020147
1.0
0.702784
0.0
0.487839
0.397582
0.0
0.716117
0.061758
0.369304
0.106007
0.023077

0.641075
0.195666
0.098818
-0.166564
-0.906699
1.0
0.523883
0.0
0.012527
0.266154
0.279487
0.0
0.39348
0.481392
0.048864
0.082857
0.763297
0.731941
0.126227
0.368425

0.795605
0.163294
-0.030056
-0.535422
-0.474939
1.0
0.512454
0.341026
0.0
0.753626
1.0
0.004322
0.438901
0.486374
0.0
0.386007
0.258388
0.557582
0.189817
0.482857

0.808415
0.323719
0.141538
0.031465
-0.579434
1.0
0.169744
0.162271
-0.067768
1.0
0.786447
0.0
0.191282
0.438901
0.0
0.328132
0.74674
0.455897
0.668791
0.126227

1.0
0.44691
-0.026943
-0.178851
-1.057326
1.0
0.476996
0.0
0.0
0.310256
1.0
0.0
0.509231
0.486374
0.0
0.061758
0.358022
0.372967
0.196703
0.0

0.635105
0.408243
0.022447
-0.157687
-0.1027
1.0
0.279194
1.0
0.0
1.0
0.986887
-0.073885
0.749231
0.425861
0.004029
1.0
0.587473
0.394213
0.368425
0.321685

0.790977
0.115813
0.098818
-0.095872
-1.192626
1.0
0.480073
0.592161
0.035385
0.808132
1.0
0.0
0.389963
0.144103
0.272747
0.78
0.390549
0.035971
0.181026
0.008718

0.741619
0.181628
-0.350806
-0.157687
0.067666
1.0
0.176337
0.0
0.066154
0.408132
0.612381
0.030696
0.471868
1.0
0.0
0.263517
0.061758
0.004322
0.106007
0.896337

1.0
0.475706
-0.452222
-0.122692
-0.538448
1.0
0.24989
0.028059
0.022491
0.755678
0.958169
0.016337
0.985421
0.30967
0.0
0.258388
0.324615
0.557582
0.196703
0.341319

0.798155
-0.157664
0.070201
-0.291466
0.120077
1.0
0.004322
0.029817
0.006081
0.238608
0.88989
0.0
0.623809
0.144103
0.030403
0.993114
0.225421
0.081099
0.076703
0.200952

0.877299
-1.642334
0.172323
-0.168575
-0.173134
1.0
0.001978
0.273333
0.022491
0.688571
0.134432
0.002857
0.242271
0.992454
0.0
0.916264
0.234652
0.044762
0.67978
0.144103

0.956457
-0.084729
0.159313
-0.136665
-0.250473
0.951857
0.139707
0.005495
0.0
1.0
0.958169
0.0
0.425861
0.176044
0.0
1.0
0.263517
0.305861
0.274799
0.047399

0.782674
0.475706
0.148087
-0.330427
-0.610097
1.0
0.413114
0.0
0.0
0.958169
1.0
0.0
0.090476
0.623809
0.0
0.799634
0.448864
0.040952
0.257363
0.048864

