flat_o
Left

0.722824
0.0
0.0
0.191154
0.147966
0.996296
0.107619
0.0
1.0
0.030696
0.030696
1.0
0.009304
0.009304
0.839487
0.049451
0.049451
0.443736
0.132088
0.132088

0.759335
0.0
0.0
0.002245
-0.012059
0.92944
0.047106
0.0
1.0
0.044469
0.044469
1.0
0.010183
0.010183
0.998022
0.044176
0.044176
0.37707
0.087839
0.087839

0.927985
0.0
0.0
0.0
-0.144495
1.0
0.432161
0.0
1.0
0.061758
0.061758
1.0
0.007546
0.007546
1.0
0.0263
0.0263
0.369158
0.118315
0.118315

0.734328
0.0
0.0
-0.13125
0.163707
0.950022
0.020733
0.0
0.796117
0.32022
0.22967
1.0
0.198462
0.014579
0.82293
0.455604
0.032454
0.231429
0.0
0.214139

0.919118
-0.304795
0.0
0.0
-0.26578
0.926035
0.0
0.0
1.0
0.148498
0.044469
1.0
0.11011
0.032454
0.898974
0.005788
0.0
0.410916
0.045934
0.0

0.990663
0.169508
0.0
0.711957
0.374855
0.471663
0.753626
0.0
0.241099
0.31641
0.062051
1.0
0.047985
0.045055
0.877289
0.057949
0.092821
0.561099
0.136337
0.019267

1.0
-1.020636
0.547889
0.0
-0.290913
0.841797
0.753626
0.017216
0.796117
0.185128
0.061758
0.935604
0.0
0.002857
1.0
0.0
0.017802
0.606227
0.0263
0.0

1.0
0.0
0.0
-0.059991
0.207736
0.978455
0.0
0.0
0.358608
0.353919
0.148498
1.0
0.031282
0.018681
0.890769
0.073187
0.0
0.065568
0.152308
0.0

1.0
0.0
-0.568698
0.006658
-0.015118
1.0
0.003736
0.0
1.0
0.186007
0.32022
1.0
0.018681
0.032747
1.0
0.030989
0.009597
0.748059
0.045934
0.043297

1.0
-0.423724
-0.397251
0.0
0.286147
1.0
0.107619
0.026593
0.324029
0.411942
0.189817
1.0
0.007546
0.010476
0.379414
0.276557
0.017802
0.945275
0.0
0.037729

0.79402
0.100849
-0.108087
0.0
-0.177538
1.0
0.177509
0.0
1.0
0.134432
0.059414
0.958462
0.007546
0.02337
0.608571
0.010476
0.092821
0.561099
0.0
0.0

0.8651
0.26486
-0.026671
0.0
-0.290913
1.0
0.0
0.0
1.0
0.097216
0.183956
0.963736
0.001978
0.090183
0.877289
0.0
0.0
0.280073
0.0
0.030696

1.0
0.910077
-0.397251
0.0
-0.108907
1.0
0.047106
0.0
1.0
0.072308
0.353919
0.680366
0.072308
0.012527
0.784689
0.0
0.018388
0.230549
0.05326
0.087839

0.990663
-0.500203
0.0
-0.055735
0.163707
0.821786
0.0
0.0
0.609451
0.062051
0.111868
1.0
0.0
0.024542
0.266887
0.021026
0.04652
0.411062
0.0
0.163883

1.0
-0.304795
0.0
0.006658
0.468161
1.0
0.0
0.0
0.513333
0.061758
0.371209
0.757729
0.202857
0.26337
1.0
0.0
0.200659
0.443736
0.13326
0.015751

1.0
0.26486
0.0
-0.115909
0.366412
1.0
0.0
0.0
0.295311
0.148498
0.148498
1.0
0.227473
0.009304
0.244322
0.092821
0.030989
0.61707
0.0
0.013407

0.944004
0.0
-0.039569
0.0
0.147725
1.0
0.0
0.0
0.324029
0.152601
0.186007
1.0
0.198462
0.018681
0.372674
0.0
0.276557
0.425714
0.0
0.014286

0.836918
-0.724322
0.0
-0.127348
0.271426
1.0
0.127985
0.0
1.0
0.085788
0.067326
0.94718
0.013407
0.02337
1.0
0.005201
0.0
0.766081
0.087839
0.006374

