flat_m
Left

0.703054
0.0
0.0
0.0
-0.132419
1.0
1.0
0.078462
1.0
0.187179
0.187179
1.0
0.012527
0.012527
1.0
0.039487
0.039487
0.682125
0.270403
0.270403

0.761872
0.0
0.0
0.0
-0.190112
1.0
1.0
0.0
1.0
0.090769
0.090769
1.0
0.00022
0.00022
1.0
0.056484
0.056484
0.565934
0.176777
0.176777

0.826863
0.0
0.0
0.0
-0.3159
1.0
1.0
0.0
1.0
0.083736
0.083736
1.0
0.00315
0.00315
1.0
0.071136
0.071136
0.531502
0.294579
0.294579

0.5401
0.0
-0.14451
-0.038732
-0.3159
1.0
1.0
0.052967
1.0
0.076117
0.062051
0.692674
0.021905
0.022198
0.883736
0.0
0.039487
1.0
1.0
1.0

0.802998
-0.022492
0.0
0.120275
0.694298
1.0
0.439194
0.156996
1.0
0.069084
0.062051
0.749524
0.066447
0.0
0.832894
0.16696
0.027179
0.988938
1.0
0.650769

0.370257
-0.126274
-0.582604
0.0
0.0
1.0
0.689597
1.0
0.523297
0.122857
0.0
0.777656
0.0
0.0
0.627912
0.081978
0.0
0.995971
1.0
1.0

0.862859
-0.632593
0.0
0.0
0.0
1.0
1.0
0.16315
1.0
0.079048
0.107473
0.565788
0.0
0.0
0.408425
0.024835
0.139707
0.552161
1.0
0.270403

0.459022
-0.772233
-0.082863
0.0
0.426267
1.0
0.898388
0.178095
0.183077
0.125055
0.082857
1.0
0.0
0.007839
0.664835
0.0
0.039487
0.392894
1.0
1.0

0.84252
-0.189003
-0.003238
-0.046881
0.0
1.0
0.222637
0.0
1.0
0.090183
0.075531
1.0
0.0
0.0
0.731062
0.016044
0.0
0.41707
0.99978
1.0

0.780426
-0.772233
-0.183051
0.074571
0.793426
1.0
0.746593
0.207106
1.0
0.062051
0.06967
0.446227
0.002271
0.012527
0.837143
0.048864
0.139707
0.799927
1.0
0.99978

0.970786
-0.572469
0.0
0.0
0.214926
1.0
1.0
1.0
0.158755
0.082857
0.090183
0.430842
0.000806
0.0
0.736044
0.006374
0.0
0.531502
0.997729
0.472601

0.5401
-0.658587
-0.218674
0.120275
0.963282
1.0
0.797875
0.079927
0.733993
0.046813
0.08315
0.399341
0.0
0.010769
0.218242
0.227326
0.052674
0.98652
0.729597
0.613553

0.370275
-0.846334
-0.070662
0.443652
0.006345
1.0
1.0
0.18044
0.464396
0.079634
0.214139
1.0
0.0
0.0
0.883736
0.0
0.148791
0.41663
1.0
0.324615

0.785166
-0.082301
0.0
0.210748
0.421457
1.0
0.953187
1.0
0.118901
0.050916
0.054725
0.692674
0.003736
0.023956
0.821465
0.016044
0.237289
0.148498
1.0
0.522125

0.540099
0.0
0.114181
0.07967
0.793426
1.0
0.57956
0.513773
0.648132
0.040366
0.054725
0.70293
0.003443
0.0
1.0
0.0
0.0
0.183516
1.0
1.0

0.668031
-0.254966
0.0
-0.038732
0.217602
1.0
0.987473
0.247839
1.0
0.062051
0.06967
0.555531
0.031575
0.143516
1.0
0.01663
0.0
1.0
0.997729
1.0

0.950116
-0.189003
-0.162414
-0.022617
0.0
1.0
0.570476
0.925934
1.0
0.054725
0.068791
0.852821
0.028059
0.0
0.821465
0.0
0.0
0.726667
0.187473
0.314212

1.0
-0.153402
-0.299484
0.0
0.404961
1.0
0.992161
0.299707
1.0
0.090769
0.214139
1.0
0.084322
0.000806
1.0
0.024835
0.237289
0.494579
1.0
1.0

