flat_ily
Left

-0.723286
0.0
0.0
0.0
-0.10841
0.0
-0.145972
0.205212
1.0
0.115824
0.115824
1.0
0.813407
0.813407
1.0
0.447692
0.447692
0.706007
0.074652
0.074652

-0.680573
0.0
0.0
0.0
-0.184437
0.0
-0.107156
0.122594
1.0
0.060586
0.060586
1.0
0.827766
0.827766
1.0
0.513626
0.513626
0.666593
0.099121
0.099121

-0.51923
0.0
0.0
0.0
-0.065942
0.0
-0.049675
0.161819
1.0
0.084029
0.084029
1.0
0.912015
0.912015
1.0
0.449158
0.449158
0.808132
0.082857
0.082857

-0.433644
0.0
0.0
0.0
0.0
0.097632
-0.145972
-0.129895
0.710256
0.010183
0.001685
1.0
0.844908
1.0
1.0
1.0
0.859414
1.0
0.027766
0.000806

-1.016855
0.0
0.0
0.0
-0.10841
0.393504
0.0
0.0
0.98337
0.115824
0.0
1.0
0.827766
0.669231
1.0
1.0
1.0
0.658388
0.0
0.0

-0.473612
-0.755381
0.0
0.0
-0.293653
0.0
0.161245
0.083022
1.0
0.044762
0.0
1.0
0.998315
0.970696
1.0
1.0
1.0
0.808132
0.0
0.091062

0.39723
-0.408672
0.0
0.0
-0.206015
0.606058
0.0
-0.048176
1.0
0.108059
0.033626
1.0
0.669231
1.0
1.0
1.0
1.0
0.0
0.0
0.0

-0.335555
0.0
0.0
0.0
0.002353
0.0
0.067912
0.0
0.830403
0.044762
0.040366
1.0
0.771941
1.0
1.0
0.92315
0.813114
0.559634
0.002857
0.0

0.396121
0.0
0.0
-0.030061
0.0
0.097632
-0.028802
0.026358
1.0
0.074652
0.088132
1.0
1.0
0.832454
1.0
0.595238
1.0
0.634945
0.127692
0.0

-0.680573
0.0
0.0
0.0
0.0
0.551697
0.067912
0.035678
1.0
0.072015
0.074652
1.0
0.741905
0.75304
1.0
1.0
0.964322
1.0
0.0
0.0

-0.332964
0.0
0.0
0.0
0.065537
0.0
-0.100564
0.0
0.98337
0.0
0.11685
1.0
0.99978
1.0
1.0
0.470843
1.0
0.687399
0.074652
0.000806

-0.122153
0.0
0.0
0.0
-0.634572
0.17098
0.0
0.0
0.407546
0.044469
0.077289
1.0
0.75304
0.998315
1.0
0.455018
0.813114
1.0
0.009597
0.00315

-0.21512
0.0
-0.000513
0.0
0.0
0.351209
-0.002496
0.0
1.0
0.00696
0.00696
1.0
0.690623
0.844908
1.0
1.0
1.0
0.658388
0.006081
0.161099

-0.65601
0.0
0.0
0.0
-0.233547
0.25161
0.076703
0.0
1.0
0.0
0.074652
1.0
0.775165
0.351868
1.0
1.0
0.869231
0.634945
0.0
0.001392

-0.364079
0.0
0.0
0.0
0.0
0.301687
-0.130315
0.108645
1.0
0.077289
0.001685
0.99978
0.924469
0.75304
1.0
0.758901
0.455018
0.732235
0.006374
0.011941

-1.016855
0.0
0.0
0.0
-0.206015
0.0
-0.100564
0.346007
1.0
0.148059
0.0
1.0
0.690623
0.864689
1.0
0.455018
0.758901
1.0
0.011941
0.0

-0.181351
0.0
0.0
0.0
-0.065942
0.350726
0.067912
0.153333
1.0
0.00696
0.108059
1.0
0.791429
0.704103
1.0
0.525788
1.0
1.0
0.0
0.0

0.39723
0.0
0.0
0.0
0.065537
0.0
0.052088
-0.037174
1.0
0.0
0.00696
0.99978
0.771941
1.0
1.0
1.0
0.525788
0.706886
0.001392
0.0

