flat_4
Left

0.921654
-0.114279
0.0
-0.204427
-0.120207
1.0
1.0
1.0
0.901026
0.054139
0.054139
1.0
0.017509
0.017509
0.613846
0.025421
0.025421
0.152308
0.084908
0.084908

0.904392
-0.372235
-0.38543
-0.362549
-0.25052
1.0
1.0
0.459414
0.440073
0.034212
0.034212
0.609158
0.0
0.0
0.177363
0.0
0.0
0.070842
0.023077
0.023077

0.799289
-0.452598
-0.511725
-0.374377
-0.450443
1.0
1.0
0.234945
0.288278
0.028938
0.028938
0.530623
0.0
0.0
0.153919
0.0
0.0
0.017509
0.005201
0.005201

0.581967
0.0
0.0
0.008266
0.504141
1.0
1.0
0.62
1.0
0.011648
0.126227
1.0
0.0
0.00315
1.0
0.0
0.0
0.378095
0.022784
0.021319

0.830407
0.0
0.0
0.0
0.346585
1.0
1.0
0.234945
1.0
0.008718
0.054139
1.0
0.003736
0.007839
0.529451
0.0
0.0
0.278608
0.0
0.021612

0.518382
-0.352306
0.0
0.051497
0.462777
1.0
1.0
0.660147
0.666886
0.068791
0.081392
1.0
0.0
0.0
0.436264
0.0
0.039194
0.215604
0.001685
0.03978

0.869126
0.0
0.0
-0.362549
0.204417
1.0
1.0
0.287985
1.0
0.040073
0.008718
1.0
0.0
0.006667
0.131062
0.0
0.0
0.486081
0.03978
0.014579

0.749657
-0.372235
0.0
0.0
-0.450443
1.0
1.0
1.0
1.0
0.011648
0.034799
1.0
0.0
0.0
0.266886
0.0
0.0
0.324615
0.0
0.0

0.698561
-0.10168
0.0
-0.78538
0.682629
1.0
1.0
0.865568
0.322857
0.02044
0.045348
1.0
0.070842
0.0
0.337802
0.0
0.0
0.171062
0.0
0.0

-0.905278
0.0
-0.889762
0.0
0.20809
1.0
1.0
0.926813
0.26718
0.028352
0.02044
0.711722
0.0
0.0
0.41956
0.0
0.0
0.970769
0.0
0.016337

0.817124
-1.714185
-0.437645
0.121529
0.346585
1.0
1.0
0.660147
1.0
0.075531
0.086081
1.0
0.004615
0.0
0.60652
0.0
0.0
0.205934
0.053553
0.035092

0.907478
-1.021562
0.0
-0.183919
0.381621
1.0
1.0
0.80022
1.0
0.060586
0.152308
1.0
0.0
0.0
1.0
0.0
0.013993
0.587766
0.007253
0.0

-0.903432
-1.021562
0.0
-0.204427
-0.487616
1.0
1.0
1.0
0.749817
0.063516
0.152308
0.357729
0.0
0.0
0.288278
0.0
0.019853
0.739414
0.0
0.0

0.538978
-0.452598
0.0
0.0
-0.287503
1.0
1.0
1.0
1.0
0.028938
0.028938
0.497216
0.0
0.005201
0.654872
0.0
0.0
0.483443
0.0
0.014579

0.712073
-0.751513
0.0
0.263064
-0.319285
1.0
1.0
0.628205
0.681685
0.054139
0.042418
1.0
0.013993
0.0
1.0
0.0
0.0
0.587766
0.001978
0.0

1.0
0.0
0.0
0.046767
-0.014501
1.0
1.0
1.0
0.195385
0.091355
0.005495
1.0
0.003736
0.066447
0.812821
0.0
0.0
0.230256
0.00315
0.053553

0.749657
0.099196
0.0
0.059385
0.186162
1.0
1.0
0.891648
1.0
0.084908
0.007253
0.497216
0.0
0.0
1.0
0.0
0.060879
0.300733
0.011648
0.022784

0.687346
0.0
0.0
0.055937
-0.450443
1.0
1.0
0.644908
1.0
0.185128
0.231429
1.0
0.0
0.0
0.851502
0.0
0.0
0.456044
0.034505
0.0

