flat_1
Left

1.0
0.0
0.0
0.0
0.606946
1.0
1.0
0.203297
1.0
0.062637
0.062637
1.0
0.998022
0.998022
1.0
0.999194
0.999194
0.641539
1.0
1.0

1.0
0.0
0.0
0.0
0.222245
1.0
1.0
0.016923
1.0
0.051209
0.051209
1.0
0.998022
0.998022
1.0
0.999194
0.999194
0.898535
1.0
1.0

0.981108
0.0
0.0
0.0
0.301675
1.0
1.0
0.284176
1.0
0.059707
0.059707
1.0
0.998022
0.998022
1.0
0.72696
0.72696
0.848865
0.912601
0.912601

1.0
0.0
0.0
0.0
0.202943
1.0
1.0
0.234945
1.0
0.003443
0.037436
1.0
0.394505
0.879927
1.0
1.0
1.0
0.826593
1.0
1.0

0.911283
-2.386874
0.0
0.0
0.002174
1.0
0.96696
0.149963
1.0
0.051209
0.0
1.0
1.0
1.0
1.0
0.999194
1.0
0.73326
1.0
0.997729

0.12901
-0.532791
0.0
0.0
0.220167
1.0
0.507033
0.311429
0.567839
0.055604
0.023663
1.0
1.0
0.998315
1.0
1.0
1.0
0.691502
1.0
1.0

0.900617
0.0
0.0
0.0
0.149652
1.0
1.0
1.0
1.0
0.051209
0.0
1.0
1.0
0.702637
1.0
0.819267
1.0
0.898535
0.787912
0.997436

0.76114
-1.106489
0.0
0.0
0.151642
1.0
0.481831
1.0
1.0
0.01663
0.074945
1.0
1.0
1.0
1.0
1.0
1.0
1.0
0.662051
1.0

0.550657
0.0
-0.270713
0.0
0.361541
1.0
0.661612
1.0
0.401685
0.169451
0.01663
1.0
0.998608
0.998022
1.0
1.0
1.0
0.669524
1.0
1.0

0.263167
0.0
0.0
-0.188907
0.140908
1.0
1.0
0.478169
0.501026
0.01663
0.0
1.0
0.664395
1.0
1.0
1.0
1.0
0.864396
1.0
1.0

0.609072
-2.557061
0.0
0.0
-0.557816
1.0
1.0
0.828938
1.0
0.051209
0.051502
1.0
1.0
0.998022
0.757582
0.819267
1.0
0.60359
1.0
0.662051

0.723
-1.115612
0.0
0.0
0.248353
1.0
0.481831
0.200659
1.0
0.05707
0.003443
1.0
0.651795
0.879927
1.0
0.724615
1.0
0.5063
1.0
1.0

0.761942
-0.134308
0.0
0.0
0.654263
1.0
0.879048
0.234945
0.932088
0.043297
0.066154
1.0
1.0
0.99978
1.0
0.909524
1.0
0.497216
1.0
1.0

0.649204
-0.388487
0.033886
0.0
0.248353
1.0
1.0
0.274799
0.571062
0.052674
0.084615
1.0
1.0
0.998608
1.0
1.0
1.0
0.658681
1.0
1.0

0.776233
0.0
0.0
0.0
0.026539
1.0
0.684469
1.0
1.0
0.0
0.131795
1.0
1.0
1.0
1.0
1.0
0.974286
0.691502
0.91348
1.0

0.42634
0.0
0.0
0.0
0.140908
1.0
1.0
0.085495
1.0
0.0
0.025421
1.0
1.0
0.651795
1.0
1.0
1.0
1.0
1.0
1.0

-0.03607
-0.024702
0.0
0.0
0.301675
1.0
1.0
0.22
0.953773
0.148498
0.074945
1.0
1.0
0.702637
1.0
1.0
1.0
0.600073
1.0
1.0

0.649204
-0.390749
0.0
0.0
0.065572
1.0
1.0
0.561685
1.0
0.036557
0.027473
0.715238
0.99978
0.998608
1.0
1.0
1.0
0.974872
1.0
1.0

