flat_b
Left

-0.48441
0.0
-0.03175
0.000401
-0.11404
0.0
-0.082562
-0.037494
1.0
0.138535
0.138535
0.963736
0.06381
0.06381
0.892821
0.054139
0.054139
0.473773
0.141465
0.141465

-0.306225
0.0
-0.405763
0.0
-0.018872
0.248264
0.0
0.0
1.0
0.178388
0.178388
0.66044
0.071136
0.071136
1.0
0.132234
0.132234
0.522125
0.214432
0.214432

-0.396143
0.0
-0.122788
0.0
0.044775
0.448366
0.0
0.003736
1.0
0.079048
0.079048
0.882564
0.104249
0.104249
1.0
0.0937
0.0937
0.57326
0.15348
0.15348

-0.309173
-0.030886
-0.183999
0.0
0.0
0.483241
0.0
0.030403
1.0
0.207692
0.028059
0.894286
0.0
0.0
0.892821
0.0
0.0
0.658095
0.0
0.031282

-0.294728
-0.733347
0.0
0.012388
0.026992
0.137961
0.234066
0.121538
1.0
0.075531
0.0
1.0
0.012821
0.028352
1.0
0.0
0.0
0.632015
0.075824
0.026007

-0.138867
0.0
-0.009385
0.0
-0.27162
0.0
0.0
0.00022
1.0
0.174579
0.053553
1.0
0.071136
0.012821
1.0
0.0
0.08989
0.620293
0.013993
0.0

-0.100515
-0.014767
0.0
-0.001198
0.0
0.274485
0.205348
0.0
1.0
0.054725
0.072015
0.589231
0.061758
0.0
1.0
0.002564
0.0
1.0
0.008718
0.0

-0.604689
-0.072579
0.0
0.033158
-0.032393
0.51318
0.0
0.0
0.880806
0.207692
0.013114
0.886081
0.042711
0.088425
0.757436
0.017802
0.034505
0.96989
0.036264
0.069084

-0.502431
-0.001464
-0.122788
-0.211722
-0.172433
0.024
-0.363636
0.0
0.901612
0.013114
0.184249
1.0
0.022198
0.012821
0.716996
0.0
0.0
1.0
0.0
0.0

-0.135457
-0.008403
0.0
0.045563
0.012548
0.786114
0.088132
0.00022
0.67685
0.188938
0.207692
0.754212
0.067033
0.025714
0.881685
0.0
0.0
0.987546
0.004322
0.061758

-0.538821
0.0
-0.457311
-0.001631
0.0
0.27876
0.092234
0.121538
0.925641
0.026007
0.053553
1.0
0.071136
0.036557
1.0
0.0
0.0
1.0
0.214432
0.0

-0.210247
-0.183066
-0.156988
0.0
0.077118
0.574911
0.0
0.070256
1.0
0.069377
0.186007
0.837729
0.0
0.0
0.585421
0.0
0.08989
0.517143
0.0
0.0

-0.70016
0.0
0.0
0.0
-0.018872
0.6985
0.0
0.0
1.0
0.047692
0.013114
0.92359
0.024249
0.071136
0.941758
0.0
0.0
0.895165
0.0
0.069084

-0.618882
0.0
-0.327666
-0.00916
0.145939
0.52496
0.378535
0.0
0.992564
0.096923
0.072015
1.0
0.0
0.042711
1.0
0.0
0.090183
0.592747
0.0
0.151722

-0.207897
-0.084572
0.0
0.033158
0.0
0.325545
0.0
0.0
0.709377
0.154945
0.207692
1.0
0.012821
0.011062
0.757436
0.013407
0.017802
1.0
0.151722
0.026007

-0.138867
0.0
-0.290391
0.0
0.0
0.323984
0.00022
0.103077
0.910696
0.121245
0.026007
0.589231
0.005201
0.068498
0.610916
0.0
0.0
0.632015
0.010476
0.008425

-0.980525
-0.048463
0.0
0.0
0.0
0.677412
0.205348
0.06967
0.901612
0.062344
0.174579
1.0
0.0
0.044176
0.892821
0.0
0.0
1.0
0.0
0.0

-0.36947
0.0
-0.255122
-0.178528
0.0
0.530623
0.0
0.609158
1.0
0.310843
0.168718
0.817216
0.101026
0.005495
0.952015
0.0
0.0
0.792161
0.004322
0.075824

