i
Left

0.993317
0.0
0.0
0.0
0.214765
1.0
1.0
0.329011
1.0
1.0
1.0
1.0
0.998022
0.998022
1.0
0.798461
0.798461
0.093114
0.026886
0.026886

1.0
0.0
0.0
0.0
0.342675
1.0
1.0
0.603443
1.0
1.0
1.0
1.0
0.944103
0.944103
1.0
0.999194
0.999194
0.16696
0.022784
0.022784

1.0
0.0
0.0
0.0
0.479145
1.0
1.0
0.56315
1.0
1.0
1.0
1.0
0.832747
0.832747
1.0
0.999194
0.999194
0.184835
0.04652
0.04652

0.798294
0.0
0.0
-0.012409
-0.062242
1.0
1.0
1.0
1.0
1.0
1.0
1.0
1.0
0.998608
1.0
1.0
1.0
0.38044
0.0
0.0

1.0
0.0
0.0
0.0
0.25407
1.0
1.0
0.329011
1.0
1.0
1.0
0.712161
1.0
1.0
0.966374
1.0
0.999487
0.159634
0.0
0.0

0.406643
0.0
0.0
0.053936
-0.204233
1.0
1.0
0.414725
0.528718
1.0
1.0
0.693846
1.0
1.0
1.0
1.0
1.0
0.333407
0.0
0.0

0.960525
0.0
0.0
0.0
0.035928
1.0
1.0
0.603443
0.684176
1.0
1.0
1.0
1.0
0.999194
1.0
1.0
1.0
0.192747
0.0
0.0

0.712222
0.0
-0.123356
0.052792
0.244951
0.891535
0.273919
0.689744
1.0
1.0
1.0
1.0
0.999194
0.998608
1.0
1.0
1.0
0.093114
0.0
0.031575

0.754467
0.0
-0.147501
0.0
0.359358
1.0
0.52359
0.152894
0.744542
1.0
1.0
1.0
1.0
0.944103
0.966667
1.0
1.0
0.337802
0.021612
0.0

0.28292
0.0
0.000847
0.0
0.228316
1.0
0.960513
0.333993
1.0
1.0
1.0
1.0
1.0
1.0
1.0
1.0
1.0
0.304103
0.0
0.033626

0.861601
0.0
-0.032383
0.0
-0.062242
1.0
0.734432
0.087253
1.0
1.0
1.0
0.681832
0.99978
1.0
0.51304
1.0
1.0
0.041832
0.0
0.0

0.58925
0.0
0.0
0.0
0.035928
1.0
0.127106
1.0
1.0
1.0
0.798169
0.693846
0.998608
1.0
1.0
1.0
1.0
0.226886
0.0
0.0

0.861601
0.0
0.0
0.0
0.048437
1.0
0.612674
1.0
1.0
1.0
1.0
1.0
1.0
0.999194
0.319927
1.0
1.0
0.156557
0.0
0.0

0.794924
0.0
-0.274293
0.0
0.397652
0.749585
1.0
0.0937
0.700733
1.0
1.0
0.681832
0.998022
1.0
1.0
1.0
1.0
0.16696
0.0
0.0

0.792394
-0.416277
0.0
0.0
-0.202478
1.0
0.572088
0.258681
0.481099
1.0
0.99978
0.963736
0.998315
1.0
1.0
1.0
0.972381
0.262491
0.021612
0.0

0.680437
0.0
0.0
0.0
0.162923
1.0
1.0
1.0
0.964322
1.0
1.0
1.0
1.0
1.0
0.831868
1.0
0.999194
0.273919
0.0
0.0

0.754467
0.0
-0.336282
0.0
-0.202478
1.0
1.0
0.856484
1.0
1.0
1.0
1.0
1.0
1.0
0.769158
1.0
1.0
0.094286
0.022784
0.0

0.943249
-0.11617
-0.128086
0.0
0.206267
1.0
1.0
0.898828
1.0
1.0
0.99978
1.0
1.0
1.0
0.510696
1.0
1.0
0.262491
0.0
0.0

