ily
Left

-0.40699
-0.164858
0.0
0.0
0.666792
0.213107
0.015165
0.215604
0.120366
0.0
0.0
1.0
0.998022
0.998022
1.0
0.676264
0.676264
0.183663
0.032161
0.032161

-0.40842
-0.154289
0.0
0.0
0.394067
0.378959
0.0
0.047399
0.340586
0.0
0.0
1.0
0.998022
0.998022
1.0
0.582198
0.582198
0.06293
0.024542
0.024542

-0.456247
-0.187528
0.0
0.0
0.410571
0.301648
0.0
0.094579
0.255458
0.0
0.0
1.0
0.998022
0.998022
1.0
0.587766
0.587766
0.090769
0.006081
0.006081

0.3984
0.337102
0.0
-0.061049
-0.134733
0.424459
0.007253
0.0
0.340586
0.0
0.0
1.0
1.0
1.0
0.104249
0.999487
1.0
0.11978
0.021612
0.0

0.27027
-0.270088
0.0
0.026024
0.0
0.068539
0.019853
-0.061464
-0.040256
0.0
0.0
1.0
1.0
1.0
1.0
1.0
1.0
0.045641
0.0
0.02337

0.254276
-0.086438
-0.19607
-0.075493
0.163891
0.600286
0.0
-0.022723
0.407546
0.0
0.0
0.804029
0.84022
0.775604
1.0
1.0
1.0
0.495165
0.0
0.002564

0.383758
0.015979
0.0
0.0
0.0
0.0
0.2263
0.0
-0.102284
0.0
0.022198
0.782051
0.999194
1.0
0.078755
1.0
1.0
0.333407
0.0
0.13619

-0.025911
-0.169358
-0.278862
0.0
-0.181726
0.0
0.082949
0.0
0.997363
0.008132
0.0
1.0
1.0
1.0
1.0
1.0
1.0
0.375751
0.0
0.0

0.187565
-0.357562
0.0
0.0
-0.216223
0.424459
-0.128547
0.029231
0.040952
0.0
0.0
1.0
0.572967
0.998022
1.0
1.0
0.582198
0.215018
0.0
0.0

1.0
0.233922
-0.038779
-0.100218
-0.005524
0.0
0.188059
0.0
0.599048
0.0
0.0
0.07468
0.998608
0.998315
1.0
1.0
1.0
0.183663
0.076996
0.0

0.427653
-0.270088
0.0
-0.140523
0.048739
0.0
0.190843
0.0
0.340586
0.0
0.0
0.404615
0.99978
1.0
1.0
1.0
1.0
-0.042228
0.01956
0.0

0.430371
-0.206292
0.001311
-0.078691
-0.424032
0.196938
0.0
0.0
1.0
0.041832
0.0
0.782051
1.0
1.0
0.039973
1.0
1.0
0.694725
0.0
0.0

-0.309495
0.582092
0.0
-0.049698
-0.407356
0.271507
0.015458
0.0
-0.09379
0.0
0.0
1.0
1.0
0.692381
1.0
1.0
1.0
0.11978
0.04359
0.0

1.0
-0.287183
0.0
0.0
-0.466674
0.0
0.0
0.0
0.372674
0.0
0.0
1.0
0.775604
1.0
1.0
1.0
1.0
0.215018
0.0
0.0

0.181132
0.271492
0.0
0.0
-0.089173
0.062533
0.0
-0.061464
0.413114
0.0
0.0
1.0
1.0
1.0
1.0
1.0
1.0
0.707326
0.0
0.0

0.802994
-0.033524
0.0
0.016551
0.198046
0.0
0.295897
0.0
0.376191
0.0
0.008132
0.404615
1.0
0.99978
1.0
1.0
1.0
0.06293
0.0
0.0

0.3984
-0.159122
0.0
0.0
-0.044459
0.068539
0.0
-0.122978
0.033543
0.0
0.0
1.0
1.0
0.572967
1.0
1.0
1.0
0.30293
0.0
0.0

0.334327
-0.169358
0.0
0.0
-0.04589
0.063193
0.0
-0.16352
0.181905
0.0
0.047399
0.07468
1.0
1.0
1.0
1.0
1.0
0.071136
0.0
0.0

