k
Left

0.396085
0.401554
0.0
0.0
0.000141
0.90357
0.258681
0.0
0.058242
0.0
0.0
1.0
0.008132
0.008132
1.0
0.512161
0.512161
0.99685
0.891502
0.891502

0.390504
0.537452
-0.178832
0.0
-0.011089
0.71958
0.239341
0.004615
0.0
0.0
0.0
0.554359
0.013407
0.013407
1.0
0.451941
0.451941
0.939927
0.707326
0.707326

0.350231
0.536154
0.0
0.0
-0.005379
0.753237
0.145568
0.0
0.0
0.0
0.0
1.0
0.009597
0.009597
1.0
0.688864
0.688864
0.978974
0.385861
0.385861

0.467279
0.317207
0.111132
0.0
0.037764
1.0
0.41956
0.0
0.041245
0.0
0.0
0.911575
0.0
0.0
0.770476
1.0
1.0
1.0
1.0
1.0

0.384562
0.067692
0.036278
0.0
0.117823
1.0
0.197436
0.011355
0.029852
0.0
0.0
1.0
0.0
0.098242
1.0
1.0
1.0
0.942344
1.0
1.0

0.223495
0.456866
0.117425
0.0
0.1843
1.0
0.24315
0.0
0.328718
0.0
0.0
0.424835
0.0
0.008132
1.0
1.0
1.0
1.0
0.915092
1.0

0.389555
0.329285
0.303658
0.106253
0.0
1.0
0.258681
0.0
0.094872
0.0
0.0
0.850037
0.0
0.0
1.0
1.0
1.0
0.738681
1.0
1.0

0.396085
0.111388
0.0
0.023766
0.0
0.808976
0.200366
0.0
0.767692
0.0
0.004908
0.27348
0.018681
0.032454
1.0
1.0
1.0
1.0
1.0
0.644322

0.488173
-0.083109
-0.08294
0.0
0.001407
0.762682
0.165495
0.015751
0.134805
0.0
0.009304
1.0
0.032454
0.0
1.0
1.0
0.886374
0.939927
1.0
1.0

0.320502
0.261021
0.186846
0.0
0.159553
1.0
0.220586
0.0
0.042418
0.0
0.0
0.891062
0.0
0.0
1.0
1.0
1.0
0.764176
1.0
0.72022

0.405009
0.148553
-0.005257
0.022092
0.002544
0.808976
0.41956
0.0
0.132088
0.0
0.0
0.570769
0.0
0.0
0.977802
1.0
1.0
0.973114
0.93619
0.713626

0.322302
0.086074
-0.068622
0.0
0.242251
0.90357
0.208425
0.0
0.412528
0.0
0.0
1.0
0.0
0.023956
1.0
1.0
0.512161
1.0
1.0
1.0

0.37143
0.537452
0.303658
0.0
0.033421
0.995495
0.182491
0.0
0.328718
0.0
0.010769
0.570769
0.0
0.0
1.0
1.0
1.0
0.796703
0.491062
1.0

0.478153
0.560068
0.0
0.0
0.002348
1.0
0.239341
0.012234
0.014032
0.0
0.0
0.728425
0.0
0.0
1.0
1.0
1.0
0.896337
0.999194
0.999487

0.30399
0.067692
0.39287
0.0
0.512684
1.0
0.22293
0.0
0.160246
0.0
0.0
0.850037
0.0
0.0
1.0
1.0
1.0
1.0
0.999487
1.0

0.144797
0.088026
0.0
0.091844
0.242251
0.983693
0.216777
0.0
-0.026884
0.0
0.0
0.460586
0.0
0.007253
1.0
1.0
1.0
1.0
0.738095
0.707326

0.473511
-0.029809
0.125757
0.0
0.935858
0.926122
0.0
0.0
0.096167
0.0
0.0
0.193626
0.0
0.0
1.0
1.0
1.0
0.5737
1.0
1.0

0.260304
0.708354
-0.029631
0.0
-0.005379
1.0
0.306154
0.032161
0.474945
0.0
0.0
0.488718
0.0
0.057363
1.0
1.0
1.0
1.0
0.762418
1.0

