l
Left

0.629019
0.106114
0.019467
0.0
0.0
0.209636
0.048278
0.0
0.0
0.0
0.0
0.981319
0.998022
0.998022
1.0
0.794213
0.794213
1.0
1.0
1.0

0.451564
0.228564
0.241257
0.0
0.125363
0.29873
0.054432
0.0
0.0
0.0
0.0
0.749524
0.998022
0.998022
1.0
0.999194
0.999194
0.814579
1.0
1.0

-0.294378
0.447208
0.131295
0.0
0.06894
0.0
-0.007497
0.051037
0.0
0.0
0.0
0.859414
0.967839
0.967839
1.0
0.885201
0.885201
0.937949
1.0
1.0

0.48188
0.228564
-0.053122
0.0
0.35135
0.0
0.0
0.0
-0.182204
0.0
0.0
1.0
1.0
1.0
1.0
1.0
1.0
0.284762
1.0
1.0

0.347302
0.145505
-0.08111
0.0
0.125363
0.105407
-0.342979
0.005788
0.044762
0.0
0.0
0.868205
1.0
0.99978
1.0
1.0
1.0
0.958755
0.826886
0.7463

-0.388541
-0.378676
-0.114702
0.0
-0.036005
0.0
-0.363636
-0.004019
0.406081
0.0
0.0
1.0
0.999194
0.998608
1.0
0.840659
1.0
1.0
1.0
1.0

-0.294378
-0.035168
0.0
0.0
0.21318
0.0
-0.054683
-0.075947
0.484908
0.0
0.0
1.0
1.0
1.0
0.470256
1.0
1.0
1.0
0.999194
1.0

0.754524
-0.343809
0.0
0.0
0.000591
0.0
0.036264
0.051037
0.518315
0.0
0.0
1.0
1.0
1.0
1.0
1.0
0.988132
0.958755
1.0
1.0

0.566982
0.028647
0.0
0.0
0.0
0.0
-0.069093
0.056976
0.428352
0.0
0.0
0.912454
0.964103
1.0
0.961978
0.054725
0.875824
0.967399
1.0
1.0

0.139294
0.167294
0.0
0.0
0.0
0.0
-0.036793
-0.1875
0.0
0.015458
0.0
0.942051
1.0
1.0
1.0
1.0
1.0
0.925201
0.815165
1.0

0.532959
-0.176737
0.0
0.045735
0.000226
0.104841
-0.005846
-0.054737
0.406081
0.0
0.0
0.981319
1.0
0.999194
1.0
0.999121
0.999121
1.0
1.0
1.0

0.347302
0.101615
0.0
0.0
0.0
0.0
-0.079618
0.0
0.204908
0.0
0.0
0.868205
0.744689
0.998608
0.0
1.0
0.794213
0.251648
1.0
1.0

0.566982
-0.128463
0.0
-0.097145
0.0
0.0
-0.096166
-0.119718
0.439487
0.0
0.0
1.0
0.998315
1.0
0.984249
1.0
1.0
0.991868
0.999194
1.0

0.754524
0.180965
-0.08111
0.0
0.0
0.0
-0.252283
-0.077231
0.01956
0.0
0.0
1.0
1.0
1.0
1.0
1.0
1.0
1.0
0.835824
1.0

1.0
-0.25388
0.0
0.0
0.0
0.0
-0.160311
0.076831
0.813993
0.0
0.0
1.0
1.0
1.0
1.0
1.0
1.0
0.980733
1.0
1.0

0.532959
-0.27155
0.0
0.0
0.009658
0.0
0.0
-0.1875
0.661612
0.0
0.0
1.0
1.0
0.998315
1.0
0.999194
1.0
1.0
0.867472
1.0

0.571405
-0.244501
-0.114702
-0.10303
0.0
0.0
-0.358848
-0.043382
0.106886
0.0
0.0
0.942051
0.998315
1.0
0.735751
1.0
1.0
0.89956
1.0
0.044176

1.0
0.215233
-0.545436
0.0
0.0
0.0
0.058527
-0.015116
0.204908
0.0
0.0
0.99978
0.999194
0.99978
1.0
1.0
1.0
1.0
1.0
1.0

