n
Left

0.745543
0.0
0.0
0.0
0.975149
1.0
1.0
0.0
1.0
1.0
1.0
1.0
0.78674
0.78674
1.0
0.712161
0.712161
0.687399
0.364176
0.364176

1.0
0.0
0.0
0.0
0.0
1.0
1.0
0.0
1.0
1.0
1.0
1.0
0.782784
0.782784
1.0
0.992601
0.992601
1.0
0.988352
0.988352

0.877495
0.0
0.0
0.0
0.0
1.0
1.0
0.0
1.0
1.0
1.0
1.0
0.92022
0.92022
1.0
0.999194
0.999194
1.0
1.0
1.0

0.188007
0.0
0.114384
0.0
0.196728
1.0
0.921245
0.0
0.763883
1.0
1.0
1.0
0.78674
0.999487
1.0
1.0
1.0
0.220147
1.0
1.0

0.462333
0.0
0.0
0.0
0.024435
1.0
1.0
0.0
1.0
0.600073
1.0
0.96022
0.158755
0.906887
0.464982
1.0
1.0
0.764176
0.99978
1.0

0.660228
0.0
0.156616
0.0
0.121521
1.0
0.933846
0.0
0.981099
1.0
0.132528
0.894286
1.0
0.788205
1.0
1.0
1.0
0.405202
1.0
1.0

0.238745
0.0
0.114384
0.061444
0.420599
1.0
1.0
0.0
1.0
1.0
0.72696
0.611648
0.782784
0.92022
1.0
1.0
1.0
0.704982
0.988352
1.0

0.805974
0.0
-0.034504
0.0
0.196728
1.0
1.0
0.063223
1.0
1.0
1.0
1.0
1.0
1.0
1.0
1.0
1.0
1.0
0.999194
1.0

0.379613
-4.1e-05
-0.414576
0.0
0.0
1.0
1.0
0.0
0.942051
1.0
1.0
1.0
0.788205
0.949377
1.0
0.999487
1.0
1.0
1.0
1.0

0.733458
0.0
0.0
0.0
0.214902
1.0
1.0
0.0
0.958828
0.99978
0.878755
0.72359
0.993407
1.0
1.0
1.0
1.0
0.704982
0.99978
1.0

0.660228
-0.114817
0.050827
-0.095662
0.01526
1.0
1.0
0.0
0.981099
0.672454
0.99978
0.741905
0.92022
0.949377
1.0
1.0
1.0
1.0
1.0
0.988352

0.444312
-0.075292
0.0
0.0
0.222577
1.0
1.0
0.0
1.0
1.0
0.600073
1.0
0.483736
0.158755
1.0
1.0
1.0
1.0
1.0
0.997729

0.502858
0.0
-0.026647
0.0
0.0
1.0
1.0
0.0
1.0
1.0
0.3
0.843004
0.572528
0.483736
1.0
1.0
1.0
1.0
0.998901
1.0

0.610687
0.0
0.0
0.063047
0.0
1.0
1.0
0.0
0.954359
1.0
1.0
0.713773
0.78674
1.0
1.0
0.992601
1.0
0.884908
1.0
0.998901

0.07818
0.0
0.0
0.0
0.198813
1.0
0.855604
0.0
1.0
0.132528
1.0
1.0
0.043297
0.998608
0.959048
1.0
1.0
0.998022
0.999487
0.99978

0.969039
0.0
0.084767
0.0
0.0
1.0
1.0
0.0
1.0
1.0
1.0
1.0
1.0
1.0
1.0
0.999194
0.493114
1.0
0.577802
1.0

0.606481
-0.041397
-0.118689
0.215287
0.003876
1.0
0.80696
0.062051
0.987253
1.0
0.132528
0.741905
0.895751
1.0
0.859707
1.0
1.0
1.0
1.0
0.999487

0.733458
0.0
0.175913
0.0
0.0
1.0
1.0
0.147912
1.0
1.0
1.0
1.0
0.453846
0.999487
0.972821
1.0
1.0
0.94967
0.892234
1.0

