open_8
Left

-0.224291
0.373628
0.113025
0.143281
-0.481502
0.226012
0.05326
0.00022
0.007839
0.0
0.0
0.710549
0.590696
0.590696
0.614432
0.05619
0.05619
0.0
0.002564
0.002564

-0.072306
0.623838
0.200463
0.140495
-0.684749
0.253925
0.071136
0.0
0.0
0.0
0.0
0.656923
0.32989
0.32989
0.311429
0.002857
0.002857
-0.180163
0.0
0.0

-0.104051
0.723511
0.079312
-0.021789
-0.648178
0.294887
0.235824
0.011062
0.0
0.0
0.0
0.700733
0.313773
0.313773
0.3
0.006667
0.006667
-0.132843
0.0
0.0

-0.133877
0.177896
0.0
0.268047
-0.337664
0.65796
0.028645
0.011062
0.32696
0.0
0.0
0.772674
0.961978
0.994506
0.302344
0.0
0.006667
0.069963
0.0
0.0

0.162486
-0.051703
0.0
0.36129
-0.648178
0.631946
0.582198
0.0
0.069084
0.0
0.0
0.830989
0.600659
0.768278
0.3
0.0
0.0
0.0
0.065568
0.026886

0.202126
0.053413
-0.208604
0.112261
0.08622
0.559851
0.0
0.017509
-0.035032
0.0
0.019267
1.0
0.945275
1.0
0.179267
0.0
0.0
0.0
0.0
0.0

0.042744
0.049661
0.0
0.079981
-0.337664
0.587842
0.072894
0.0
0.207253
0.0
0.0
0.510842
0.458535
0.571355
0.308498
0.0
0.0
-0.055392
0.0
0.0

0.198014
0.373628
0.0
0.100574
0.029784
0.267724
0.356557
0.0
0.396117
0.0
0.0
0.258681
0.747473
0.025128
0.248865
0.006667
0.0
0.031282
0.0
0.0

-0.072306
0.146122
-0.142312
0.114719
-0.159958
0.624066
0.056484
0.0
0.266593
0.0
0.0
1.0
0.612088
1.0
0.498535
0.0
0.0
0.0
0.0
0.0

0.051238
0.146122
0.0
0.004771
-0.18321
0.153377
0.172821
0.021319
0.241978
0.0
0.0
0.742931
0.043883
0.053553
0.156557
0.0
0.0
-0.055392
0.0
0.0

0.020083
-0.05936
0.0
0.100574
-0.329175
0.333636
0.060879
0.0
0.157289
0.0
0.0
0.572234
0.245201
1.0
0.021319
0.0
0.0
0.0
0.026886
0.0

0.202126
-0.025106
-0.002265
0.156539
-0.343569
0.806614
0.0
0.0
0.002857
0.0
0.0
0.705861
1.0
0.763297
0.352161
0.0
0.0
0.0
0.004322
0.0

0.060193
0.24442
0.0
0.089913
-0.337664
0.624066
0.0
0.021319
0.338388
0.0
0.002564
0.669377
0.699121
0.80989
0.557582
0.05619
0.0
-0.143075
0.0
0.002857

0.005108
-0.3183
0.0
0.032717
-0.153653
0.341572
0.115971
0.035971
0.430256
0.0
0.0
0.52022
0.998608
1.0
0.364615
0.0
0.0
-0.180163
0.0
0.026886

0.120281
-0.150785
0.200463
0.100574
0.040659
0.516368
0.062637
0.0
0.031575
0.0
0.0
0.258681
0.355092
0.709084
0.021319
0.004322
0.0
0.0
0.0
0.0

-0.250343
-0.205101
-0.516284
0.0
-0.329175
0.742494
0.32022
0.0
0.174872
0.0
0.0
0.258681
0.763297
0.554359
0.238169
0.0
0.05619
0.0
0.0
0.0

-0.133877
0.254272
0.0
0.112261
-0.060528
0.277917
0.195531
0.0
0.0
0.0
0.0
0.830989
0.673333
0.344542
0.179267
0.0
0.0
0.0
0.0
0.0

0.202404
-0.306508
-0.464582
0.474219
0.029784
0.349556
0.233187
0.0
0.072601
0.128864
0.0
1.0
0.310843
1.0
0.135751
0.0
0.0
0.0
0.0
0.0

