open_b
Left

0.639346
0.226379
0.098107
0.054231
-0.246616
0.0
-0.187424
0.082648
0.0
0.0
0.0
0.0
0.0
0.0
-0.00965
0.0
0.0
0.0
0.0
0.0

0.482258
-0.106565
-0.038194
0.104978
-0.035319
0.316714
0.004615
0.0
0.0
0.0
0.0
0.0
0.0
0.0
0.0
0.0
0.0
0.0
0.0
0.0

0.591968
-0.150945
-0.056433
0.149727
0.095458
0.0
-0.001267
0.052682
0.0
0.0
0.0
0.0
0.0
0.0
0.0
0.0
0.0
0.0
0.0
0.0

-0.18009
-0.048786
-0.004078
0.241339
-0.027124
0.143358
-0.187424
0.0
0.013407
0.0
0.0
0.0
0.0
0.0
0.0
0.0
0.0
0.0
0.0
0.0

0.639346
0.067341
0.066868
0.185926
0.199653
0.09059
-0.028651
0.0
0.0
0.0
0.0
0.224689
0.0
0.0
0.0
0.0
0.0
0.0
0.0
0.004029

0.038014
0.454081
-0.077571
-0.367306
0.062543
0.0
0.0
-0.000426
0.0
0.0
0.0
0.013114
0.0
0.0
-0.013557
0.0
0.0
0.0
0.0
0.0

-0.074424
0.6284
-0.065065
0.115171
-0.077973
0.186982
-0.001267
-0.000426
0.0
0.0
0.0
0.0
0.0
0.0
0.0
0.0
0.0
0.002271
0.0
0.0

-0.391397
-0.137621
-0.332328
0.051634
0.106771
0.0
0.0
0.0
0.0
0.0
0.0
0.082857
0.0
0.0
0.0
0.0
0.0
-0.019148
0.0
0.0

0.114268
0.005327
-0.418867
0.133697
0.062543
0.202801
0.0
0.0
0.0
0.0
0.0
0.0
0.0
0.0
0.036587
0.0
0.0
0.0
0.0
0.0

-0.510572
-0.139214
0.282267
0.266212
0.210076
0.167203
0.0
-0.042413
0.0
0.0
0.0
0.0
0.0
0.0
0.0
0.002564
0.001978
0.0
0.0
0.0

0.114268
-0.672683
0.332875
0.433026
0.187332
0.118029
-0.10794
-0.000426
0.0
0.0
0.0
0.0
0.0
0.0
0.0
0.0
0.0
0.0
0.0
0.004029

-0.225311
-0.231736
-0.365289
0.220892
0.022468
0.0
0.015079
0.0
-0.063084
0.0
0.0
0.0
0.0
0.0
-0.025714
0.001978
0.0
0.0
0.0
0.0

0.217287
-0.188637
-0.116581
0.01696
0.202959
0.0
-0.124041
0.024249
0.003736
0.0
0.0
0.0
0.0
0.0
0.000744
0.0
0.0
0.0
0.0
0.0

-0.074424
-0.150945
0.098107
0.043857
-0.260499
0.0
0.0
0.0
0.029817
0.0
0.0
0.0
0.0
0.0
0.0
0.0
0.0
0.0
0.0
0.0

0.636956
-0.048786
-0.019881
0.083886
-0.151263
0.185121
0.04652
-0.018677
-0.048694
0.0
0.0
0.013114
0.0
0.0
0.0
0.0
0.0
0.0
0.0
0.0

-0.684912
-0.714257
0.22845
0.194292
0.008623
0.209241
0.014286
0.0
0.0
0.0
0.0
0.224689
0.0
0.0
0.0
0.0
0.0
0.0
0.0
0.0

0.591968
-0.076293
0.282267
0.089255
0.187332
0.0
0.02044
-0.005214
0.0
0.0
0.0
0.0
0.0
0.0
0.0
0.0
0.0
0.00315
0.0
0.0

0.838055
-0.07333
-0.004078
0.432379
0.339425
0.038439
-0.187424
0.0
0.0
0.0
0.0
0.0
0.0
0.0
0.050625
0.002564
0.0
0.0
0.0
0.0

