p
Left

0.392903
0.442855
0.066829
0.0
0.321518
0.867644
0.429524
0.034212
0.022198
0.0
0.0
0.750696
0.01663
0.01663
1.0
0.571941
0.571941
0.783663
0.624689
0.624689

0.80288
-0.024283
0.00736
0.0
0.030007
0.987427
0.406667
0.0
0.072015
0.0
0.0
0.641685
0.031575
0.031575
1.0
0.526813
0.526813
0.988571
0.565641
0.565641

0.466738
0.582043
0.0
0.0
0.010338
0.713009
0.105861
0.0
0.1863
0.0
0.0
1.0
0.027179
0.027179
1.0
0.680513
0.680513
0.962271
0.822491
0.822491

0.534517
-0.958473
-0.412373
0.0
0.787697
0.987427
0.447692
0.011062
0.084029
0.0
0.0
0.639341
0.0
0.097216
1.0
1.0
1.0
0.508205
1.0
1.0

0.669064
-1.653215
0.0
0.0
0.07539
1.0
0.043297
0.030403
0.059414
0.0
0.0
1.0
0.208571
0.060586
1.0
1.0
0.227912
0.824542
1.0
0.999487

0.721773
-0.536364
0.0
0.0
0.0
1.0
0.195238
0.0
0.1863
0.0
0.0
0.997729
0.012527
0.0
1.0
1.0
1.0
1.0
0.822491
1.0

0.628098
0.022886
-0.00292
0.0
0.017744
1.0
0.358022
0.0
0.114799
0.0
0.0
1.0
0.0
0.317289
1.0
1.0
1.0
1.0
1.0
0.035971

0.586773
0.546226
0.0
0.0
0.007658
0.867644
0.105861
0.0
0.084029
0.0
0.0
0.945275
0.043004
0.059414
1.0
1.0
1.0
1.0
0.726081
0.726081

0.355119
-0.336788
-0.845705
0.0
0.0
1.0
0.452381
0.0
0.239048
0.0
0.0
0.626154
0.097216
0.0
1.0
1.0
0.689158
1.0
0.99978
0.815165

1.0
-0.114203
0.0
0.0
0.039018
0.783641
0.305861
0.0
0.238022
0.0
0.0
1.0
0.406374
0.0
1.0
1.0
1.0
0.994945
0.234652
1.0

0.618263
0.888785
-0.474161
0.0
-0.161903
1.0
0.0
0.0
0.008718
0.0
0.0
0.742491
0.013993
0.002857
1.0
0.758608
1.0
0.661612
1.0
1.0

0.466738
-1.294993
0.0
0.0
0.0
0.867644
0.11641
0.0
0.235531
0.0
0.0
0.641685
0.055311
0.166374
1.0
1.0
0.136191
0.984542
1.0
1.0

0.743581
-0.917458
-1.131282
0.0
0.071862
1.0
0.324029
0.011062
0.114799
0.0
0.0
1.0
0.002857
0.054725
1.0
0.865275
1.0
0.661612
0.565641
1.0

0.720817
-1.191393
0.0
0.0
0.787697
1.0
0.20652
0.0
0.062344
0.033919
0.0
0.541319
0.087839
0.055311
1.0
0.758608
1.0
0.977509
0.99978
1.0

0.37389
-0.626445
-0.561467
0.0
0.010338
1.0
0.223516
0.0
0.207985
0.0
0.0
0.716703
0.011355
0.154066
1.0
0.227912
0.758608
0.397289
0.997729
1.0

0.557037
-1.10305
0.0
0.0
0.152662
1.0
1.0
0.0
0.114799
0.0
0.0
1.0
0.0
0.028938
1.0
1.0
1.0
0.997143
1.0
0.944396

0.811598
0.290251
0.0
-0.011385
-0.015332
1.0
0.452381
0.0
0.27978
0.0
0.0
1.0
0.16022
0.166374
1.0
0.680513
1.0
1.0
1.0
0.997729

0.911106
-0.024283
-0.228194
0.0
0.0
1.0
0.292674
0.0
0.224542
0.0
0.007839
0.854139
0.017216
0.055311
1.0
1.0
1.0
0.770916
0.68652
0.234652

