q
Left

1.0
-0.023805
0.0
0.0
0.26338
1.0
0.132821
0.0
0.571648
0.0
0.0
1.0
0.998022
0.998022
1.0
0.999194
0.999194
0.881978
1.0
1.0

1.0
-0.1272
0.0
0.0
0.410416
1.0
0.13326
0.0
0.389524
0.0
0.0
1.0
0.998022
0.998022
1.0
0.999194
0.999194
0.817949
1.0
1.0

1.0
-0.036259
0.0
0.0
0.177165
0.964808
0.148938
0.0
0.82
0.0
0.0
1.0
0.998022
0.998022
1.0
0.999194
0.999194
0.925348
1.0
1.0

1.0
-0.348453
-0.04882
0.015073
0.393885
1.0
0.130916
0.0
0.82
0.040073
0.08315
0.753333
0.999194
0.998608
0.531502
1.0
1.0
0.658681
1.0
1.0

1.0
-0.558436
0.0
-0.130823
0.505742
1.0
0.441538
0.0
0.555238
0.0
0.04652
0.580586
1.0
1.0
0.927106
1.0
0.999194
0.753626
1.0
1.0

1.0
-0.036259
0.0
0.009257
0.579171
1.0
0.0
0.0
0.196264
0.018095
0.041538
1.0
1.0
1.0
0.772821
1.0
1.0
0.817949
1.0
1.0

1.0
-0.590402
0.397496
0.0
0.458117
1.0
0.236117
0.0
0.381758
0.0
0.067033
1.0
1.0
0.993846
1.0
1.0
0.999194
0.306593
1.0
0.999194

0.941848
-0.471229
0.032375
0.0
0.438135
1.0
0.408132
0.0
1.0
0.103077
0.06674
1.0
1.0
0.99978
0.412528
1.0
0.999487
0.981538
1.0
0.999194

1.0
-0.543256
0.31865
0.179266
0.49194
1.0
0.032454
0.0
0.232747
0.010183
0.094579
0.212821
1.0
0.999194
0.971355
1.0
1.0
0.284469
1.0
0.999194

1.0
-0.405002
0.0
0.0
0.086844
1.0
0.181612
0.0
0.441538
0.018388
0.008132
0.812234
0.998608
1.0
0.412528
1.0
1.0
0.628059
1.0
1.0

1.0
0.0
-0.087897
0.0
0.135383
1.0
0.585714
0.0
0.051795
0.0
0.035678
0.765348
1.0
1.0
0.655018
1.0
1.0
0.738535
1.0
1.0

0.941848
-0.35142
0.050564
0.015073
0.700215
1.0
0.239634
0.0
0.556703
0.06674
0.05619
1.0
1.0
1.0
1.0
1.0
1.0
0.975238
0.998901
1.0

1.0
0.193733
0.032375
0.0
-0.376808
1.0
0.0
0.0
0.125055
0.008132
0.040073
0.149084
0.999194
1.0
0.772821
1.0
1.0
0.244322
1.0
1.0

1.0
-0.262396
0.195394
0.0
0.171907
0.730965
0.106593
0.0
0.571648
0.0
0.059414
0.995348
1.0
1.0
0.412528
1.0
0.999194
0.70293
0.99978
1.0

1.0
0.085688
0.050564
0.612258
0.49194
1.0
0.0
0.0
0.375604
0.067619
0.090769
1.0
1.0
0.998608
1.0
1.0
1.0
0.738535
1.0
1.0

0.950532
-0.62937
0.0
0.0
0.453928
1.0
0.425421
0.0
0.778828
0.011062
0.011062
1.0
0.998608
1.0
0.731355
1.0
1.0
0.512747
1.0
0.99978

1.0
-0.93405
-0.087897
0.0
0.700215
0.912877
0.0
0.0
0.719341
0.0
0.103077
1.0
0.993846
0.993846
0.681245
1.0
1.0
0.975238
1.0
1.0

1.0
-0.542378
0.191027
0.0
0.793596
1.0
0.236117
0.0
0.097509
0.008132
0.067619
0.973113
0.998315
0.759487
1.0
1.0
1.0
0.691941
1.0
1.0

