s
Left

0.75497
0.0
0.0
0.0
0.02686
1.0
1.0
0.776777
1.0
1.0
1.0
1.0
0.998022
0.998022
1.0
0.999194
0.999194
0.973846
0.810916
0.810916

0.667624
0.0
0.0
0.0
0.0
1.0
1.0
0.692674
1.0
1.0
1.0
1.0
0.998022
0.998022
1.0
0.999194
0.999194
1.0
1.0
1.0

0.599334
0.0
0.0
0.0
0.136236
1.0
1.0
0.544689
1.0
1.0
1.0
1.0
0.998022
0.998022
1.0
0.999194
0.999194
0.857949
1.0
1.0

0.829205
0.0
0.0
0.269243
0.346037
1.0
1.0
0.739267
1.0
1.0
1.0
0.777363
1.0
1.0
1.0
1.0
1.0
0.639048
1.0
1.0

0.791138
0.0
0.0
0.194827
0.278429
1.0
1.0
0.776777
0.810183
1.0
1.0
1.0
1.0
0.998608
1.0
1.0
1.0
0.546887
1.0
1.0

0.788082
0.0
0.0
0.239638
0.0
1.0
0.841538
0.327253
0.938975
1.0
1.0
1.0
0.99978
1.0
1.0
1.0
1.0
0.771648
1.0
0.998901

0.760366
0.0
0.0
0.0
0.199691
1.0
1.0
0.752161
0.741172
1.0
1.0
1.0
0.998608
1.0
1.0
1.0
1.0
1.0
0.999487
1.0

0.769125
-0.103614
0.0
0.248832
0.0
1.0
0.937363
0.444176
1.0
1.0
1.0
0.786447
1.0
1.0
1.0
1.0
1.0
0.974579
1.0
0.999487

0.90323
0.0
0.0
0.0
0.254654
1.0
0.452527
1.0
1.0
1.0
1.0
1.0
1.0
1.0
0.703517
1.0
1.0
0.560073
1.0
0.998901

0.818555
0.0
0.0
0.0522
0.18774
1.0
1.0
0.034505
0.617949
1.0
1.0
1.0
0.998315
1.0
1.0
1.0
1.0
0.599487
1.0
1.0

0.973234
0.0
0.0
0.0
0.346037
1.0
0.609744
0.753626
1.0
1.0
1.0
0.701758
0.998608
1.0
1.0
0.998315
1.0
0.572674
1.0
0.999487

0.997194
-0.006257
-0.007016
0.0
0.273106
1.0
1.0
0.060293
1.0
1.0
1.0
1.0
1.0
0.998608
1.0
1.0
1.0
0.561978
0.999194
1.0

0.7822
0.0
0.0
0.0
0.068771
1.0
1.0
0.327253
1.0
1.0
1.0
1.0
1.0
1.0
1.0
1.0
1.0
0.833626
1.0
1.0

0.997194
0.0
0.0
0.0
-0.182508
1.0
0.522271
0.061465
0.629084
0.99978
1.0
0.786447
1.0
1.0
0.691502
1.0
1.0
0.767546
1.0
1.0

0.662409
0.0
-0.086752
0.0
0.028955
1.0
1.0
1.0
1.0
1.0
1.0
0.615165
1.0
1.0
1.0
1.0
0.999194
0.237289
0.999194
0.980293

0.63463
-0.068922
0.039753
0.009663
0.290876
1.0
0.849744
1.0
1.0
1.0
1.0
1.0
1.0
0.998022
1.0
1.0
0.999487
0.561978
1.0
1.0

0.443793
0.0
0.004053
0.0
0.402297
1.0
1.0
0.327253
0.733993
1.0
1.0
1.0
0.998315
1.0
1.0
1.0
1.0
0.560073
1.0
1.0

0.646065
0.0
0.0
0.0
0.432425
1.0
1.0
1.0
1.0
1.0
1.0
1.0
0.998022
0.99978
0.448278
1.0
1.0
0.599487
1.0
0.999487

