spread_open_e
Left

0.501839
0.227158
-0.207986
-0.221104
-0.164595
0.545532
0.259121
0.039194
-0.262573
1.0
1.0
-0.030189
0.998022
0.998022
0.295165
0.999194
0.999194
0.240513
1.0
1.0

0.551407
0.395365
-0.152368
-0.211888
-0.730714
0.534622
0.257802
0.006374
-0.117955
1.0
1.0
-0.052626
0.998022
0.998022
-0.035309
0.999194
0.999194
0.033626
0.891941
0.891941

0.505003
0.568626
0.010745
0.047429
-0.630488
0.566774
0.364176
0.07641
-0.227232
1.0
1.0
-0.138541
0.890183
0.890183
-0.201801
0.999194
0.999194
7.5e-05
0.638755
0.638755

-0.086569
1.743592
0.421019
-0.313822
-0.497697
0.96888
0.212967
0.0
-0.072696
1.0
1.0
-0.090647
1.0
1.0
0.068684
1.0
0.67685
0.0
0.350403
1.0

0.290704
0.632858
0.010745
-0.216214
-0.452295
0.585863
0.025128
0.064103
0.047399
1.0
1.0
-0.178379
0.762857
0.877875
0.072392
0.981026
1.0
-0.101052
0.324322
0.183956

0.282745
1.460997
-0.538525
-0.390706
-0.341431
0.487199
0.050916
0.0
0.035092
1.0
1.0
-0.08437
0.851209
1.0
-0.010492
1.0
0.821465
0.050104
0.504835
0.099707

0.113815
0.677639
1.4834
0.291057
-0.696077
0.487199
0.259121
0.0
-0.227232
1.0
1.0
-0.260233
0.886667
0.469963
-0.246686
1.0
0.8137
0.0
0.493114
0.982198

0.288278
0.568626
0.303664
-0.313822
-0.497697
0.691952
0.027766
0.07641
-0.022863
1.0
1.0
-0.091709
1.0
0.937802
0.072392
1.0
0.769451
0.0
0.852967
0.371502

0.204384
0.724421
0.320731
-0.473212
-0.423312
0.869013
0.088718
0.036264
0.047399
1.0
1.0
-0.342456
0.890183
0.665714
0.068684
1.0
1.0
0.021319
0.56315
0.358022

0.200327
0.566153
0.320731
-0.307835
-0.342072
0.274139
0.178388
0.0
-0.390017
1.0
1.0
-0.096496
0.851209
1.0
-0.014298
0.891062
0.712601
0.0
0.73619
0.306447

0.199207
0.563119
0.165223
-0.273454
-0.452295
0.032529
0.212967
0.0
-0.044513
1.0
1.0
-0.226582
1.0
0.83304
0.041832
1.0
1.0
0.240513
0.639341
0.615897

0.516115
0.707624
-0.013775
-0.473212
-0.584273
1.0
0.215604
0.0
-0.078373
1.0
1.0
-0.002605
1.0
1.0
-0.133673
1.0
0.522711
0.0
0.185714
0.44652

0.079698
0.804243
-0.072687
-0.18086
-0.215033
0.869013
0.178388
0.172527
0.071429
1.0
1.0
-0.093928
1.0
0.998608
-0.119836
1.0
0.712894
0.050104
0.615897
0.311429

-0.356743
0.636008
0.145655
-0.377887
-0.164595
0.174423
0.171355
0.064103
-0.089616
1.0
1.0
-0.178379
0.998315
0.995678
-0.088016
1.0
0.999194
0.023077
0.73619
0.712601

-0.11107
0.644464
0.212546
-0.221104
0.495798
0.420137
0.12359
0.352747
-0.007978
1.0
1.0
-0.19451
0.735458
1.0
-0.124617
1.0
1.0
0.240513
0.901612
0.321685

0.371942
0.324905
0.157115
-0.34514
-0.103625
0.626502
0.038022
0.0
-0.220949
0.99978
1.0
0.000618
0.877875
0.918608
-0.057558
1.0
0.847106
0.029524
0.520806
0.947326

0.323005
0.543951
-0.013775
-0.020053
-0.44384
0.691952
0.040659
0.0
0.017993
1.0
1.0
-0.218264
1.0
0.501612
-0.119836
1.0
1.0
0.360366
0.629817
0.683297

0.501839
0.712372
-0.008276
-0.377887
-0.421665
0.601437
0.153187
0.0
-0.05048
1.0
1.0
-0.372864
0.715678
0.976044
-0.124617
1.0
1.0
0.014872
0.514506
0.44652

