y
Left

-0.368751
0.0
0.0
0.0
-0.262548
0.0
-0.003046
0.178524
1.0
0.92652
0.92652
1.0
0.814286
0.814286
1.0
0.560513
0.560513
0.024249
0.082857
0.082857

-0.742324
0.0
0.0
0.0
-0.524506
0.0
-0.195628
0.080231
1.0
0.892601
0.892601
1.0
0.998022
0.998022
1.0
0.927692
0.927692
0.362857
0.059707
0.059707

-0.589901
0.0
0.0
0.0
-0.160894
0.0
-0.040937
0.054127
1.0
0.991209
0.991209
1.0
0.998022
0.998022
1.0
1.0
1.0
0.805494
0.093114
0.093114

-0.061005
0.0
0.0
0.011938
-0.143213
0.0
0.056495
-0.1875
1.0
1.0
1.0
1.0
0.814286
1.0
0.961318
1.0
1.0
0.201978
0.038901
0.0

0.055418
0.0
0.0
-0.06076
-0.356928
0.06483
-0.017636
-0.009961
1.0
0.892601
1.0
1.0
0.657216
0.998315
1.0
1.0
1.0
0.507179
0.0
0.0

0.157372
0.0
0.0
0.0
0.0022
0.0
-0.085854
0.054127
0.99978
0.991209
0.92652
1.0
0.826154
0.998022
1.0
1.0
1.0
0.412528
0.0
0.0

-0.14251
0.0
0.0
0.0
-0.258516
0.0
-0.012638
-0.008689
1.0
0.991209
1.0
1.0
1.0
0.998022
1.0
1.0
0.987583
0.23348
0.0
0.0

-0.304006
-0.001381
-0.000904
0.008952
-0.313741
0.0
-0.040937
-0.088642
1.0
1.0
1.0
1.0
1.0
0.999194
1.0
1.0
0.70967
0.522564
0.0
0.0

1.0
0.0
-0.096983
0.0
-0.195284
0.0
-0.121388
-0.002611
1.0
0.687399
1.0
0.99978
1.0
0.956923
1.0
1.0
1.0
0.186593
0.0
0.001978

0.5551
0.0
0.0
-0.06076
-0.352656
0.0
-0.230676
0.0
1.0
1.0
1.0
1.0
1.0
1.0
1.0
0.560513
1.0
0.412528
0.053553
0.0

0.532275
0.0
0.0
0.0
-0.13911
0.064535
-0.012638
-0.15859
1.0
1.0
1.0
1.0
0.978535
1.0
1.0
0.747179
1.0
0.347766
0.069377
0.0

0.48828
0.0
0.0
0.0
-0.016833
0.0
0.064396
-0.1875
0.99978
1.0
1.0
1.0
1.0
1.0
1.0
0.971355
1.0
0.186593
0.0
0.0

0.571637
0.0
0.0
0.0
-0.550878
0.0
-0.012638
-0.08187
1.0
1.0
1.0
1.0
1.0
1.0
1.0
1.0
1.0
0.805494
0.0
0.0

0.265923
0.0
0.0
0.0
-0.219938
0.0
-0.085854
-0.01603
1.0
1.0
1.0
1.0
0.619121
1.0
1.0
1.0
1.0
0.186593
0.0
0.082857

0.41117
0.0
-0.000904
0.0
0.0022
0.0
-0.003046
-0.002611
1.0
1.0
1.0
1.0
0.812528
1.0
1.0
1.0
1.0
0.21033
0.005495
0.0

0.561373
0.0
0.0
0.0
-0.264403
0.0
-0.077343
-0.037934
0.932967
1.0
1.0
1.0
1.0
0.880513
1.0
1.0
1.0
0.412528
0.053553
0.0

0.392176
0.0
0.0
0.0
-0.788496
0.0
0.020733
0.0
1.0
0.991209
1.0
0.999414
0.58337
0.723443
1.0
1.0
1.0
0.38381
0.0
0.0

0.575717
0.0
0.0
0.0
-0.077607
0.315781
0.056495
-0.002611
1.0
1.0
1.0
1.0
0.979707
1.0
0.938461
1.0
1.0
0.227326
0.0
0.0

