4
Left

0.549505
0.632532
-0.014197
-0.207906
-0.429383
1.0
0.958169
0.456923
-0.075509
0.0
0.0
-0.018108
0.0
0.0
0.0
0.0
0.0
0.0
0.0
0.0

0.560717
0.574893
0.004196
-0.138419
-0.505292
1.0
0.799634
0.368865
-0.069463
0.0
0.0
0.004908
0.0
0.0
0.0
0.0
0.0
0.0
0.0
0.0

0.565056
0.403087
0.024886
-0.160154
-0.483997
1.0
0.693407
0.412234
0.0
0.0
0.0
0.0
0.0
0.0
0.0
0.0
0.0
0.0
0.0
0.0

0.317647
0.07826
0.195006
-0.297069
-0.327917
1.0
1.0
0.029817
0.0
0.0
0.0
-0.000247
0.0
0.0
-0.016028
0.0
0.0
0.030403
0.0
0.0

-0.30012
0.68014
0.124564
-0.18806
-0.340668
1.0
1.0
0.0
-0.117892
0.0
0.0
0.230843
0.0
0.0
-0.042688
0.0
0.0
0.017802
0.0
0.0

0.28743
0.618067
-0.011
-0.18706
0.005852
1.0
1.0
0.042125
0.0
0.0
0.0
0.0
0.0
0.0
0.0
0.0
0.0
-0.01863
0.0
0.0

0.325909
0.589541
0.073056
-0.297069
0.005852
1.0
1.0
0.043297
-0.075509
0.0
0.0
0.014118
0.0
0.0
0.0
0.0
0.0
0.07641
0.0
0.0

-0.100717
0.674767
0.632971
-0.18706
-0.157392
1.0
1.0
0.032747
-0.102816
0.0
0.0
0.0
0.0
0.0
0.0
0.0
0.0
0.0
0.0
0.0

0.089534
0.541869
0.143798
-0.160154
-0.603632
1.0
1.0
0.412234
0.062344
0.0
0.0
0.0
0.0
0.0
0.03978
0.0
0.0
0.0
0.0
0.0

0.436712
0.442632
0.304059
-0.297069
0.480749
1.0
1.0
0.000806
0.028059
0.0
0.0
0.094872
0.0
0.0
0.0
0.0
0.0
-0.103513
0.0
0.0

0.300923
0.477834
0.150873
-0.15526
-0.183841
1.0
1.0
0.337363
0.005236
0.0
0.0
0.0
0.0
0.0
0.0
0.0
0.0
0.0
0.0
0.0

0.255827
0.0
-0.008156
-0.118103
-0.121975
1.0
1.0
0.049158
-0.05153
0.0
0.0
-0.123392
0.0
0.0
-0.029802
0.0
0.0
0.0
0.0
0.0

0.613431
0.442632
0.240518
-0.130496
-0.185446
1.0
1.0
0.020733
0.022784
0.0
0.0
0.039568
0.0
0.0
0.0
0.0
0.0
0.018388
0.0
0.0

-0.183329
0.493561
0.004196
-0.110381
-0.849977
1.0
1.0
0.049158
-0.043879
0.0
0.0
0.0
0.0
0.0
-0.120381
0.0
0.0
-0.068758
0.0
0.0

-0.19786
0.618067
0.17268
-0.182632
-0.611269
1.0
1.0
0.285348
-0.085857
0.0
0.0
0.0
0.0
0.0
0.0
0.0
0.0
0.0
0.0
0.0

0.533582
1.068
-0.153443
0.120409
-0.633799
1.0
0.958169
0.059707
0.014286
0.0
0.0
0.0
0.0
0.0
-0.098972
0.0
0.0
-0.039134
0.0
0.0

0.239817
0.26203
0.017666
0.317328
-0.593465
1.0
1.0
0.0
-0.080618
0.0
0.0
0.0
0.0
0.0
0.0
0.0
0.0
-0.015498
0.0
0.0

0.611836
0.525348
0.08028
-0.324885
-0.70332
1.0
1.0
0.314359
-0.117892
0.0
0.0
-0.098536
0.0
0.0
0.0
0.0
0.0
0.0
0.0
0.0

