5
Left

0.099691
0.371591
-0.153978
-0.188785
-0.432199
0.0
-0.054958
-0.044986
-0.01408
0.0
0.0
-0.025038
0.0
0.0
-0.081321
0.0
0.0
0.0
0.0
0.0

0.186361
0.390676
-0.241753
-0.390685
-0.59414
0.049858
0.018388
0.0
-0.023483
0.0
0.0
0.0
0.0
0.0
-0.082774
0.0
0.0
0.0
0.0
0.0

0.216933
0.417755
-0.23891
-0.37685
-0.644663
0.067843
0.0
0.0
0.0
0.0
0.0
0.0
0.0
0.0
-0.070756
0.0
0.0
-0.042786
0.0
0.0

0.362056
0.597367
-0.228596
-0.133894
-0.991979
0.032871
0.0
0.012756
-0.021342
0.0
0.0
-0.079913
0.0
0.0
0.0
0.0
0.006374
0.0
0.0
0.0

0.229929
0.910585
-0.012195
-0.224696
-0.425104
0.497625
0.0
0.0
-0.112979
0.0
0.005495
0.0
0.0
0.0
0.036164
0.0
0.0
-0.041502
0.0
0.0

-0.278375
0.404568
0.152833
-0.165321
-0.202548
0.0
-0.045696
0.0
-0.042799
0.037729
0.0
-0.017375
0.0
0.0
-0.116322
0.0
0.0
-0.117729
0.0
0.0

0.381907
0.766332
-0.034405
-0.101745
-0.91941
0.414795
-0.107011
0.0
-0.057318
0.037729
0.0
-0.099544
0.0
0.0
-0.070756
0.0
0.0
0.0
0.0
0.0

0.160312
0.385261
0.058342
-0.37685
-0.746672
0.154923
-0.026576
0.0
0.021612
0.0
0.0
0.0
0.0
0.0
-0.073109
0.0
0.0
0.0
0.0
0.0

0.306056
0.871347
0.121453
-0.089161
-1.181535
0.215017
-0.045696
0.0
-0.090386
0.0
0.0
-0.05623
0.0
0.0
0.0
0.0
0.0
-0.039398
0.0
0.004029

0.436501
0.463675
0.145621
-0.373451
-0.818814
0.501143
0.0
0.0
0.074652
0.0
0.0
-0.090467
0.0
0.0
0.0
0.006374
0.0
-0.094093
0.0
0.0

-0.0041
0.475357
0.222163
0.068779
-0.805021
0.105929
-0.107011
0.0
0.0
0.005495
0.023077
-0.056545
0.0
0.0
0.0
0.0
0.0
-0.045459
0.0
0.0

1.0
0.363376
0.121453
-0.434189
-0.219647
0.318841
0.0
0.007253
-0.005601
0.023077
0.0
-0.024315
0.0
0.0
-0.21207
0.0
0.0
-0.072417
0.0
0.0

0.216933
0.363376
-0.115992
-0.089161
-0.493851
0.173477
0.0
0.0
-0.051086
0.0
0.0
-0.066017
0.0
0.0
0.0
0.0
0.0
-0.117729
0.0
0.0

0.183915
0.475357
0.010374
-0.011103
-0.818814
0.027391
0.0
-0.063654
0.276557
0.0
0.0
-0.018407
0.0
0.0
-0.073109
0.0
0.0
-0.055636
0.0
0.0

0.078692
0.183928
0.062948
-0.434902
-0.460859
0.067843
0.177216
-0.06846
-0.005601
0.001392
0.0
-0.05623
0.0
0.0
0.0
0.0
0.0
0.040952
0.0
0.0

0.356805
0.356986
0.53726
-0.467211
-0.525045
0.157051
0.0
0.0
0.0
0.0
0.0
-0.027785
0.0
0.0
0.0
0.0
0.0
0.0
0.001685
0.0

-0.0041
0.597367
-0.034405
-0.106821
-0.339542
0.242139
0.0
0.016044
-0.074402
0.0
0.0
0.0
0.0
0.0
-0.127569
0.0
0.0
-0.134751
0.0
0.0

0.287416
0.337372
-0.018077
-0.390685
-0.202548
0.0
0.0
0.0
-0.100596
0.0
0.0
-0.052092
0.0
0.0
-0.155271
0.0
0.0
-0.082359
0.0
0.0

