7
Left

0.523875
0.37128
-0.140615
-0.078549
0.134503
1.0
0.274212
0.018681
-0.02612
0.0
0.0
-0.011329
0.0
0.0
0.779707
1.0
1.0
0.0
0.0
0.0

0.42545
0.462884
-0.028151
-0.063421
-0.11611
1.0
0.287106
0.082271
-0.075839
0.0
0.0
0.0
0.0
0.0
0.908059
1.0
1.0
0.0
0.0
0.0

0.480648
0.275326
-0.088633
-0.085199
-0.348473
1.0
0.287106
0.047985
0.0
0.0
0.0
0.000806
0.0
0.0
0.828059
1.0
1.0
0.05326
0.0
0.0

0.303657
0.665567
-0.088633
0.0
0.17042
1.0
0.764762
0.0
-0.06449
0.0
0.0
0.319927
0.0
0.0
0.263956
0.187766
0.734139
0.002857
0.002857
0.0

0.610058
0.379328
-0.117222
0.048159
-0.11611
1.0
0.799341
0.004029
0.017643
0.0
0.0
0.149963
0.0
0.0
0.316703
1.0
1.0
0.002271
0.010183
0.0

0.744789
0.706213
0.141938
-0.250911
0.011272
1.0
0.262784
0.0
0.0
0.0
0.0
0.00989
0.0
0.0
0.398608
1.0
1.0
0.058242
0.0
0.0

0.32935
0.306852
0.058696
0.0
-0.348473
1.0
0.306593
0.122857
-0.075839
0.0
0.0
0.024835
0.0
0.0
0.263956
1.0
1.0
0.0
0.0
0.0

0.68847
0.462884
-0.173853
-0.133838
0.036837
1.0
0.222637
0.0
-0.129113
0.0
0.0
0.069963
0.0
0.0
0.777949
1.0
1.0
0.000806
0.0
0.0

0.586992
-0.072272
-0.140615
0.0
0.060257
1.0
0.726081
0.109231
0.011648
0.0
0.0
-0.120149
0.0
0.0
0.349231
1.0
1.0
0.0
0.0
0.0

0.765232
0.421872
0.048495
-0.013076
0.134503
1.0
1.0
0.166374
-0.01817
0.0
0.0
0.025178
0.0
0.0
0.700586
0.765934
1.0
0.0
0.0
0.013114

0.83782
0.25898
0.009436
0.109496
-0.1261
1.0
0.287106
0.310256
0.017643
0.0
0.0
0.018388
0.0
0.0
0.669817
1.0
1.0
0.0
0.0
0.0

0.913242
0.69651
0.053698
0.408028
-0.10586
1.0
1.0
0.0
-0.129113
0.0
0.0
0.277729
0.0
0.0
0.183956
1.0
0.267619
0.0
0.0
0.06

0.560854
0.295048
-0.088633
0.183438
-0.11812
1.0
0.282564
0.0
0.0
0.0
0.0
0.076703
0.0
0.0
0.397289
1.0
1.0
0.0
0.013114
0.0

0.597317
0.318901
-0.645691
-0.023366
0.271232
1.0
0.899267
0.012821
0.0
0.0
0.0
0.00989
0.0
0.0
0.413114
1.0
1.0
0.081392
0.0
0.013993

0.811665
0.614227
-0.099019
0.156716
0.056024
1.0
0.351575
0.310843
-0.04844
0.0
0.0
0.0
0.0
0.0
0.436557
1.0
1.0
0.047692
0.0
0.0

0.684021
0.715806
-0.15238
0.023117
-0.13153
1.0
1.0
0.012821
0.0
0.0
0.0
0.319927
0.0
0.0
0.186154
1.0
0.6663
0.048571
0.0
0.0

0.663396
0.348848
0.080581
0.156716
0.17042
1.0
1.0
0.0
-0.04844
0.0
0.0
-0.120149
0.0
0.0
0.669817
1.0
0.734139
0.0
0.013993
0.0

0.663505
0.570416
0.009941
0.0
-0.037734
1.0
1.0
0.353919
0.0
0.0
0.0
0.020733
0.0
0.0
0.648132
1.0
1.0
0.030403
0.0
0.0

