8
Left

0.291495
0.348737
-0.217643
-0.333144
-0.816025
1.0
0.347766
0.065861
0.068035
0.0
0.0
0.230989
1.0
1.0
0.253114
0.0
0.0
0.008425
0.0
0.0

0.219742
0.428293
-0.098278
-0.28186
-0.740499
1.0
0.322418
0.001392
0.016487
0.0
0.0
0.19978
1.0
1.0
0.273187
0.0
0.0
0.022198
0.0
0.0

0.265184
0.318385
-0.074702
-0.186671
-0.834609
1.0
0.294579
0.0
0.059922
0.0
0.0
0.099853
1.0
1.0
0.180879
0.0
0.0
0.0
0.0
0.0

0.209814
0.254597
-0.098278
0.280855
-0.336237
1.0
0.327985
0.03685
0.312601
0.0
0.0
0.284762
0.136923
0.853114
0.306447
0.0
0.05326
0.0
0.0
0.0

0.803536
-0.199332
-0.162735
0.140691
-0.113016
1.0
1.0
0.072308
0.0
0.0
0.0
0.524469
0.809597
1.0
0.078169
0.0
0.0
-0.164017
0.0
0.0

1.0
0.580754
0.0
0.535185
-0.210913
1.0
0.746007
0.383224
0.0
0.0
0.0
0.19978
0.581612
0.758022
-0.001978
0.0
0.014872
0.0
0.0
0.0

0.950318
0.050649
-0.217643
0.184742
-0.274428
0.933469
1.0
0.417802
0.016487
0.0
0.0
0.317729
0.590696
1.0
0.329011
0.0
0.0
-0.152072
0.0
0.0

0.876989
0.176861
0.152713
0.275456
-0.643693
1.0
0.125348
0.944689
0.030002
0.015165
0.0
0.074652
0.712747
0.43685
0.494872
0.0
0.0
0.0
0.0
0.01663

0.701256
0.237067
0.403665
0.160897
-1.006389
1.0
0.178681
0.127106
0.057656
0.0
0.165641
0.451209
0.928278
1.0
0.001685
0.017216
0.05326
-0.076436
0.0
0.0

0.848384
0.176861
-0.040798
0.163921
-0.895529
1.0
0.110696
0.0
0.044762
0.0
0.0
0.394945
0.999707
0.235824
0.128041
0.0
0.0
0.0
0.0
0.0

0.58017
-0.041291
0.358162
-0.021446
-0.302281
1.0
1.0
0.435385
0.0
0.0
0.0
0.641978
0.729304
0.844176
0.415751
0.0
0.019267
0.073773
0.0
0.0

0.263359
-0.148503
0.152713
0.140691
-0.210913
1.0
0.365641
0.077875
0.0
0.048571
0.0
0.295018
0.844176
0.850623
0.306447
0.0
0.022491
0.0
0.0
0.0

0.246033
0.523757
0.034764
0.280855
-0.09316
1.0
0.634945
0.0
0.0
0.0
0.0
0.469524
0.212674
0.257802
-0.041798
0.0
0.014579
-0.027317
0.0
0.0

0.209814
-0.041291
0.146871
-0.023365
-0.748377
1.0
0.667473
0.084029
-0.058638
0.0
0.004908
0.401099
0.961685
0.467033
0.451795
0.0
0.0
0.0
0.0
0.0

0.670484
-0.120366
0.556835
0.184742
-0.643693
1.0
0.063516
0.001392
0.0
0.034799
0.0
0.322564
0.690623
0.521392
-0.001978
0.0
0.007253
0.022198
0.0
0.0

0.783708
0.918022
0.182526
0.140691
-0.2989
1.0
0.633626
0.047692
0.024249
0.004908
0.015165
0.361245
0.257802
0.656923
0.045641
0.0
0.0
0.073773
0.0
0.0

0.93771
0.050649
0.358162
0.432246
-0.748377
1.0
0.365641
0.0
0.011355
0.0
0.0
0.826886
0.729304
0.716703
0.090183
0.0
0.010769
0.0
0.0
0.0

0.668495
0.272327
0.178084
0.010769
-0.265023
0.899225
0.864396
0.072308
-0.058638
0.0
0.0
0.509817
0.998315
0.248132
0.153187
0.0
0.0
-0.164017
0.0
0.0

