baby_o
Left

0.82752
0.000318
0.0
0.0
0.0
0.978931
0.125055
0.078755
0.980842
0.712601
0.712601
1.0
1.0
1.0
1.0
1.0
1.0
1.0
1.0
1.0

0.66843
-0.060764
0.0
0.0
-0.002866
1.0
0.14967
0.114652
0.83011
0.906154
0.906154
1.0
1.0
1.0
1.0
1.0
1.0
0.988278
1.0
1.0

0.675266
-0.066436
0.0
0.0
0.0
1.0
0.069084
0.1863
0.876264
0.437436
0.437436
1.0
1.0
1.0
1.0
1.0
1.0
1.0
1.0
1.0

0.945321
-0.168889
0.0
0.0
-0.002866
1.0
0.098388
0.523736
0.490769
0.955824
0.712601
1.0
0.997436
1.0
1.0
0.999487
1.0
0.792601
1.0
0.976044

0.678816
-0.116627
0.0
0.0
0.0
1.0
0.338974
0.0
0.520366
1.0
1.0
1.0
0.998315
0.99978
1.0
1.0
0.999487
0.876703
0.734872
0.999194

0.673367
-0.241696
0.0
0.0
0.147413
0.946697
0.530916
0.054139
0.529451
1.0
1.0
1.0
1.0
1.0
1.0
0.998828
1.0
1.0
1.0
1.0

0.656556
-0.141369
0.0
0.0
0.0
1.0
0.199194
1.0
0.391136
0.459414
0.482564
1.0
0.998608
1.0
1.0
1.0
1.0
1.0
1.0
1.0

0.744736
0.0
0.0
0.007176
0.012739
0.919843
0.255458
0.679194
0.695897
1.0
0.913773
1.0
1.0
1.0
1.0
1.0
1.0
1.0
1.0
0.821612

0.675266
-0.288773
0.0
0.0
9.7e-05
0.983587
0.355824
0.0
0.685348
1.0
0.99978
0.99978
1.0
1.0
1.0
0.724029
1.0
0.997509
0.99978
1.0

0.653155
0.0
0.0
0.0
0.0
1.0
0.0
0.028059
0.648425
0.459414
0.99978
1.0
1.0
1.0
1.0
0.998828
1.0
1.0
0.999194
1.0

0.185088
-0.030924
0.0
0.0
0.012739
0.96011
0.14967
0.0
0.744103
0.554359
0.712601
1.0
0.99978
1.0
1.0
1.0
0.915385
1.0
1.0
1.0

0.653547
-0.046063
0.0
0.0
0.0
0.951933
0.069084
0.0
0.631575
0.618828
0.370623
0.99978
0.998608
1.0
1.0
1.0
1.0
0.675238
0.999194
1.0

0.543867
-0.132781
0.0
0.0
0.0
1.0
0.458681
0.140879
1.0
0.618828
1.0
1.0
1.0
0.998608
1.0
0.999194
1.0
1.0
1.0
1.0

0.432169
0.011189
0.0
0.0
0.039179
1.0
0.217656
0.0
0.749524
0.174286
1.0
1.0
1.0
1.0
0.80022
1.0
1.0
1.0
0.997729
1.0

0.583099
0.0
0.0
0.0
0.0
1.0
0.467912
0.99978
0.683297
0.541612
0.482564
1.0
1.0
1.0
1.0
0.999487
0.975604
1.0
0.99978
1.0

0.634433
-0.17144
0.0
0.0
0.0
0.996348
0.261319
0.0
0.707326
1.0
1.0
1.0
1.0
1.0
1.0
1.0
1.0
1.0
1.0
0.718755

0.682021
-0.430599
0.0
0.0
0.0
1.0
0.467912
0.0
0.690037
1.0
0.561538
1.0
1.0
1.0
1.0
1.0
1.0
0.998022
0.997729
1.0

0.498458
0.345038
0.0
0.0
0.039179
0.941608
0.268645
0.081099
0.589817
0.508791
1.0
0.99978
1.0
1.0
1.0
1.0
1.0
1.0
1.0
0.970476

