bent_1
Left

0.794852
0.561813
0.263277
0.001776
0.324574
0.992272
0.443736
0.78337
-0.046729
0.424835
0.424835
0.939121
1.0
1.0
0.999121
1.0
1.0
0.576337
1.0
1.0

0.725733
0.535302
0.0
0.0
0.145433
0.806224
0.393773
1.0
0.118845
0.618974
0.618974
1.0
1.0
1.0
1.0
1.0
1.0
0.877289
1.0
1.0

0.753848
0.572166
0.0
0.0
0.442675
0.756297
0.438022
0.924469
0.133647
0.507766
0.507766
1.0
1.0
1.0
1.0
1.0
1.0
0.728718
1.0
1.0

0.753848
0.11829
0.0
0.0
0.000155
0.863738
0.941172
0.080513
0.3
0.748351
1.0
1.0
1.0
0.998022
1.0
1.0
1.0
0.519194
1.0
1.0

0.711064
0.221859
0.0
0.0
0.769012
0.992272
1.0
1.0
0.181307
1.0
1.0
1.0
1.0
0.998022
1.0
0.999194
1.0
0.999707
0.747473
0.999487

0.797845
-0.18111
0.0
0.001776
-0.158481
1.0
1.0
0.915238
0.212088
1.0
0.507766
1.0
0.999194
1.0
1.0
1.0
1.0
0.818095
1.0
1.0

0.85383
0.100825
0.0
0.0
0.0
1.0
1.0
0.915238
0.802271
0.99978
0.504249
0.621758
1.0
0.999194
1.0
1.0
1.0
0.534725
1.0
1.0

0.711064
0.311202
0.0
0.0
0.048773
1.0
0.247106
1.0
0.453553
1.0
1.0
0.634359
1.0
0.999194
1.0
1.0
1.0
0.959048
0.997729
1.0

0.753626
0.358302
0.0
0.0
0.0
0.992272
0.487253
1.0
0.108352
0.349817
1.0
1.0
1.0
1.0
1.0
0.999487
1.0
0.398755
1.0
0.98044

0.758623
-0.18111
-0.160207
0.0
0.001463
1.0
1.0
0.762711
0.133647
1.0
0.349817
1.0
1.0
1.0
0.723736
1.0
1.0
0.402125
1.0
1.0

0.230134
0.561813
0.0
0.211861
-0.209546
1.0
0.52359
0.713773
0.088571
1.0
1.0
0.759487
1.0
1.0
1.0
1.0
1.0
0.987289
1.0
1.0

0.753626
-0.065826
0.0
0.35926
0.113285
1.0
0.705275
0.137656
0.013407
1.0
1.0
0.922418
1.0
0.998608
1.0
0.999194
1.0
0.909524
1.0
1.0

0.715544
-0.418858
-0.02285
0.0
-0.005144
1.0
0.393773
0.0
0.152308
1.0
0.618974
0.956703
1.0
1.0
1.0
0.999487
1.0
1.0
0.997729
0.998901

0.952725
0.217572
0.162114
0.0
0.816842
1.0
0.690037
0.374139
0.118845
0.932674
0.728718
0.639634
1.0
1.0
1.0
1.0
1.0
0.965201
0.99978
1.0

0.931269
-0.285497
0.0
0.0
0.853595
1.0
0.96022
0.169304
0.282711
1.0
1.0
1.0
0.99978
0.998022
0.961978
1.0
1.0
0.82718
1.0
1.0

0.449962
0.112605
0.231819
0.0
0.0
1.0
0.38293
1.0
0.262784
1.0
1.0
1.0
1.0
1.0
1.0
0.999487
1.0
0.728718
1.0
1.0

0.807759
0.353
0.0
0.0
0.080824
1.0
0.94967
1.0
0.088571
1.0
0.590403
0.852381
1.0
0.998608
0.839634
1.0
1.0
0.997143
1.0
1.0

0.217484
0.217572
0.0
0.0
0.0
1.0
0.772674
0.82337
0.212088
1.0
0.899854
0.956703
1.0
1.0
1.0
1.0
1.0
0.877289
0.997729
0.999487

