bent_v
Left

0.210883
0.846515
-0.491763
0.0
-0.453456
1.0
0.546447
0.470843
0.0
0.770037
0.770037
-0.124815
0.376923
0.376923
1.0
1.0
1.0
0.520073
1.0
1.0

0.228992
0.669433
-0.661471
0.0
-0.250197
1.0
0.34044
0.27685
-0.040051
0.640806
0.640806
-0.20667
0.588645
0.588645
1.0
1.0
1.0
0.731355
1.0
1.0

0.333824
0.658907
-0.552748
0.0
-0.166758
1.0
0.421758
0.327546
0.0
0.753333
0.753333
-0.314781
0.648132
0.648132
1.0
1.0
1.0
0.683883
1.0
1.0

0.252177
0.181401
-0.130338
0.0
0.0
1.0
0.365934
0.813114
0.257509
1.0
1.0
-0.083753
0.546154
1.0
1.0
1.0
1.0
0.405495
0.998901
0.998901

0.180833
0.215465
-0.170136
0.131988
0.344778
1.0
1.0
1.0
0.094303
1.0
0.574872
-0.042592
0.998315
1.0
1.0
1.0
0.935458
0.433333
1.0
1.0

0.514867
0.249486
0.333772
-0.004114
0.098595
1.0
1.0
0.205641
-0.032104
1.0
0.738974
-0.20667
1.0
0.357729
1.0
0.999487
1.0
1.0
0.398022
1.0

0.869479
0.377169
-0.173593
0.003385
0.0
1.0
1.0
0.071722
0.084029
1.0
0.937509
0.0
1.0
1.0
1.0
0.999487
1.0
0.876117
1.0
1.0

0.339256
0.346005
-0.100009
-0.117705
0.36757
1.0
1.0
0.470843
0.002168
1.0
1.0
0.0
0.859121
1.0
0.519194
1.0
1.0
0.859853
0.99978
1.0

0.283732
0.407409
-0.074698
0.0006
-0.453456
1.0
1.0
0.456923
0.119109
0.875824
1.0
-0.124815
0.617363
1.0
1.0
1.0
1.0
0.884908
1.0
1.0

0.566439
0.45985
0.022771
0.043615
0.317423
1.0
1.0
1.0
0.005922
1.0
1.0
-0.025077
0.779414
0.998315
1.0
1.0
1.0
0.345128
1.0
1.0

0.869479
0.215465
-0.379533
0.0
0.0
1.0
1.0
0.417949
0.191033
0.876117
1.0
-0.20667
1.0
0.99978
1.0
0.999487
1.0
0.710696
1.0
1.0

0.46467
0.525281
-0.491763
0.0
0.174568
1.0
0.665275
0.063516
0.016278
0.677436
0.640806
-0.083753
0.54967
0.709963
0.575311
1.0
1.0
0.859853
1.0
1.0

0.333824
0.441588
-0.225959
0.0
0.502846
1.0
1.0
0.27685
0.071722
1.0
1.0
-0.045426
0.602857
0.376923
0.966081
1.0
1.0
0.674506
1.0
1.0

0.46467
0.658635
-0.237734
-0.048657
0.239132
1.0
0.688865
0.085495
0.119109
1.0
1.0
-0.20667
0.896337
0.550696
1.0
1.0
1.0
0.859853
1.0
0.999194

0.811844
0.46314
-0.379533
0.108585
0.366098
1.0
1.0
0.215018
0.054419
0.937509
1.0
-0.028878
0.546154
1.0
1.0
1.0
1.0
0.754799
1.0
0.99978

0.339256
0.429771
-0.455472
0.0
0.0
1.0
1.0
0.071722
0.112194
1.0
1.0
-0.095029
0.998022
0.998608
0.632601
1.0
0.999487
1.0
1.0
1.0

0.506064
0.525281
-0.173593
0.0
0.209761
1.0
0.546447
0.269524
0.257509
0.99978
1.0
0.0
0.921538
0.357729
0.587473
1.0
1.0
0.788498
1.0
1.0

0.46796
0.4317
0.178838
0.110331
0.14012
1.0
1.0
0.869963
-0.02317
1.0
0.640806
-0.11927
0.563297
0.779414
1.0
1.0
1.0
0.742637
1.0
1.0

