c
Left

1.0
0.075322
0.47061
0.204796
-0.104825
0.706631
0.0
0.0
0.169646
0.220147
0.220147
0.061465
0.266447
0.266447
0.029524
0.256923
0.256923
0.019853
0.048278
0.048278

0.927168
0.146124
0.347916
0.034591
-0.144545
0.807195
0.032747
0.126813
0.0
0.25956
0.25956
0.0
0.314652
0.314652
0.0
0.41707
0.41707
0.0
0.035092
0.035092

0.810528
0.21499
0.578267
0.271226
-0.134909
0.921133
0.200073
0.399341
0.028645
0.470256
0.470256
0.019267
0.407253
0.407253
0.0
0.693553
0.693553
0.007839
0.135018
0.135018

0.791155
-0.295499
-0.363866
0.104384
-0.305193
1.0
0.748352
0.0
0.058242
0.47348
1.0
-0.090993
0.354359
0.35978
0.0
0.430256
0.228498
0.18718
0.017802
0.234359

0.950457
-0.294478
-0.67421
-0.107728
-0.147923
0.938923
0.303077
0.399341
-0.102755
0.522857
0.99978
0.159341
0.682711
0.391429
0.028352
0.426447
0.628205
0.0
0.075531
0.369158

0.908022
-0.410645
0.077835
-0.494006
-0.561126
1.0
0.322564
0.0
0.064689
0.99978
0.627912
0.270989
0.549817
0.261319
0.164171
0.532967
0.634652
0.039934
0.008425
0.387912

0.971527
-0.514303
-1.534598
-0.399819
-0.121423
0.95854
1.0
0.133553
0.0
0.487546
0.99978
0.238169
0.649597
0.35641
0.195971
0.113626
0.500147
0.0
0.774432
0.070549

0.908022
0.075322
-0.67421
-0.290382
-0.642898
1.0
0.445641
0.002271
0.435385
0.180733
0.948205
0.307912
0.523004
0.354359
0.13033
0.628205
0.476117
0.022198
0.888425
0.0263

0.796104
-0.639063
-0.812383
-0.615974
0.719428
0.760925
1.0
0.0
0.127399
0.47348
0.986887
0.154066
0.361392
0.558755
0.254286
0.652234
0.420147
0.051502
0.121245
0.121245

0.791155
-0.652047
-0.422978
-0.107728
-0.484316
0.848196
0.327692
0.367106
0.024249
0.147766
0.656923
0.06381
0.627912
0.35641
0.0
0.371355
0.505568
0.135018
0.027179
0.62674

0.80007
-0.651182
-0.67421
-0.039878
-0.305193
1.0
0.0
0.0
0.077875
0.070549
0.470256
0.264835
0.321978
0.35978
0.178974
0.999597
0.406081
0.055897
0.002857
0.135018

0.926172
-0.16132
-0.812383
-0.531116
0.05208
0.738851
0.748352
0.002271
0.047985
0.048864
0.97956
0.0
0.41663
0.594213
0.008132
0.305421
0.634652
0.022198
0.201245
0.541172

0.897886
-0.209695
-0.163945
-0.576046
-0.314873
1.0
0.0
0.183516
-0.01763
0.417363
0.986887
0.130623
0.532088
0.354359
0.142637
0.470256
0.652234
0.092527
0.038022
0.774432

0.879093
-0.358088
-0.538878
-0.396923
-0.147923
0.761879
0.0
0.284322
-0.102755
0.751868
0.168864
-0.01886
0.327985
0.992381
0.043297
0.84359
0.406081
0.018681
0.161392
0.477875

0.558363
0.04737
-0.739866
-0.516746
-0.399333
1.0
0.303077
0.159341
0.028059
0.948205
0.417363
0.054432
0.532088
0.094286
0.17663
0.697949
0.476117
0.028352
0.135018
0.048278

0.494977
-0.164979
-0.770851
-0.50459
-0.447713
0.558561
0.105421
0.0
0.058242
0.391136
0.930037
0.019853
0.407253
0.492821
0.164171
0.012821
0.569597
0.028352
0.008425
0.201245

0.821275
-0.176188
-0.31626
-0.494006
-0.439594
0.921133
0.0
0.170769
0.152572
0.577949
0.168864
0.392454
0.361392
0.094286
0.061172
1.0
0.113626
0.075824
0.161392
0.283297

0.9146
-0.20739
-0.467071
-0.340011
-0.355722
0.30396
0.200659
0.0
0.024249
0.407546
1.0
0.0
0.027473
0.548645
0.0
0.550403
0.440952
0.170183
0.135018
0.067912

