curved_h
Left

0.433117
-0.366849
-0.39946
0.085694
0.510276
1.0
0.365641
0.590989
0.094872
0.219414
0.219414
0.004615
0.230549
0.230549
0.922125
1.0
1.0
0.447253
1.0
1.0

0.399818
-0.244756
-0.325615
0.101273
0.50707
1.0
0.335897
0.489011
0.084322
0.15348
0.15348
0.051795
0.135311
0.135311
0.919487
1.0
1.0
0.47685
1.0
1.0

0.403948
-0.053328
-0.195566
0.202488
0.461369
1.0
0.261465
0.34337
0.068205
0.163004
0.163004
0.167546
0.069963
0.069963
0.840659
1.0
1.0
0.637582
1.0
1.0

0.671379
-0.021104
-0.249104
0.086921
0.055687
1.0
1.0
0.845934
0.051795
0.571648
0.520073
0.141465
0.423956
0.135311
1.0
1.0
1.0
0.846667
0.997729
1.0

0.987946
-0.221803
-0.260471
0.091924
0.428786
1.0
1.0
0.399341
0.185924
0.166081
0.255751
0.447399
0.748938
0.154066
0.840659
1.0
0.999487
1.0
1.0
1.0

-0.464161
-0.409452
-0.038292
0.085694
0.461369
1.0
0.860586
1.0
0.031575
0.380733
0.2663
0.184249
0.843297
0.937656
0.86381
1.0
1.0
0.637582
1.0
0.998901

0.89599
-0.133183
-0.455664
0.101273
0.697174
1.0
1.0
0.874506
0.135018
1.0
0.219414
0.449158
0.964762
0.596117
1.0
1.0
1.0
1.0
1.0
1.0

0.433117
0.994988
0.123485
0.0
0.302613
1.0
1.0
0.20359
0.185924
0.520073
0.664835
0.274506
0.605934
0.149084
0.746007
1.0
1.0
1.0
1.0
1.0

0.757625
-0.055144
-0.017012
0.0
0.371305
1.0
1.0
0.489011
0.055018
0.663077
0.394945
0.278901
0.461026
0.263663
0.86381
1.0
1.0
0.391722
1.0
1.0

0.757625
-0.100613
-0.325755
0.0
0.547714
1.0
1.0
0.874506
0.094872
0.930916
0.380733
0.132381
0.868205
0.205348
0.602857
1.0
1.0
0.391722
1.0
1.0

0.445809
-0.535366
-0.468772
0.081789
0.0
1.0
0.365641
0.043883
0.082564
0.163004
0.331062
0.135897
0.017802
0.135311
0.901172
0.834212
1.0
0.632894
1.0
1.0

0.68231
-0.2565
-0.516852
0.0
0.273931
1.0
0.597729
0.342491
0.174872
0.675238
0.721392
0.274506
0.843297
0.154066
1.0
1.0
1.0
0.640513
1.0
0.99978

-0.546845
-0.204752
-0.52388
0.202488
0.428786
1.0
1.0
0.0
0.222051
0.663077
0.331062
0.056259
0.605934
0.016044
1.0
0.999487
1.0
0.624982
1.0
1.0

0.461544
-0.221803
-0.306245
0.061301
0.297005
1.0
1.0
0.138242
0.151429
0.469963
0.89663
0.681245
0.023663
1.0
0.602857
1.0
1.0
0.862784
0.999487
1.0

0.878827
-0.187448
-0.345157
0.003415
0.50707
1.0
1.0
1.0
0.14967
0.520073
0.219414
0.246374
0.007839
0.381758
1.0
0.999487
1.0
1.0
1.0
1.0

0.466103
-0.291375
-0.038292
0.085694
0.275849
1.0
0.878755
0.079048
0.310696
0.067033
1.0
0.133407
0.007839
0.937656
1.0
1.0
1.0
1.0
1.0
1.0

0.875707
-0.313626
0.303113
0.0
0.0
1.0
1.0
1.0
0.081685
1.0
0.663077
0.0
0.905714
0.294139
0.947326
1.0
1.0
0.447253
1.0
1.0

0.845951
-0.509187
-0.403407
0.21004
0.677525
1.0
1.0
0.124176
0.094872
0.571648
0.621172
0.245788
0.790549
0.886227
0.922125
1.0
0.999487
0.872454
0.999487
0.999487

