curved_l
Left

0.889776
-0.020028
0.0
0.0
-0.313106
0.0
-0.335811
-0.1875
0.0
0.653407
0.653407
1.0
0.984542
0.984542
1.0
1.0
1.0
0.649304
1.0
1.0

0.895227
0.3036
0.105394
-0.200667
0.0
0.0
-0.2011
-0.138256
0.0
0.367985
0.367985
0.80022
0.960293
0.960293
0.685348
1.0
1.0
1.0
1.0
1.0

1.0
0.219533
0.174114
-0.187795
0.0
0.0
-0.282016
-0.1875
0.0
0.337509
0.337509
0.600952
0.868645
0.868645
0.723883
1.0
1.0
1.0
1.0
1.0

0.29563
0.053092
-0.000213
0.0
0.0
0.0
-0.038072
-0.008861
0.132967
0.502784
0.23641
1.0
1.0
1.0
1.0
1.0
1.0
0.61619
1.0
0.999194

0.352013
-0.081961
0.0
0.0
0.135559
0.0
0.0
0.0
0.0
0.330476
0.259854
1.0
1.0
1.0
1.0
0.901612
1.0
0.329597
1.0
0.707326

0.447027
0.066229
0.0
0.0
0.0
0.0
0.0
-0.082984
0.539853
0.382198
0.016923
1.0
1.0
1.0
1.0
1.0
1.0
0.346593
1.0
0.230549

0.534291
0.008255
-0.183034
0.0
-0.01003
0.0
-0.244123
-0.078347
0.496923
0.98337
0.337509
1.0
1.0
1.0
1.0
1.0
1.0
0.998022
1.0
1.0

0.022055
0.0
0.0
-0.129282
0.0
0.0
-0.004254
-0.099531
0.0
0.805788
0.354799
1.0
0.825714
0.868645
1.0
1.0
1.0
0.346593
1.0
1.0

1.0
0.3036
0.174114
0.0
-4.6e-05
0.0
0.0
0.0
0.239272
0.261026
0.235971
1.0
0.868645
1.0
1.0
1.0
1.0
0.213429
0.761978
0.986007

1.0
0.192528
0.0
0.002333
0.0
0.0
0.021319
0.0
0.689451
0.837143
0.315971
0.957582
1.0
0.818681
1.0
0.961099
1.0
1.0
1.0
1.0

0.447027
-0.100078
0.0
0.0
0.0
0.0
-0.173145
0.0
0.0
0.23641
0.354799
0.99978
0.998608
1.0
0.961245
1.0
1.0
0.997143
1.0
1.0

0.738686
0.255382
0.0
0.0
0.0
0.0
-0.018238
0.0
1.0
0.282711
0.31348
1.0
0.99978
1.0
1.0
1.0
1.0
0.432454
0.999487
1.0

0.779733
0.192528
0.0
0.0
0.316581
0.0
0.062637
-0.1875
1.0
0.337509
0.800659
1.0
0.825714
1.0
1.0
0.960513
0.350989
1.0
0.804176
1.0

-0.013093
-0.160997
0.0
0.002333
0.0
0.0
-0.199471
-0.137136
0.208865
0.182491
0.431282
1.0
1.0
1.0
1.0
1.0
1.0
0.967253
1.0
1.0

-0.090431
0.086788
0.0
0.0
0.0
0.103786
-0.043045
0.0
0.282418
0.147619
0.054432
1.0
1.0
1.0
0.678315
1.0
1.0
1.0
1.0
1.0

-0.186254
0.237631
-0.440165
0.0
-0.384871
0.001432
-0.314486
-0.106281
0.765641
0.330476
0.296337
0.80022
1.0
1.0
1.0
0.961099
1.0
1.0
0.99978
0.230549

0.779733
-0.114535
0.0
0.0
0.0
0.0
-0.25611
-0.167835
0.104835
0.805788
0.358901
1.0
0.998608
1.0
1.0
1.0
0.965201
1.0
1.0
1.0

0.417873
-0.013231
0.0
0.0
-0.094522
0.0
-0.335811
-0.104244
0.284176
0.077582
0.564322
1.0
1.0
0.998315
1.0
0.892528
1.0
1.0
0.999487
0.999487

