curved_v
Left

0.856426
1.166484
-0.517444
0.0
0.12422
1.0
0.472454
0.422198
0.0
0.212088
0.212088
-0.084718
0.253993
0.253993
1.0
1.0
1.0
0.620147
1.0
1.0

0.762879
0.66426
-0.213538
0.0
-0.034161
1.0
0.404615
0.360366
-0.001332
0.173114
0.173114
-0.025691
0.261319
0.261319
1.0
1.0
1.0
0.607399
1.0
1.0

0.795343
0.597226
0.307108
0.0
0.039399
1.0
0.293846
0.241978
0.0
0.065275
0.065275
0.0
0.085788
0.085788
1.0
1.0
1.0
0.628791
1.0
1.0

0.811246
0.288973
0.043364
0.0
0.145187
1.0
1.0
0.061172
0.041245
0.4137
0.463077
0.0
0.289744
0.024835
0.715678
1.0
1.0
0.894139
0.999487
1.0

0.218515
1.307217
-0.09466
-0.040771
0.05619
1.0
1.0
0.34
0.148205
0.506593
0.148498
0.262491
0.339561
0.309084
1.0
1.0
1.0
0.663223
1.0
0.997729

0.447722
1.206915
-0.317967
0.153069
0.048336
1.0
1.0
0.079927
0.026007
0.69956
0.406081
0.086667
0.079634
0.246227
1.0
1.0
1.0
0.893993
0.999194
1.0

0.705778
0.380466
-0.275296
-0.00886
0.145182
1.0
1.0
0.079927
0.176409
0.274212
1.0
0.262198
0.280366
0.481245
1.0
0.999487
1.0
0.621026
1.0
0.999194

-0.33945
0.424965
-0.009384
4.4e-05
-0.074347
1.0
0.465861
0.3463
0.022784
0.151429
1.0
0.045641
0.081978
0.081099
0.650476
1.0
1.0
0.640513
1.0
1.0

0.591803
0.124039
-0.416254
0.198036
0.267371
1.0
1.0
0.0
-0.007491
0.405202
0.834212
0.262491
0.372674
0.486081
0.670696
1.0
1.0
0.601538
1.0
1.0

0.801166
0.391034
0.035263
-0.026582
0.071743
1.0
1.0
0.06381
-0.007491
0.585568
0.007546
0.0
0.172381
0.007546
0.763883
1.0
1.0
0.128571
1.0
1.0

0.218515
0.424965
-0.289921
0.069843
0.100568
1.0
1.0
0.367399
0.003443
0.274212
1.0
0.0
0.025714
0.067326
1.0
1.0
1.0
0.507033
0.999194
1.0

0.450295
0.286409
0.043364
0.198036
0.267371
1.0
1.0
0.034212
0.030696
0.263809
0.585568
0.0
0.005201
0.292674
1.0
0.999194
1.0
0.611502
1.0
1.0

0.419869
0.254722
0.429369
0.033864
0.039399
1.0
1.0
0.603883
0.134276
0.146593
0.370623
0.0
0.315824
0.025714
1.0
1.0
1.0
0.839194
1.0
0.997729

0.318835
0.396654
-0.303804
0.08176
0.211803
1.0
0.945568
0.260586
0.048864
0.397582
0.223517
0.0
0.072601
0.322564
1.0
0.999487
1.0
0.560806
0.907619
1.0

-0.364947
1.307217
-0.168584
-0.245039
0.267371
1.0
1.0
0.0
0.022784
0.422491
0.71641
0.310843
0.025714
0.066447
1.0
1.0
1.0
0.735751
1.0
0.998901

0.591803
0.255505
-0.416254
0.116526
0.042763
1.0
1.0
1.0
0.002564
0.69956
1.0
0.310843
0.40652
0.085788
0.533846
1.0
0.390256
0.915971
1.0
0.999194

0.856426
0.283318
0.307108
0.0
0.145187
1.0
1.0
1.0
-0.087835
0.274212
0.834212
0.045055
0.06967
0.108645
1.0
1.0
1.0
0.942637
1.0
1.0

1.0
0.129131
-0.077571
-0.009822
0.455761
1.0
0.69619
0.33663
0.142637
0.449011
0.449011
0.0
0.292674
0.180147
1.0
1.0
1.0
0.765348
1.0
1.0

