curved_5
Left

0.782674
0.337147
-0.023302
-0.136665
-1.033392
1.0
0.512454
1.0
0.0
0.67011
0.67011
0.0
0.428059
0.428059
0.0
1.0
1.0
0.05619
1.0
1.0

0.776521
0.32688
0.172323
0.011787
-0.727733
1.0
0.527106
0.592161
0.0
0.791429
0.791429
0.0
0.600952
0.600952
0.0
1.0
1.0
0.038022
0.67978
0.67978

0.816926
0.314792
0.143389
-0.089009
-1.011222
1.0
0.360073
0.628791
-0.00102
0.698828
0.698828
0.0
0.432454
0.432454
0.006667
0.587473
0.587473
0.044762
1.0
1.0

0.635105
0.26186
0.302725
-0.41107
-0.5093
1.0
0.269084
0.0
0.014286
0.22293
1.0
0.0
1.0
0.507619
0.544396
0.216777
0.959634
0.003443
1.0
0.0

0.893794
0.447852
-0.053905
-0.184398
-0.404964
1.0
0.745568
0.0
0.0
0.698828
0.786447
-0.019735
1.0
0.471868
0.0
1.0
0.085495
0.532381
0.0
0.112747

0.82135
-0.128359
-0.155207
0.726439
-0.36338
1.0
0.706154
0.0
0.393626
0.046227
1.0
0.016337
0.438901
0.425861
0.0
0.085495
0.799634
0.069963
0.125494
0.0

0.635105
-1.199657
0.044036
-0.035124
-1.440505
1.0
0.754799
0.212674
0.06293
0.258974
0.432747
-0.019735
0.425861
0.471868
0.0
0.061758
0.783223
0.035971
1.0
0.0

0.97265
-0.280949
0.011073
-0.287551
-0.250473
0.706846
0.334286
0.273333
0.088513
0.688571
0.88989
0.08989
0.809597
0.242271
0.0
1.0
0.284762
0.372967
0.124176
0.144103

0.809992
0.398566
0.017387
-0.322598
0.011646
1.0
0.176337
0.0
0.012527
0.60315
0.408132
-0.038628
0.144103
0.292088
0.011355
0.234652
0.755385
0.007839
0.106007
0.896337

0.920206
0.312766
0.05943
0.070964
-0.227613
1.0
0.001978
0.0
0.0
0.046227
0.698828
0.0
0.460879
0.749231
-0.011086
1.0
0.386007
0.0
0.866007
0.0

0.718279
-1.678339
-0.350806
-0.035124
-0.36338
0.783076
0.0
0.611795
0.0
1.0
0.723004
0.016337
0.090476
0.39348
0.0
0.684176
0.258388
0.731941
0.428059
0.205348

0.878233
-0.128359
0.014299
-0.280614
-0.367625
0.845186
0.05707
0.628791
0.06674
0.181026
1.0
0.0
0.992454
0.452088
0.100147
0.291795
0.799634
0.17663
0.059414
0.341319

0.790977
0.278186
-0.08564
-0.142137
0.147873
1.0
0.367399
0.0
0.0
1.0
0.631722
0.0
0.801685
0.619267
0.0
0.26044
0.035971
0.218535
0.428059
0.048864

0.878233
0.26186
-0.047023
-0.327739
-0.293333
1.0
0.212821
0.005495
0.085788
0.99033
0.791429
0.051795
0.509231
0.39348
0.544396
0.189084
1.0
0.040366
0.164029
0.196703

0.807307
0.356049
-0.037404
-0.019683
0.090139
1.0
0.009597
0.0
0.05179
0.258974
0.83348
0.502784
0.477143
0.34337
0.0
0.123883
0.328132
0.038022
0.321685
0.059414

0.623535
0.323719
0.11302
-0.085084
-1.192626
0.966087
1.0
0.0
0.0
1.0
0.275971
0.0
0.506447
0.194506
0.0
0.94989
0.763297
0.246667
0.023077
0.013993

0.803802
0.139937
0.117414
-0.22567
-0.675208
1.0
0.068498
0.0
0.0
0.99033
0.753626
0.055551
0.524762
0.681538
0.100147
0.324615
0.916264
0.104103
1.0
0.176337

0.938141
0.758522
-0.350806
-0.280614
-0.5093
1.0
0.269084
0.0
0.239341
0.799048
0.464835
-0.073885
0.279634
0.292088
-0.042001
0.716117
0.035971
0.546447
0.0
0.205348

