d
Left

0.721014
0.157274
0.306235
0.142115
0.279835
1.0
0.188352
0.014579
-0.192638
0.0
0.0
0.614725
0.342491
0.342491
0.527985
0.895458
0.895458
0.218535
1.0
1.0

0.769362
0.218514
0.348878
0.164657
0.079179
1.0
0.197582
0.007546
-0.257722
0.0
0.0
0.64315
0.386447
0.386447
0.505128
0.918608
0.918608
0.142491
1.0
1.0

0.780441
0.161817
0.509598
0.262491
0.167888
1.0
0.102784
0.008132
-0.202944
0.0
0.0
0.591868
0.366227
0.366227
0.500147
0.497802
0.497802
0.142051
0.449451
0.449451

0.93748
0.161817
0.407832
0.355567
0.018501
1.0
0.416044
0.012821
0.0
0.0
0.0
0.471136
0.621465
0.678462
0.178974
1.0
1.0
0.087546
0.876996
0.455018

0.924146
0.134971
-0.437991
-0.173689
-0.098566
1.0
0.319048
0.028645
0.000806
0.0
0.00696
0.298828
0.818095
0.546154
0.450769
0.707912
0.275824
0.06674
0.51011
0.287692

0.721014
0.124013
0.036955
0.725795
-0.150655
0.786651
0.032454
0.607106
0.005201
0.0
0.0
0.50381
0.578974
0.493407
0.407692
1.0
1.0
0.118315
1.0
0.292381

0.806905
-0.358093
-0.10241
0.13447
-0.225362
1.0
1.0
0.0
0.014286
0.0
0.0
0.651941
0.806081
0.749524
0.354506
1.0
0.953187
0.14
0.292381
0.261026

1.0
0.384659
0.26882
0.395727
0.526675
1.0
0.043883
0.13326
-0.117192
0.0
0.0
0.395238
1.0
0.708498
0.497802
1.0
0.413407
0.052088
0.925641
0.309377

0.938523
0.31398
0.076965
0.667717
0.347906
1.0
0.369451
0.035092
-0.018518
0.0
0.007546
0.471136
0.687399
1.0
0.258388
0.999414
1.0
0.167839
0.555824
0.601539

0.915909
0.317807
-0.199578
-0.382812
0.790585
1.0
0.093993
0.0
0.0
0.0
0.0
0.614725
0.578974
1.0
0.312161
0.565495
0.838169
0.209744
0.261026
0.56989

1.0
-0.319099
0.036955
0.014436
0.079179
0.89246
0.417216
0.64652
-0.257722
0.0
0.0
0.910403
0.546154
1.0
0.377656
0.422491
0.624103
0.14337
0.739121
1.0

0.909732
0.713759
0.509598
0.228204
0.116174
1.0
0.244615
0.014579
0.0
0.0
0.0
0.612674
0.366227
0.749524
0.361538
0.687399
0.867619
0.303223
0.88989
0.877582

0.780441
0.161817
-0.301099
0.395727
0.279835
1.0
0.084029
0.0
0.0
0.0
0.000806
0.452527
0.62
0.43304
0.570623
0.772381
0.838169
0.337802
0.601539
1.0

0.682775
-0.070138
0.36633
0.725795
0.028485
1.0
0.369158
0.004322
-0.083022
0.0
0.00315
0.331355
0.617949
0.80315
0.256191
1.0
0.501319
0.30293
1.0
0.876996

1.0
-0.301576
0.000133
0.203847
0.77338
1.0
0.171062
0.0
0.0
0.0
0.0
0.366081
0.818095
0.493407
0.363883
0.498974
0.671575
0.06674
0.523297
0.601539

0.772806
0.212891
-0.412944
-0.359867
-0.00137
1.0
0.872015
0.342491
0.0
0.0
0.0
0.452527
0.362418
1.0
0.224982
1.0
0.772381
0.118315
0.456484
1.0

0.941761
-0.144331
-0.790896
0.608054
0.347906
1.0
0.031282
0.0
-0.257722
0.0
0.00696
0.456923
0.158462
1.0
0.240659
1.0
0.865568
0.098388
0.74967
1.0

0.101235
-0.137721
0.451104
0.683637
-0.124315
1.0
0.092234
0.21707
-0.048206
0.0
0.0
0.583077
0.342051
0.387326
0.527985
0.62381
0.671575
0.305861
0.529451
0.877582

