f
Left

0.71853
0.579923
0.679344
-0.100876
-0.916101
1.0
0.080806
0.094579
0.313773
1.0
1.0
0.16696
0.0
0.0
0.0
0.0
0.0
-0.072216
0.0
0.0

0.69491
0.2345
0.440469
-0.22699
-1.006281
1.0
0.067619
0.030403
0.4137
1.0
1.0
0.254139
0.0
0.0
0.0
0.0
0.0
-0.118242
0.0
0.0

0.713066
0.418885
0.690969
0.016461
-0.676867
0.975745
0.042711
0.149377
0.370037
1.0
1.0
0.364469
0.0
0.0
0.043297
0.0
0.0
0.0
0.0
0.0

0.742228
-0.694636
-0.039627
-0.36667
-0.484343
1.0
0.391575
0.143956
0.421319
1.0
1.0
0.156996
0.027179
0.0
0.0
0.0
0.0
-0.078051
0.196557
0.02337

0.800055
-0.091512
0.273884
-0.401673
-0.464822
0.918419
0.0
0.558901
0.328132
0.360952
0.411355
0.050623
0.0
0.0
0.0
0.0
0.0
-0.007472
0.0
0.011941

0.586779
-0.420578
-0.259
-0.142787
-0.567918
1.0
0.011355
0.724029
0.525055
0.984835
1.0
0.127985
0.0
0.0
-0.092874
0.0
0.0
-0.482311
0.0
0.0

1.0
-0.304664
0.82622
-0.177146
-0.433822
1.0
0.212381
1.0
0.42337
1.0
0.793773
0.25619
0.0
0.0
0.043883
0.011062
0.0
-0.007472
0.0
0.0

0.800055
0.936366
-0.423178
-0.257291
-0.434905
1.0
0.210623
0.0
0.436557
0.894286
1.0
0.131795
0.0
0.0
-0.048085
0.007546
0.0
-0.073211
0.0
0.0

0.399412
-0.072414
-0.166708
0.180803
-0.588538
1.0
0.290037
0.297363
0.245641
0.990183
1.0
0.0
0.004908
0.004615
-0.261642
0.0
0.154359
-0.067409
0.0
0.052967

1.0
-0.070934
-0.039627
-0.222422
-0.849116
0.941522
0.007839
0.395531
0.232894
0.515678
1.0
0.0
0.004615
0.0
-0.116361
0.0
0.0
-0.036519
0.0
0.0

0.880047
-0.664121
0.440469
-0.61043
-0.588538
0.918419
0.037729
0.0
0.184835
0.399048
0.360952
0.083443
0.0
0.0
-0.120947
0.0
0.0
-0.073211
0.083736
0.037729

0.854419
-0.79665
0.044395
-0.227419
-0.916101
1.0
0.177363
0.265714
0.281685
0.667033
1.0
0.036264
0.0
0.0
-0.08503
0.0
0.0
-0.053134
0.0
0.0

0.538963
0.064909
1.094036
-0.100876
-0.659733
0.736246
0.052088
0.743077
0.894872
0.334872
0.667033
0.125346
0.0
0.0
-0.048085
0.0
0.0
-0.007472
0.0
0.0

0.671664
-0.492117
-0.181934
-0.283877
-0.567918
0.919066
0.314652
0.0
0.342051
0.701758
1.0
0.0
0.002564
0.0
0.0
0.007546
0.0
-0.127272
0.0
0.0

0.798065
-0.057776
0.679344
0.180803
-0.676867
0.943087
0.016923
0.17956
0.323443
1.0
0.411355
0.0
0.0
0.0
-0.100639
0.0
0.0
-0.038725
0.0
0.0

0.886282
-0.063717
-0.181934
0.333319
-0.433822
0.918449
0.016923
0.0
0.405495
1.0
0.990183
0.0
0.0
0.0
0.188552
0.0
0.0
-0.000553
0.0
0.0

1.0
-0.286182
-0.345184
-0.61043
-0.443428
0.95227
0.0
0.527399
0.427473
0.515678
0.868205
0.089011
0.0
0.0
0.0
0.0
0.0
-0.036519
0.02337
0.0

0.773266
-0.336902
0.023269
-0.36667
-0.567918
0.767886
0.037729
0.0
0.344249
1.0
1.0
0.018974
0.0
0.0
-0.061642
0.0
0.0
-0.069344
0.0
0.0

