flat_b
Left

-0.138867
-0.001805
0.178638
0.033158
0.012548
0.23576
0.0
0.049744
0.996264
0.046227
0.046227
0.709084
0.000806
0.000806
0.758462
0.057363
0.057363
0.891648
0.0
0.0

-0.24885
-0.048463
0.119814
0.031256
0.0
0.391633
0.064396
0.030989
0.880806
0.047692
0.047692
0.837729
0.018974
0.018974
0.881685
0.074652
0.074652
1.0
0.0
0.0

-0.099133
0.012473
0.0
0.209031
0.0
0.483241
0.177802
0.011648
0.910696
0.072015
0.072015
1.0
0.065861
0.065861
0.799048
0.090183
0.090183
1.0
0.008425
0.008425

-0.678151
0.0
-0.193831
-0.113937
0.005842
0.298981
0.274799
0.0
0.754799
0.069377
0.168718
1.0
0.012234
0.0
1.0
0.054139
0.054139
0.67011
0.008425
0.015751

-0.42171
-0.488767
-0.108602
-0.518081
0.038675
0.564792
0.269084
0.048278
1.0
0.072015
0.154945
1.0
0.065275
0.038315
1.0
0.0
0.058242
0.995678
0.013407
0.075824

-1.150922
0.0
0.119814
-0.624563
-0.172433
0.715042
0.0
-0.1875
1.0
0.046227
0.15348
1.0
0.06381
0.104249
0.952015
0.058242
0.0
0.952161
0.015751
0.069084

-0.398877
0.0
0.0
0.0
-0.16521
0.677412
0.550696
0.030696
1.0
0.121245
0.140879
1.0
0.025714
0.028645
0.815311
0.0
0.0
0.790256
0.041245
0.0

-0.335456
0.0
-0.108602
0.209031
0.072595
0.786114
0.464982
0.0
0.68652
0.099853
0.15348
1.0
0.014872
0.022198
1.0
0.0
0.0
0.964615
0.003443
0.034505

-0.099133
0.0
0.0
-0.700623
-0.27162
0.492846
0.269084
0.829231
1.0
0.047692
0.096923
0.66044
0.028352
0.028352
0.585421
0.0
0.014872
0.627326
0.05033
0.041245

-0.550308
-0.227566
-0.534128
-0.548449
0.0
0.491116
0.015751
0.0
0.826154
0.125934
0.195385
0.589231
0.0
0.018974
0.955531
0.0
0.0
0.615604
0.010476
0.002564

-0.405141
0.0
0.0
0.014991
0.0
0.847658
0.129597
0.587473
0.996264
0.096923
0.138535
1.0
0.022198
0.028645
1.0
0.041245
0.0
0.998608
0.0
0.0

-0.317612
0.0
-0.024196
-0.544435
0.049023
0.137961
0.0
0.0
0.999487
0.013114
0.125934
0.867033
0.005495
0.011062
0.802857
0.034505
0.0
1.0
0.003443
0.0

-0.135457
-0.048463
0.0
0.012388
0.0
0.27876
0.588645
0.609158
1.0
0.168718
0.195385
1.0
0.008132
0.014286
1.0
0.0
0.0
0.769158
0.0
0.0

-0.597937
0.0
0.0
-0.624563
0.000581
0.492846
0.651209
0.055604
1.0
0.15348
0.144689
1.0
0.0
0.0
0.637143
0.028938
0.049744
0.473773
0.007839
0.007839

-0.980525
-0.130743
-0.156988
0.0
0.0
0.726915
0.259267
0.0
1.0
0.012821
0.075531
1.0
0.02044
0.000806
1.0
0.0
0.0
0.96989
0.035385
0.05033

-0.533021
-0.001464
0.0
0.0
-0.135424
0.248264
0.0
0.095751
1.0
0.103077
0.144689
0.92359
0.0
0.022198
0.589231
0.001099
0.0
0.804029
0.0
0.010476

-0.396143
0.0
-0.092597
0.0
0.044775
0.667813
0.24989
0.0
0.999487
0.03685
0.047692
0.754212
0.022784
0.0
0.913773
0.0
0.028938
0.517143
0.0
0.0

-0.550308
0.0
0.0
0.0
0.081639
0.081806
0.0
0.0
1.0
0.036264
0.310843
0.806667
0.065275
0.061758
0.965201
0.0
0.002564
0.57326
0.05033
0.061758

