flat_ily
Left

-0.245669
-0.443373
0.0
0.0
-0.619291
0.0
-0.163636
-0.112499
0.407546
0.0
0.0
1.0
0.690623
0.690623
1.0
0.828352
0.828352
0.32989
0.0
0.0

-0.120283
-0.354451
0.0
0.0
-0.696993
0.0
-0.100564
-0.069138
0.230256
0.0
0.0
1.0
0.775458
0.775458
1.0
1.0
1.0
0.004615
0.0
0.0

-0.122153
-0.566162
0.0
0.0
-1.00857
0.0
-0.130315
-0.089592
0.082564
0.0
0.0
1.0
0.704542
0.704542
1.0
1.0
1.0
0.0
0.0
0.0

-0.470392
0.0
0.0
0.0
-0.223562
0.496518
0.075824
0.022198
1.0
0.04652
0.0
1.0
1.0
0.813407
1.0
0.828352
1.0
0.539414
0.0
0.0

0.277615
0.0
-0.247207
0.0
0.0
0.0
0.063516
0.170007
0.541172
0.084029
0.04652
1.0
1.0
0.990769
1.0
1.0
1.0
0.785568
0.108352
0.00315

-0.094314
0.0
0.0
0.0
-0.102247
0.25161
0.098681
0.346007
1.0
0.019267
0.074652
1.0
0.741905
0.75304
1.0
0.55348
1.0
0.557582
0.0
0.0

-0.155415
0.0
0.0
0.0
0.0
0.296724
0.038608
0.022198
0.909817
0.0
0.03978
1.0
0.912015
0.574579
1.0
1.0
1.0
1.0
0.0
0.0

-0.514133
-0.834612
0.0
0.0
0.0
0.336145
0.0
0.044469
0.622051
0.070842
0.045348
0.99978
1.0
1.0
1.0
1.0
0.654286
0.796557
0.270403
0.074652

-0.160693
-0.354451
0.040575
0.0
-0.184437
0.17098
-0.130315
0.007881
1.0
0.045348
0.072015
0.99978
0.998608
0.704103
1.0
0.979414
1.0
0.424542
0.006374
0.0

-0.456367
0.0
0.0
0.0
0.0
0.721883
0.002564
0.047358
1.0
0.023663
0.024249
1.0
0.931355
1.0
1.0
1.0
0.654286
1.0
0.002857
0.007253

-0.433644
-0.106885
0.0
0.0
-0.006808
0.51069
-0.081545
0.0
1.0
0.362125
0.149377
1.0
0.931355
1.0
1.0
0.595238
1.0
0.004615
0.006081
0.0

0.39723
0.0
0.0
0.0
-0.054534
0.0
0.042418
0.161819
0.967253
0.0
0.0
1.0
0.832454
0.864689
1.0
0.813114
0.470843
1.0
0.0
0.0

-0.370881
-0.352451
0.0
0.0
-0.035149
0.0
0.0
-0.005146
0.599487
0.008425
0.057363
1.0
0.783077
0.832454
1.0
0.553333
1.0
0.821612
0.0
0.0

-0.323887
-0.027381
0.0
0.0
-0.006808
0.0
0.138242
0.068904
1.0
0.026886
0.064982
1.0
0.704103
0.690623
1.0
1.0
1.0
0.32989
0.0
0.0

-0.155415
0.0
0.0
0.0
0.0
0.023323
0.0
-0.129895
1.0
0.095458
0.0
1.0
0.775458
0.988864
0.977216
0.52652
0.449158
1.0
0.091062
0.082857

-0.245669
0.0
0.0
0.0
0.0
0.625785
0.140586
0.0
1.0
0.008425
0.010183
1.0
1.0
0.741905
1.0
0.513626
0.572235
0.441538
0.004908
0.006374

-0.402229
0.0
0.0
0.0
-0.083826
0.0
-0.145972
-0.112499
0.741612
0.0
0.040366
1.0
1.0
1.0
1.0
0.979414
0.449158
0.713773
0.0
0.0

-0.051079
0.0
0.0
0.0
-0.10841
0.0
0.002564
0.144396
1.0
0.040366
0.149377
1.0
0.775165
0.783077
1.0
0.566374
1.0
0.706007
0.033919
0.161099

