flat_1
Left

0.609072
-0.024702
0.0
0.0
0.004666
1.0
0.489597
0.0
0.953773
0.0
0.0
1.0
0.479927
0.479927
1.0
1.0
1.0
0.911575
1.0
1.0

0.653896
0.0
0.0
0.0
0.002174
1.0
0.481831
0.018681
1.0
0.0
0.0
1.0
0.394505
0.394505
1.0
1.0
1.0
0.974872
1.0
1.0

0.587696
0.0
0.0
0.0
-0.009779
1.0
0.340147
0.000513
1.0
0.0
0.0
1.0
0.460586
0.460586
1.0
1.0
1.0
0.960806
1.0
1.0

0.149202
0.0
0.0
0.0
0.151642
1.0
0.745421
0.093407
1.0
0.012527
0.166374
1.0
0.998022
0.651795
1.0
1.0
0.999194
0.777656
1.0
1.0

0.234085
0.0
0.0
0.0
0.182395
1.0
0.818095
1.0
1.0
0.0
0.011062
1.0
1.0
1.0
1.0
1.0
1.0
1.0
1.0
1.0

0.708438
-0.291678
0.0
0.0
0.0
1.0
0.661612
0.300293
0.352308
0.092527
0.0
1.0
1.0
0.998608
1.0
1.0
0.999487
0.809011
0.997729
1.0

0.694344
-0.303496
0.0
0.0
0.158018
1.0
0.504982
0.203297
1.0
0.023663
0.038901
1.0
1.0
0.99978
1.0
1.0
1.0
1.0
1.0
1.0

0.911283
-0.015863
0.0
0.0
0.222245
1.0
1.0
1.0
0.36652
0.036557
0.0
1.0
0.998315
0.999194
1.0
1.0
1.0
0.67011
1.0
0.99978

0.263167
0.0
0.0
0.0
0.0
1.0
0.713187
0.269231
0.613993
0.126813
0.051209
1.0
0.872601
1.0
1.0
1.0
1.0
0.719634
1.0
0.811062

0.103528
-0.349355
0.0
0.0
0.566364
1.0
0.418095
1.0
0.87641
0.166374
0.050037
1.0
0.441539
1.0
1.0
1.0
0.974286
1.0
1.0
1.0

0.72259
0.0
0.0
0.0
0.043132
1.0
0.769744
0.594212
0.760952
0.050037
0.043297
1.0
0.99978
1.0
1.0
1.0
1.0
0.497216
0.787912
1.0

0.76114
0.0
0.0
0.0
0.361541
1.0
1.0
1.0
1.0
0.051502
0.055604
0.627033
1.0
1.0
1.0
0.999194
0.724615
0.826593
1.0
1.0

-0.03607
0.0
0.0
0.172854
0.222239
1.0
1.0
0.646081
0.950842
0.003443
0.0
1.0
1.0
1.0
1.0
1.0
0.955678
0.818388
1.0
1.0

0.070246
0.0
0.0
0.0
0.566364
1.0
1.0
0.630256
1.0
0.023663
0.071136
1.0
0.872601
1.0
1.0
1.0
0.909524
0.992235
1.0
1.0

0.213782
0.0
-0.270713
0.0
0.0
1.0
0.417509
0.036264
0.465568
0.0
0.046227
1.0
0.702637
0.460586
1.0
1.0
0.999487
1.0
1.0
0.999194

1.0
-0.249656
0.0
0.0
0.248353
1.0
0.935897
1.0
1.0
0.166374
0.131502
1.0
1.0
0.624396
1.0
1.0
1.0
0.809011
1.0
1.0

0.12901
-0.934452
0.0
0.138269
0.0
1.0
0.788205
0.128132
0.374139
0.011062
0.066154
0.83011
0.998022
1.0
1.0
1.0
1.0
0.881685
1.0
0.998901

0.941989
0.0
0.0
-0.188907
0.0
1.0
1.0
0.269231
1.0
0.0
0.0
1.0
0.862344
1.0
1.0
1.0
1.0
0.691502
1.0
1.0

