flatspread_5
Left

-0.419473
0.568466
-0.068172
-0.407538
-0.760624
1.0
1.0
0.771502
0.009597
0.0
0.0
-0.05591
0.0
0.0
-0.05633
0.0
0.0
0.0
0.0
0.0

-0.503372
0.568963
-0.070257
-0.346323
-0.637702
1.0
1.0
0.797582
0.030403
0.0
0.0
-0.053359
0.0
0.0
-0.097015
0.0
0.0
0.0
0.0
0.0

-0.302844
0.498653
-0.054841
-0.20164
-0.775238
1.0
1.0
0.961099
0.058242
0.0
0.0
-0.004071
0.0
0.0
-0.121013
0.0
0.0
0.0
0.0
0.0

0.468347
0.339873
-0.04798
-0.217424
-0.255869
1.0
1.0
1.0
0.07859
0.002564
0.0
0.024249
0.0
0.0
-0.030225
0.0
0.0
0.0
0.0
0.0

0.716294
0.467564
-0.086647
-0.14974
-0.955864
1.0
1.0
0.926813
-0.124702
0.023077
0.04652
-0.263653
0.0
0.0
-0.009371
0.0
0.0
-0.029774
0.0
0.0

-0.236372
0.43849
-0.092681
-0.270671
-0.365995
1.0
0.531355
1.0
-0.132251
0.003736
0.012821
-0.124126
0.0
0.0
-0.046875
0.0
0.0
-0.06924
0.0
0.0

0.716294
0.486354
0.130552
-0.223842
-0.243645
1.0
1.0
0.961099
0.118022
0.0
0.0
-0.004071
0.0
0.0
-0.009371
0.0
0.0
0.0
0.0
0.0

0.476418
0.521501
0.134613
-0.407538
-0.299108
1.0
1.0
0.295604
0.155443
0.016337
0.0
-0.025281
0.0
0.0
-0.098758
0.0
0.0
-0.022046
0.0
0.0

-0.06917
0.357647
-0.005507
-0.022953
-0.053684
1.0
0.859707
0.371795
-0.063754
0.0
0.04652
0.0
0.0
0.0
-0.05633
0.0
0.0
-0.002765
0.0
0.0

0.318858
0.439012
0.336228
-0.144542
-0.346296
1.0
1.0
1.0
-0.147618
0.0
0.0
0.0
0.0
0.0
-0.046875
0.0
0.0
0.0
0.0
0.0

0.487697
0.493378
0.082806
-0.199054
-0.298507
1.0
1.0
1.0
-0.231298
0.0
0.0
-0.036967
0.0
0.0
-0.088186
0.0
0.0
0.015165
0.0
0.0

0.879271
0.467564
0.504562
-0.346323
-0.04172
1.0
1.0
1.0
0.0
0.0
0.04652
0.0
0.0
0.0
-0.024045
0.0
0.0
0.0
0.0
0.0

0.428621
0.367331
0.00999
-0.146912
-0.689163
1.0
1.0
1.0
-0.032427
0.0
0.0
-0.263653
0.0
0.0
-0.098758
0.0
0.0
0.0
0.0
0.0

0.716294
0.357647
0.134613
-0.272334
-0.575894
1.0
1.0
1.0
-0.132251
0.0
0.0
-0.004071
0.0
0.0
-0.056271
0.0
0.0
-0.028557
0.0
0.0

-0.236372
0.35408
-0.092681
-0.192805
-0.426136
1.0
1.0
1.0
0.187326
0.0
0.016337
-0.067739
0.0
0.0
0.056777
0.0
0.0
-0.042864
0.0
0.0

0.647283
0.953774
0.092559
-0.222101
-0.27051
1.0
1.0
1.0
0.118022
0.003736
0.0
0.0
0.0
0.0
0.0
0.0
0.0
0.0
0.0
0.0

0.309232
0.258277
-0.019958
-0.10162
-0.384152
1.0
1.0
1.0
0.0
0.0
0.0
0.0
0.0
0.0
0.062051
0.0
0.0
-0.06924
0.0
0.0

0.357116
0.568466
0.00999
-0.192805
-0.953975
1.0
1.0
0.797582
-0.01604
0.0
0.018681
-0.067739
0.0
0.0
0.0
0.0
0.0
-0.038227
0.0
0.0

