flat_4
Left

0.10088
0.0
0.0
0.051497
0.19772
1.0
1.0
1.0
1.0
0.055897
0.055897
1.0
0.005495
0.005495
0.654872
0.0
0.0
0.735751
0.00315
0.00315

-0.04353
0.0
0.0
0.095422
0.396429
1.0
1.0
0.685348
1.0
0.079341
0.079341
1.0
0.02044
0.02044
0.832454
0.024542
0.024542
0.587766
0.044176
0.044176

-0.212444
0.0
0.0
0.068847
0.504141
1.0
1.0
0.926813
1.0
0.043297
0.043297
1.0
0.0
0.0
0.789377
0.0
0.0
0.54
0.007253
0.007253

0.538978
0.0
0.0
-0.785804
0.019971
1.0
1.0
0.626593
0.718462
0.097216
0.02044
1.0
0.0
0.0
0.131062
0.003443
0.0
0.152308
0.023077
0.0

0.559245
0.054611
0.0
-0.036611
0.477219
1.0
1.0
0.306447
0.272747
0.152894
0.112747
0.628791
0.0
0.0
0.41956
0.011355
0.0
0.685641
0.0
0.005201

0.762037
0.0
0.0
0.060446
0.090676
1.0
1.0
0.297949
1.0
0.005495
0.042418
0.411062
0.0
0.008132
0.258388
0.0
0.0
0.217949
0.0
0.0

0.14101
0.0
0.0
0.0
0.074539
1.0
1.0
0.511575
1.0
0.034799
0.054139
1.0
0.0
0.0
1.0
0.0
0.0
0.017509
0.0
0.0

0.703397
0.0
0.0
-0.427417
0.643066
1.0
1.0
0.830403
0.351868
0.126227
0.005495
0.572528
0.029231
0.0
1.0
0.0
0.0
0.739414
0.028352
0.014872

0.193375
-0.062107
0.0
-0.65034
-0.134266
1.0
1.0
0.891648
0.222637
0.0937
0.055311
1.0
0.0
0.0
1.0
0.0
0.0
0.254286
0.000513
0.0

0.748913
0.0
-0.296604
-0.785804
0.313822
1.0
1.0
0.459414
0.288278
0.077289
0.045348
0.597729
0.055604
0.005495
0.32989
0.0
0.0
0.307619
0.008425
0.014872

0.768128
-0.177968
0.0
0.035379
0.204417
1.0
1.0
1.0
0.895458
0.054139
0.097216
1.0
0.0
0.064103
0.177363
0.0
0.0
0.631722
0.0
0.0

-0.212444
0.0
0.0
-0.374377
-0.511662
1.0
1.0
0.830403
0.351868
0.011648
0.068791
1.0
0.0
0.003736
0.654872
0.021612
0.0
0.204176
0.016337
0.0

-0.212444
-0.10168
-1.180828
0.0
0.0
1.0
1.0
0.321099
1.0
0.042418
0.045348
1.0
0.001099
0.0
1.0
0.0
0.0
0.736923
0.0
0.001685

0.723916
0.0
0.0
-0.761344
0.088159
1.0
1.0
0.404908
0.222637
0.054725
0.069084
0.325495
0.007839
0.0
1.0
0.031575
0.0
0.254286
0.022784
0.0

0.817124
0.0
-0.310931
0.0
0.254121
1.0
1.0
1.0
0.351429
0.03978
0.091355
1.0
0.0
0.0137
1.0
0.0
0.0
0.296484
0.084908
0.0

0.559245
0.0
-0.84168
0.0
0.20809
1.0
1.0
1.0
0.14674
0.054139
0.028352
1.0
0.0
0.0
0.613846
0.003443
0.0
0.54
0.016337
0.0

0.921654
0.0
0.0
0.0
0.551399
1.0
1.0
1.0
0.216777
0.058535
0.054139
0.51011
0.0137
0.0
0.131062
0.0
0.0
0.201245
0.0
0.0

0.577768
0.0
-0.310931
0.0
0.254121
1.0
1.0
0.321099
0.440073
0.075531
0.097216
1.0
0.055604
0.064103
1.0
0.0
0.0
0.722564
0.0
0.03978

