g
Left

-0.224345
0.315805
0.0
0.0
0.051928
1.0
0.332234
0.114799
0.511868
0.0
0.0
1.0
0.984176
0.984176
1.0
1.0
1.0
0.930476
1.0
1.0

-0.208487
0.257909
0.0
0.0
0.0
1.0
0.276117
0.058828
0.424249
0.0
0.0
1.0
1.0
1.0
1.0
1.0
1.0
1.0
1.0
1.0

-0.21061
0.282911
0.0
0.0
0.001745
1.0
0.188205
0.0
0.515678
0.0
0.0
1.0
1.0
1.0
1.0
1.0
1.0
0.983077
1.0
1.0

-0.065207
-0.219607
0.0
0.0
0.0
1.0
0.0
0.0
0.511868
0.009304
0.0
1.0
1.0
1.0
1.0
1.0
1.0
1.0
1.0
1.0

0.349604
-0.825118
-0.006463
0.0
0.0
1.0
0.482271
0.0
1.0
0.0
0.05707
1.0
1.0
0.998608
1.0
0.958169
1.0
1.0
0.998901
0.998901

0.951044
0.154317
0.0
0.0
0.0
1.0
0.315238
0.0
0.90337
0.0
0.0
1.0
1.0
1.0
0.985714
1.0
1.0
0.447692
1.0
1.0

0.531902
0.0
0.0
0.0
0.0
1.0
0.0
0.0
0.452967
0.0
0.0
1.0
1.0
1.0
1.0
0.981026
1.0
0.776191
0.999194
0.997729

1.0
-0.844702
0.0
-0.01023
0.0
1.0
0.517143
0.0
0.593333
0.0
0.115971
1.0
1.0
1.0
1.0
1.0
0.999194
1.0
1.0
1.0

0.55233
0.282911
0.0
0.0
0.0
1.0
0.322418
0.0
0.482857
0.0
0.0
0.547033
0.999194
0.999194
1.0
1.0
1.0
0.420733
1.0
0.99978

0.774167
-0.949206
0.073544
0.0
0.0
1.0
0.272454
0.0
0.424249
0.0
0.0
1.0
1.0
1.0
1.0
1.0
1.0
1.0
1.0
1.0

0.825458
-0.132388
-0.0131
0.0
0.0
1.0
0.281832
0.0
1.0
0.0
0.0
1.0
1.0
1.0
1.0
1.0
1.0
1.0
1.0
1.0

0.707736
-0.99183
0.0
0.0
0.0
1.0
0.279487
0.0
0.392308
0.017509
0.030989
1.0
1.0
1.0
1.0
1.0
1.0
0.871136
0.999194
0.999487

0.484388
-1.075266
0.0
0.0
0.0
1.0
0.0
0.035092
0.874652
0.0
0.00989
0.72315
1.0
0.998608
1.0
1.0
1.0
0.961392
1.0
1.0

0.79099
-0.132388
0.050492
0.0
0.0
1.0
0.290037
0.0
0.86
0.0
0.0
0.981319
1.0
0.751575
1.0
1.0
0.999194
0.776191
1.0
1.0

0.719705
0.282911
0.0
0.0
0.0
1.0
0.0
0.0
0.358315
0.178974
0.0
1.0
1.0
1.0
1.0
0.999487
1.0
1.0
1.0
1.0

0.55233
-0.825118
0.0
0.0
0.0
1.0
0.0
0.0
0.047106
0.178974
0.031575
1.0
0.999194
1.0
0.762125
1.0
1.0
0.717143
1.0
1.0

0.79099
-1.109937
-0.0131
0.0
0.0
1.0
0.272454
0.0
0.634945
0.115971
0.0
1.0
0.998315
1.0
0.765055
1.0
1.0
1.0
1.0
0.997729

0.752284
-1.279978
0.0
0.0
0.00211
1.0
0.438315
0.0
0.338828
0.0
0.195092
1.0
0.751575
0.999194
1.0
1.0
1.0
1.0
0.999194
1.0

