goody_goody
Left

0.599253
-0.039238
0.25859
0.0
0.134266
0.0
-0.056878
-0.069676
0.425421
0.0
0.0
0.263517
0.0
0.0
1.0
1.0
1.0
0.233187
0.0
0.0

0.838738
-0.166312
0.158362
0.0
0.269683
0.0
-0.062944
-0.066593
0.330183
0.0
0.0
0.238755
0.0
0.0
1.0
1.0
1.0
0.061172
0.0
0.0

0.909644
-0.06017
0.247636
0.0
0.413039
0.0
-0.119182
-0.086118
0.220248
0.0
0.0
0.176337
0.0
0.0
1.0
1.0
1.0
0.045934
0.0
0.0

-0.230881
0.195659
0.612068
0.184572
-0.11089
0.0
0.0
0.029231
0.081978
0.0
0.0
0.0
0.0
0.0
1.0
1.0
1.0
0.22674
0.0
0.0

0.909644
0.822387
0.25859
-0.056868
-0.019103
0.258693
0.0
0.0
0.383223
0.0
0.0
0.0
0.0
0.0
1.0
1.0
1.0
0.308352
0.001099
0.0

-0.054036
-0.039238
0.22585
0.0
-0.252397
0.337617
0.079634
-0.032163
0.023663
0.0
0.0
0.006667
0.0
0.0
1.0
1.0
1.0
0.125641
0.0
0.035092

0.296852
0.001398
0.129962
0.095185
-0.201817
0.214807
0.0
0.0
0.009249
0.0
0.0
0.013407
0.0
0.0
1.0
0.706154
1.0
0.000513
0.0
0.0

0.067499
-0.186029
0.041425
0.272765
0.166604
0.326698
0.079634
-0.069676
-0.038019
0.0
0.0
0.743077
0.0
0.0
1.0
0.978974
1.0
0.077289
0.0
0.0

0.139748
-0.115709
0.274809
0.0
-0.105582
0.169494
0.108059
0.0
0.398755
0.0
0.0
0.597143
0.0
0.0
0.438315
1.0
1.0
0.043883
0.0
0.001099

0.00044
-0.089216
0.252857
0.178531
-0.02514
0.164509
0.349231
0.03011
0.009249
0.0
0.0
0.743077
0.000806
0.0
0.118022
0.548498
1.0
0.061172
0.0
0.004322

0.139748
0.328773
-0.093638
0.0
-0.24754
0.199394
0.0
-0.086118
0.0
0.0
0.0
0.542051
0.0
0.0
0.059121
1.0
1.0
0.266886
0.0
0.0

0.203948
0.262598
0.358959
0.0
-0.310877
0.223172
0.141172
0.065568
-0.203415
0.0
0.0
0.263517
0.0
0.0
1.0
0.532967
1.0
0.018681
0.007839
0.0

0.006965
0.165161
0.046412
0.23033
-0.298972
0.199394
0.0
0.0
-0.187511
0.0
0.0
0.597143
0.0
0.0
0.0
1.0
1.0
0.087253
0.0
0.014579

0.355472
0.421669
0.13497
-0.020357
0.15957
0.562051
0.119927
-0.032163
0.0
0.0
0.0
0.035092
0.0
0.0
1.0
1.0
1.0
0.020733
0.0
0.200659

-0.122017
-0.059425
0.365568
0.305023
0.100947
0.223172
0.095458
0.0
0.0
0.0
0.0
0.408718
0.0
0.0
0.380879
1.0
1.0
0.030989
0.0
0.050916

0.446449
0.195659
0.25859
0.088819
-0.058944
0.15089
0.031868
0.0
0.007546
0.0
0.0
0.000806
0.0
0.0
1.0
1.0
0.812527
0.033919
0.0
0.014579

0.545115
0.0
0.274809
0.095185
0.369672
0.386406
0.0
0.0
0.013407
0.0
0.0
0.176337
0.0
0.0
1.0
1.0
1.0
0.0
0.0
0.016044

-0.122017
0.109162
0.365568
-0.244151
0.205744
0.562051
0.150256
0.029231
-0.233004
0.0
0.0
0.227326
0.0
0.0
1.0
1.0
1.0
0.0
0.0
0.0

