horns
Left

0.709396
0.278776
-0.035922
-0.036557
0.008305
1.0
0.377363
0.663956
0.061892
0.0
0.0
0.878755
1.0
1.0
0.925788
1.0
1.0
0.059121
0.0
0.0

0.664498
0.212684
0.013961
-0.021841
-0.211987
1.0
0.413114
0.569011
0.035971
0.0
0.0
0.78293
1.0
1.0
0.961392
1.0
1.0
0.085788
0.0
0.0

0.742689
0.251805
-0.019945
-0.141449
-0.151746
1.0
0.417949
0.559341
0.034212
0.0
0.0
0.890183
1.0
1.0
0.84652
1.0
1.0
0.040952
0.0
0.0

0.654703
-0.017506
0.030995
0.010168
-0.045528
1.0
1.0
0.58044
0.025128
0.003443
0.006374
0.824835
1.0
0.998315
0.925788
0.964322
1.0
0.188059
0.0
0.0

0.753692
-0.180263
-0.288105
0.0
0.211508
1.0
0.658095
0.401099
0.150256
0.0
0.001392
0.590403
0.998608
0.998315
1.0
0.999487
1.0
0.078169
0.0
0.0

0.504802
0.278776
-0.087722
0.082569
-0.051936
1.0
0.716117
1.0
0.061892
0.002271
0.0
1.0
1.0
0.678901
0.51685
1.0
1.0
0.021905
0.0
0.0

1.0
0.213011
0.0
0.054651
-0.152416
1.0
0.607839
1.0
0.059707
0.0
0.0
0.717875
1.0
1.0
0.428938
1.0
1.0
0.036264
0.0
0.0

1.0
0.251805
0.0
0.173718
-0.151746
1.0
1.0
1.0
0.09663
0.005201
0.0
0.539707
1.0
0.998608
0.943223
1.0
1.0
0.021905
0.0
0.0

0.818955
0.004743
0.0
0.082569
0.290446
1.0
0.817216
0.366374
0.015458
0.0
0.0
1.0
1.0
1.0
1.0
1.0
1.0
0.075824
0.0
0.0

0.979545
0.278776
0.0
0.073372
-0.046323
1.0
0.896337
0.3063
0.161392
0.0
0.001392
1.0
1.0
1.0
1.0
1.0
1.0
0.038608
0.018388
0.0

1.0
0.295414
0.084102
-0.008358
-0.036414
1.0
1.0
0.366374
0.072601
0.002271
0.043004
0.486667
1.0
1.0
0.571502
1.0
1.0
0.055311
0.0
0.0

0.664498
-0.017506
0.172689
0.271726
0.268126
1.0
0.623663
1.0
0.038608
0.0
0.0
0.869377
1.0
0.998608
1.0
1.0
0.671575
0.036264
0.0
0.0

0.740689
0.213011
0.0
0.0
0.108566
1.0
1.0
0.544982
0.054432
0.001392
0.0
1.0
1.0
1.0
1.0
1.0
1.0
0.220293
0.033626
0.0

0.4515
-0.056804
-0.056952
0.0
-0.152416
1.0
0.610183
0.215898
0.038608
0.0
0.019853
1.0
0.678901
0.998608
0.541612
0.964322
1.0
0.014579
0.0
0.0

0.90823
-0.019742
0.087748
0.0
0.308291
1.0
0.817216
0.909231
0.05619
0.015458
0.0
0.855604
1.0
0.678901
1.0
1.0
0.999487
0.026593
0.0
0.0

1.0
0.223641
-0.288105
0.030369
0.20256
1.0
0.417949
0.256044
0.191093
0.0
0.0
0.78
0.998608
1.0
0.961392
0.999487
0.938388
0.0
0.0
0.0

0.667911
-0.259107
-0.03765
0.294571
0.264458
1.0
1.0
1.0
0.015458
0.001392
0.0
1.0
0.999194
1.0
0.637582
1.0
1.0
0.078169
0.0
0.0

0.95005
0.02822
-0.134621
0.0
-0.036414
1.0
1.0
0.091648
0.034212
0.025714
0.0
0.539707
1.0
0.850916
0.409597
1.0
1.0
0.181905
0.0
0.0

