i
Left

0.579817
0.0
0.0
0.0
0.063464
1.0
0.350989
0.29326
1.0
1.0
1.0
1.0
1.0
1.0
1.0
1.0
1.0
0.144103
0.0
0.0

0.603692
0.0
0.0
0.0
0.035928
1.0
0.243736
0.169304
1.0
1.0
1.0
1.0
1.0
1.0
1.0
1.0
1.0
0.14293
0.0
0.0

0.586634
0.0
0.0
0.0
-0.202478
1.0
0.273919
0.197729
1.0
1.0
1.0
1.0
1.0
1.0
1.0
1.0
1.0
0.161099
0.0
0.0

0.754467
0.0
-0.271213
0.0
0.244951
1.0
1.0
1.0
0.481099
1.0
1.0
1.0
0.999194
0.998608
0.898681
1.0
1.0
0.27641
0.0
0.0

0.63089
0.0
0.0
0.0
-0.298772
1.0
0.595678
1.0
1.0
1.0
1.0
1.0
0.998315
1.0
1.0
1.0
1.0
0.26337
0.0
0.027179

0.960525
0.0
0.0
0.0
0.228316
1.0
1.0
1.0
1.0
1.0
1.0
1.0
0.999194
1.0
1.0
1.0
1.0
0.148791
0.0
0.0

0.653352
0.0
-0.208477
0.0
0.177209
1.0
1.0
0.155531
1.0
1.0
1.0
1.0
1.0
1.0
0.831868
1.0
1.0
0.265275
0.0
0.0

0.587257
-0.295496
0.0
0.053936
0.027004
1.0
0.896923
1.0
0.528718
1.0
1.0
0.770183
0.998608
1.0
1.0
1.0
1.0
0.234359
0.0
0.0

0.365307
-0.286647
0.0
0.0
0.154108
1.0
1.0
0.0937
1.0
1.0
1.0
1.0
0.832747
1.0
1.0
1.0
1.0
0.256337
0.0
0.0

0.932641
0.0
0.0
0.0
0.291805
1.0
1.0
0.212381
1.0
1.0
1.0
0.951648
1.0
1.0
1.0
1.0
1.0
0.333407
0.0
0.0

0.872696
0.0
-0.154115
-0.00041
0.265866
1.0
0.896923
0.312161
1.0
1.0
1.0
1.0
0.998315
1.0
0.930037
1.0
1.0
0.0
0.021026
0.0

0.431958
-0.043691
0.0
0.0
0.030022
1.0
1.0
0.074359
0.615458
1.0
1.0
0.61663
1.0
0.980073
1.0
0.999194
1.0
0.270989
0.003443
0.0

0.595391
0.0
0.0
0.0
0.244951
1.0
1.0
0.130916
1.0
1.0
1.0
1.0
1.0
0.999194
1.0
0.999487
1.0
0.093114
0.0
0.0

0.653352
0.0
0.0
-0.012409
0.254632
1.0
0.974872
0.603443
1.0
1.0
1.0
1.0
0.999194
1.0
1.0
1.0
1.0
0.224249
0.0
0.0

0.587257
0.0
0.0
0.0
0.02449
1.0
1.0
0.898828
0.964322
1.0
1.0
1.0
1.0
0.998315
0.943516
0.798461
1.0
0.148791
0.0
0.0

1.0
-0.322927
-0.208477
0.003877
0.198149
1.0
0.942198
1.0
1.0
1.0
1.0
0.750989
1.0
1.0
1.0
1.0
0.972381
0.147619
0.021612
0.0

0.31517
0.0
0.0
0.0
0.224101
1.0
1.0
1.0
1.0
1.0
1.0
0.681832
1.0
0.999194
1.0
1.0
1.0
0.017509
0.0
0.0

0.58925
0.0
0.0
0.0
0.241347
1.0
1.0
0.052381
0.762418
0.99978
1.0
1.0
1.0
1.0
0.720806
1.0
1.0
0.184835
0.012527
0.0

