ily
Left

0.399188
-0.116716
0.0
0.0
-0.04589
0.0
-0.210397
-0.144648
0.614139
0.0
0.0
1.0
0.692381
0.692381
1.0
1.0
1.0
0.205788
0.0
0.0

0.726045
-0.086321
0.0
0.0
0.155287
0.0
-0.04543
-0.031233
0.407546
0.0
0.0
1.0
0.786007
0.786007
1.0
1.0
1.0
0.071429
0.0
0.0

0.427653
0.047877
0.0
0.0
-0.135096
0.0
-0.033051
-0.022723
0.376191
0.0
0.0
1.0
0.84022
0.84022
1.0
1.0
1.0
0.244908
0.0
0.0

0.26764
0.175599
0.0
0.0
0.061634
0.213107
0.0
-0.070475
-0.109343
0.0
0.030403
1.0
1.0
1.0
1.0
1.0
0.999487
0.694725
0.0
0.04359

0.631005
-0.357562
-0.187083
-0.005872
0.40652
0.0
0.0
0.024542
0.267766
0.0
0.017509
1.0
1.0
1.0
1.0
1.0
1.0
-0.042228
0.002564
0.0

-0.40842
0.019008
0.0
-0.170826
-0.559961
0.273852
-0.000444
0.029231
-0.09379
0.0
0.005495
0.891941
0.990183
1.0
1.0
1.0
0.897949
0.034212
0.030989
0.063516

0.258183
0.352662
0.0
-0.12795
0.0822
0.0
0.25956
-0.070287
0.373407
0.0
0.0
1.0
0.998315
0.992527
0.626154
0.587766
0.587766
0.0
0.13619
0.224396

0.209309
-0.159122
0.0
0.0
0.152456
0.081132
0.0
0.012234
0.599048
0.0
0.0
1.0
1.0
0.671429
1.0
0.687399
0.999487
0.015458
0.0
0.0

0.214471
0.582092
0.0
0.0
0.169865
0.177468
0.0
-0.079028
0.413114
0.0
0.0
1.0
0.692381
0.692381
1.0
0.80652
1.0
0.0
0.0
0.012821

0.502395
-0.160795
-0.075542
0.167289
-0.071717
0.068539
0.077875
0.0
0.535604
0.0
0.0
0.128278
0.84022
0.671429
1.0
1.0
1.0
0.375751
0.002564
0.032161

0.209309
0.019008
0.0
-0.170826
0.219838
0.019944
0.15641
0.0
0.726813
0.0
0.0
1.0
1.0
1.0
1.0
1.0
1.0
0.244908
0.0
0.0

0.187565
-0.086438
0.0
0.0
0.04584
0.0
-0.037607
0.012234
0.04652
0.0
0.005201
1.0
1.0
0.998022
1.0
1.0
1.0
0.090769
0.0
0.0

0.214471
0.352662
0.07895
0.046313
-0.044459
0.0
0.0
-0.055672
0.027766
0.029231
0.0
0.404615
1.0
0.84022
1.0
1.0
0.999707
-0.042228
0.0
0.0

0.205508
0.047877
0.0
0.0
0.061634
0.196938
0.0
-0.070475
0.048864
0.0
0.0
1.0
1.0
0.998608
0.38381
1.0
0.676264
0.145275
0.0
0.0

0.10658
-0.176648
0.0
0.0
0.054598
0.0
-0.04543
0.0
0.451502
0.0
0.0
0.128278
1.0
1.0
0.911282
0.871136
1.0
0.241392
0.033626
0.052381

0.181132
-0.363112
0.0
0.296379
0.027176
0.0
-0.047045
0.018681
0.0
0.041832
0.0
1.0
1.0
1.0
1.0
1.0
1.0
0.173407
0.0
0.0

0.502395
3.9e-05
0.0
-0.078691
-0.135096
0.426265
0.0
0.0
0.04652
0.0
0.0
1.0
0.784689
1.0
0.568425
1.0
0.999487
0.015458
0.052381
0.0

0.258183
-0.27213
0.0
-0.005872
0.293109
0.109848
0.0
0.016044
-0.09379
0.029231
0.017509
0.715238
0.992527
1.0
0.269524
1.0
0.998315
0.096923
0.006081
0.063516

