o
Left

0.827373
-0.281592
-0.004463
0.1354
-0.034994
1.0
0.13326
0.056484
0.49707
1.0
1.0
0.793187
0.405495
0.405495
0.238462
0.799048
0.799048
0.161978
0.747766
0.747766

0.711669
-0.357588
-0.05778
0.02851
-0.163402
1.0
0.164615
0.507619
0.272601
0.987839
0.987839
0.718462
0.470843
0.470843
0.182491
0.786447
0.786447
0.149963
0.566227
0.566227

0.733396
-0.448698
-0.02738
0.091686
-0.069197
1.0
0.132674
0.61326
0.345714
0.663663
0.663663
0.696484
0.238462
0.238462
0.225421
0.434506
0.434506
0.143516
0.269231
0.269231

0.934652
-0.16882
-0.205428
0.303167
0.487615
0.998297
0.0
0.520366
0.473626
0.741612
0.833333
1.0
0.955531
0.756996
0.508938
0.494872
1.0
0.703956
1.0
0.269231

0.860001
-0.603692
-0.518262
0.580236
0.069322
0.371242
0.14967
0.176337
0.3863
0.858681
0.973993
0.554799
0.577509
1.0
0.259707
0.397875
0.433919
0.293846
0.334872
0.314359

0.788731
-0.683025
-0.034871
0.091686
0.027378
1.0
0.580293
0.299267
0.318462
0.243883
1.0
0.922418
0.393773
0.405495
0.355824
0.722857
0.86674
0.208278
0.529158
0.324029

0.830582
-0.660964
-0.205428
0.333142
0.078983
0.53215
0.239634
1.0
0.246374
0.507179
1.0
0.793187
0.12359
0.577509
1.0
0.699853
0.567986
0.304249
0.28696
0.566227

0.693858
-0.407958
0.0
-0.413434
0.533608
0.714191
0.132674
0.755678
0.565202
1.0
1.0
0.657363
0.448571
0.377363
0.206081
1.0
0.981099
0.030403
1.0
0.522418

0.925353
-0.388041
-0.0274
-0.152905
0.580882
1.0
0.415458
0.979267
0.455751
1.0
0.833333
1.0
0.482564
0.998315
0.748059
1.0
0.289158
0.16022
1.0
0.675678

0.597624
-0.446101
-0.02738
0.0
0.533608
1.0
0.708938
0.270403
0.201539
0.827179
0.731649
0.710256
0.998315
0.99978
0.224982
0.289158
0.397875
0.007839
0.41956
0.675678

0.782316
-0.449289
0.032793
-0.108978
0.433054
1.0
0.138242
0.489597
0.421319
0.255897
0.700586
0.465275
0.756996
0.508938
0.370623
0.960806
0.736337
0.186007
0.675678
0.522418

0.47026
-0.87735
-0.01504
-0.506672
0.069322
1.0
0.580293
0.14967
0.277436
0.997363
1.0
0.484762
0.408718
0.450623
0.43978
0.418535
0.86674
0.202857
0.324029
0.192454

0.788731
-0.954046
0.0
-0.258296
0.389247
1.0
0.536777
0.056484
0.654579
1.0
1.0
1.0
0.54381
0.508938
0.238462
0.565788
1.0
0.365348
0.670549
0.212088

0.934652
-0.33995
-0.242832
0.457675
0.075882
1.0
0.126813
0.42718
0.13956
1.0
1.0
1.0
0.513919
0.54381
0.148498
0.54
0.878755
0.321392
1.0
0.522418

0.925353
-0.660964
0.0
-0.108978
0.329668
0.637113
0.642857
0.027473
0.620586
0.874066
0.96989
1.0
0.604469
0.679194
0.538681
1.0
1.0
0.0937
0.522418
0.202711

0.675332
-0.49402
-0.440856
0.333142
-0.164653
1.0
0.084322
0.047692
0.60022
1.0
0.855897
0.854579
0.550403
0.427326
0.457656
0.492234
0.722857
0.324322
0.306007
0.306007

0.597479
-0.326481
0.066357
-0.368287
0.076094
1.0
0.387912
0.0
0.458828
0.947033
1.0
1.0
0.972528
0.679194
0.370623
0.397875
0.494872
0.169597
1.0
0.522418

0.693858
-0.769005
-0.088977
0.457675
-0.174117
1.0
0.432747
0.593626
0.630989
0.987839
0.683297
1.0
0.604469
1.0
0.348352
0.525641
1.0
0.365348
0.175311
0.364176

