open_f
Left

1.0
0.143839
-0.226404
-0.648224
-1.59396
0.714508
0.021026
0.0
0.261319
0.072894
0.072894
0.328718
0.0
0.0
0.0
0.0
0.0
-0.087653
0.0
0.0

1.0
0.308338
-0.039142
-0.724288
-1.467193
0.481294
0.0
0.0
0.037729
0.077875
0.077875
0.0
0.0
0.0
-0.067155
0.0
0.0
-0.345015
0.0
0.0

1.0
0.396835
0.032476
-0.450692
-1.014709
0.793154
0.0
0.0
0.0
0.173114
0.173114
0.0
0.0
0.0
-0.123268
0.0
0.0
-0.290213
0.0
0.0

0.882486
-0.527863
0.063974
-0.436987
-0.704695
0.574144
0.260733
0.0
0.037729
0.246667
0.087253
0.08696
0.0
0.0
-0.236302
0.0
0.0
-0.247327
0.0
0.0

0.473402
0.161731
-0.129776
-0.375982
-0.115124
1.0
0.0
0.0
0.319341
0.187473
0.246667
0.0
0.0
0.0
-0.059966
0.0
0.0
-0.175956
0.0
0.0

1.0
-0.44343
-0.394912
-0.362994
-0.608177
1.0
0.428059
0.0
0.031282
0.231722
0.195385
0.016044
0.0
0.0
-0.183366
0.0
0.0
-0.187094
0.045934
0.0

0.799022
0.143839
0.700175
-0.499825
-0.540731
1.0
0.0
0.0
0.041538
0.153187
0.257216
0.03685
0.0
0.0
-0.08652
0.0
0.0
-0.002435
0.0
0.0

1.0
-2.043966
-0.050645
-0.698235
-0.603026
1.0
0.0
0.0
0.355385
0.187473
0.073187
-0.06356
0.0
0.0
-0.161017
0.004908
0.0
-0.128812
0.0
0.02337

1.0
0.223455
-0.13315
-0.743914
-0.704695
0.584587
0.0
0.0
0.190549
0.091062
0.409158
0.0
0.0
0.0
-0.143134
0.0
0.0
-0.166357
0.0
0.0

1.0
-0.543179
0.19466
-0.376252
-0.970305
1.0
0.229377
0.0
0.07348
0.116996
0.173114
-0.205185
0.0
0.0
-0.230151
0.0
0.0
-0.296564
0.0
0.0

0.952257
0.157896
0.033369
-0.347916
-0.531413
0.839582
0.242857
0.0
0.412528
0.077875
0.274212
0.03685
0.0
0.0
-0.265813
0.0
0.0
-0.08697
0.007839
0.0

1.0
0.083071
-0.312932
-0.549683
-1.132229
1.0
0.781319
0.0
0.178095
0.032747
0.26044
-0.040374
0.0
0.0
-0.236302
0.0
0.0
-0.178802
0.0
0.033919

1.0
0.414558
-0.260336
-0.743914
-0.266227
1.0
0.000513
0.0
0.146593
0.319048
0.157875
0.083058
0.0
0.0
0.012527
0.0
0.0
-0.203344
0.0
0.0

1.0
-1.13594
-0.333663
-0.498609
-0.906964
0.459034
0.144396
0.004908
0.093993
0.195385
0.229963
0.0
0.0
0.0
-0.196315
0.0
0.0
0.0
0.0
0.0

0.978643
0.264018
-0.633538
-0.724288
-0.697102
1.0
0.000806
0.0
0.041538
0.072894
0.274212
0.03685
0.0
0.0
-0.161017
0.0
0.0
-0.322562
0.0
0.020733

0.891764
0.161731
-0.461508
-0.547767
-0.484245
0.584258
0.712308
0.0
0.144103
0.130183
0.091062
-0.06356
0.0
0.0
-0.196315
0.0
0.0
-0.456425
0.0
0.0

0.862105
-0.5111
-0.633538
-0.157373
-0.609592
0.837429
0.087546
0.0
0.261319
0.018095
0.072894
0.035971
0.0
0.0
-0.059966
0.0
0.0
-0.417867
0.0
0.0

1.0
-0.217695
-0.212868
-0.587956
-1.108169
1.0
0.069963
0.0
0.223517
0.399634
0.063516
-0.003205
0.0
0.0
-0.078282
0.0
0.0
-0.09118
0.0
0.0

