open_b
Left

0.636956
-0.103882
-0.31366
-0.200222
-0.106473
0.254222
0.02044
0.0
0.0
0.0
0.0
0.0
0.0
0.0
0.0
0.0
0.0
0.0
0.0
0.0

0.676703
-0.048786
-0.216958
-0.113014
0.072969
0.221377
0.041832
0.0
0.029817
0.0
0.0
0.224689
0.0
0.0
0.063516
0.0
0.0
0.0
0.0
0.0

0.498433
-0.306659
-0.398283
-0.235964
-0.068594
0.278536
0.009304
0.0
0.0
0.0
0.0
0.0137
0.0
0.0
0.0
0.0
0.0
0.0
0.0
0.0

-0.230135
0.005234
0.827837
0.115171
0.363902
0.167203
0.089304
-0.003484
0.0
0.0
0.0
0.0
0.0
0.0
0.0
0.00022
0.0
0.0
0.0
0.0

0.804137
-0.139214
-0.216958
0.326653
-0.215742
0.028868
-0.08123
0.0
0.0
0.0
0.0
0.0
0.0
0.0
0.0
0.0
0.0
0.0
0.0
0.0

-0.225311
0.570025
-0.31366
0.432379
-0.260499
0.216705
0.023077
0.0
0.0
0.0
0.0
0.0
0.0
0.0
-0.011659
0.0
0.0
0.0
0.0
0.0

-0.207402
-0.714257
-0.038194
0.261375
0.095458
0.0
-0.00817
-0.028248
0.0
0.0
0.0
0.007546
0.0
0.0
0.0
0.0
0.0
0.0
0.0
0.0

0.118393
-0.058183
-0.216958
0.09431
-0.106473
0.278536
-0.124923
0.0
-0.268722
0.0
0.0
0.0
0.0
0.0
-0.037823
0.0
0.0
0.0
0.0
0.0

-0.684912
0.086108
-0.116581
-0.026994
0.075305
0.118029
0.0
0.0
-0.018055
0.0
0.0
0.0
0.0
0.0
0.0
0.0
0.0
-0.027928
0.0
0.0

-0.391397
-0.177417
-0.128778
0.432379
0.511069
0.203508
0.0
0.0
-0.318501
0.0
0.0
0.0
0.0
0.0
0.0
0.0
0.00022
0.0
0.0
0.0

-0.593886
-0.190167
-0.040831
0.046547
-0.260499
0.278536
-0.004407
-0.056336
-0.023137
0.0
0.0
0.0
0.0
0.0
0.0
0.00022
0.0
0.0
0.0
0.0

-0.458133
-0.125616
-0.186817
-0.476442
-0.027124
0.0
0.0
0.0
0.0
0.0
0.0
0.0
0.0
0.0
0.0
0.0
0.0
0.00315
0.0
0.0

0.209539
0.29771
0.0
-0.476442
-0.565137
0.023215
0.0
0.0
-0.023137
0.0
0.0
0.0
0.0
0.0
-0.158221
0.0
0.0
0.0
0.0
0.0

0.041815
-0.231736
0.055471
0.318427
-0.035319
0.254222
0.0
0.0
-0.033186
0.0
0.0
0.0
0.0
0.0
0.008132
0.00022
0.0
0.0
0.0
0.0

0.357103
0.230203
-0.004078
0.030471
0.106771
0.028868
0.0
-0.000426
0.0
0.0
0.0
0.006081
0.0
0.0
-0.013557
0.0
0.0
0.0
0.0
0.0

0.482258
-0.299952
0.827837
-0.03079
-0.035319
0.0
0.0
0.0
0.0
0.0
0.0
0.0
0.0
0.0
0.024378
0.0
0.0
0.0
0.0
0.0

0.187064
-0.514488
-0.02063
0.083886
0.104726
0.202801
-0.025775
0.0
-0.049412
0.0
0.0
0.124551
0.0
0.0
0.0
0.0
0.00022
0.0
0.0
0.0

0.224615
-0.231736
0.05415
0.030471
0.363902
0.073031
-0.004407
0.0
0.0
0.0
0.0
0.0
0.0
0.0
0.0
0.0
0.001978
-0.019148
0.0
0.0

