q
Left

1.0
0.007434
0.331019
0.082896
0.179164
0.733885
0.042418
0.0
0.14674
0.0
0.0
0.715678
0.751868
0.751868
0.927106
1.0
1.0
0.569011
1.0
1.0

1.0
-0.131447
0.105217
0.076616
0.191482
0.920158
0.016044
0.0
0.193773
0.001978
0.001978
0.529304
1.0
1.0
0.91392
1.0
1.0
0.531062
1.0
1.0

1.0
0.0
0.202068
0.208534
0.171907
1.0
0.032454
0.0
0.125055
0.011355
0.011355
0.452088
0.759487
0.759487
0.654286
1.0
1.0
0.322271
1.0
1.0

1.0
0.0
0.0
0.0
0.171907
1.0
0.181612
0.0
1.0
0.189231
0.0
1.0
1.0
1.0
1.0
1.0
1.0
0.925934
0.865275
1.0

1.0
0.193733
-0.017373
0.328062
0.177165
1.0
0.008718
0.0
0.41326
0.0
0.175751
0.715678
1.0
0.993846
1.0
1.0
1.0
0.742198
0.999194
0.940293

1.0
-0.047591
0.159047
0.0
0.191482
1.0
0.0
0.0
0.147326
0.05619
0.035092
0.814286
0.942344
0.998315
1.0
1.0
1.0
0.628059
1.0
1.0

0.769435
-0.35142
0.275393
0.251494
0.894965
1.0
0.585714
0.0
0.0
0.016923
0.018388
0.885494
0.993846
1.0
1.0
1.0
1.0
0.74674
0.99978
1.0

1.0
0.137091
0.195394
0.323882
0.453928
1.0
0.018388
0.0
0.793187
0.04652
0.189231
0.149084
0.999707
0.998022
1.0
1.0
1.0
1.0
1.0
1.0

1.0
-0.487258
0.0
0.1815
0.228871
1.0
0.0
0.0
0.125055
0.175751
0.0
0.792015
1.0
0.942344
0.531502
0.999487
1.0
0.702344
0.940293
0.999487

1.0
-0.801142
0.0
0.0
0.125641
1.0
0.0
0.0
0.555238
0.011062
0.038608
0.792015
1.0
0.868938
1.0
1.0
1.0
0.707912
0.997729
1.0

1.0
-0.908881
0.0
0.285128
0.0
0.730965
0.016044
0.0
0.0
0.103077
0.041538
0.814286
0.998022
1.0
1.0
1.0
1.0
0.766227
0.940293
0.999194

1.0
-0.262396
0.0
0.190024
0.49194
1.0
0.0
0.0
0.112308
0.189231
0.067619
1.0
0.999194
1.0
0.412381
1.0
1.0
0.753626
1.0
1.0

1.0
0.0
0.205829
-0.514659
0.228871
1.0
0.032454
0.0
0.556703
0.004615
0.011062
1.0
0.942344
0.998315
1.0
1.0
1.0
0.322271
0.999194
0.997729

1.0
-0.638126
0.031543
0.0
-0.036046
1.0
0.008718
0.0
0.268059
0.020733
0.018388
0.92066
0.999707
0.998608
1.0
1.0
0.999487
0.975238
0.99978
1.0

1.0
-0.690255
0.0
0.0
0.894965
0.750335
0.130916
0.0
0.242271
0.010183
0.05707
0.644322
0.952967
1.0
1.0
1.0
1.0
1.0
0.937949
0.998901

1.0
-0.487258
0.019245
0.245974
0.135383
0.750335
0.0
0.0
0.555238
0.03304
0.041538
0.814286
1.0
1.0
0.312601
1.0
1.0
0.855311
1.0
1.0

1.0
-0.489174
0.033039
0.179266
0.435301
1.0
0.19641
0.0
0.326227
0.058828
0.0
0.544835
0.759487
1.0
0.915678
1.0
1.0
0.322271
1.0
1.0

1.0
-0.684095
0.010443
0.034355
0.014124
1.0
0.165055
0.0
0.193773
0.0
0.189231
0.63348
1.0
1.0
1.0
1.0
1.0
0.451355
0.99978
0.937949

