r
Left

0.718796
-0.618286
0.013988
-0.082796
-0.003538
1.0
0.360366
0.171941
0.212381
0.0
0.0
0.0
0.0
0.0
0.778681
1.0
1.0
0.487253
1.0
1.0

0.824588
-0.60173
0.150617
0.003706
0.195867
1.0
0.381612
0.087546
0.192161
0.0
0.0
0.0
0.0
0.0
0.751282
1.0
1.0
0.471575
1.0
1.0

0.758028
-0.695836
0.03554
-0.060085
0.174555
1.0
0.316117
0.243736
0.184542
0.0
0.0
0.0
0.0
0.0
0.684469
1.0
1.0
0.429524
1.0
1.0

0.401132
-0.403882
0.50282
0.0
0.427455
1.0
0.344835
0.020147
0.205348
0.005788
0.0
0.0
0.0
0.285788
0.387912
1.0
1.0
0.704835
1.0
1.0

0.764524
-0.576651
0.229607
0.172369
0.334025
1.0
1.0
0.320513
0.198901
0.0
0.0
0.097216
0.0
0.0
1.0
1.0
1.0
0.683297
0.99978
0.998901

0.370623
0.420052
-0.092002
0.143577
0.593115
1.0
1.0
0.152601
0.184542
0.0
0.0
0.0
0.0
0.0
0.767985
1.0
1.0
0.881392
0.998901
1.0

0.708892
-0.421174
0.326311
0.172369
0.0
1.0
0.533846
0.444762
0.204762
0.0
0.0137
0.049744
0.292967
0.05619
1.0
1.0
1.0
0.625275
0.999487
0.999194

0.401132
0.474795
0.174506
0.0
0.282897
1.0
1.0
0.146593
0.04652
0.0
0.0
0.0
0.0
0.0
0.7
1.0
1.0
0.343956
1.0
1.0

0.577463
-0.339843
-0.091852
-0.082796
0.563213
1.0
1.0
0.022198
0.218242
0.0
0.005788
0.064396
0.00315
0.093114
0.766813
1.0
1.0
0.456777
1.0
1.0

1.0
0.474795
0.26413
0.15385
0.250613
1.0
1.0
0.536191
0.112454
0.0
0.0
0.0
0.122711
0.046227
0.684762
1.0
1.0
0.540879
0.999487
1.0

0.433582
-0.60173
0.50282
0.199278
0.0
1.0
1.0
0.149377
0.412821
0.018095
0.0
0.194652
0.0
0.0
1.0
1.0
1.0
0.881392
0.806081
1.0

0.152271
-0.618286
0.42004
0.072211
0.418173
1.0
1.0
0.394359
0.162271
0.012527
0.0
0.0
0.0
0.029817
0.835092
1.0
1.0
0.804029
1.0
1.0

0.394202
-0.821748
0.297458
0.0
0.649582
1.0
0.56989
0.738681
0.212381
0.0
0.0
0.019267
0.122711
0.285788
1.0
0.999194
1.0
0.471575
0.999194
0.998901

0.644945
0.040222
0.144839
0.0
0.0
1.0
1.0
0.308791
0.259707
0.00022
0.0
0.0
0.032454
0.0
1.0
1.0
0.999194
0.371502
1.0
1.0

0.41115
-0.318716
0.442416
0.0
0.52599
1.0
0.365348
0.072894
0.04652
0.005788
0.011355
0.11304
0.120952
0.040659
0.651502
0.719341
1.0
0.954652
1.0
1.0

0.462462
-0.344878
0.15139
0.182853
0.228368
1.0
1.0
0.034799
0.259707
0.003443
0.0
0.16022
0.292967
0.093114
1.0
1.0
1.0
0.508938
1.0
0.999194

0.141245
-0.403882
0.734952
0.354443
0.270111
1.0
1.0
0.12652
0.218242
0.0
0.0
0.013407
0.010183
0.021026
0.387912
1.0
1.0
0.954652
0.538242
0.997729

0.61154
-0.190501
0.303404
0.172369
0.543394
1.0
1.0
0.0
0.190696
0.001978
0.0
0.0
0.120952
0.067912
0.767985
1.0
1.0
0.606227
1.0
0.806081

