s
Left

0.375362
0.0
0.0
0.0
-0.327052
1.0
1.0
0.503077
1.0
1.0
1.0
1.0
1.0
1.0
1.0
1.0
1.0
0.778828
1.0
1.0

0.487521
0.0
0.0
0.0
-0.440879
1.0
0.540146
0.461758
1.0
1.0
1.0
1.0
1.0
1.0
1.0
1.0
1.0
0.449744
1.0
1.0

0.443793
0.0
0.0
-0.088669
-0.371526
1.0
0.36359
0.228498
1.0
1.0
1.0
1.0
1.0
1.0
0.915092
1.0
1.0
0.425421
1.0
1.0

0.697487
-0.145734
-0.028428
0.184224
0.200861
1.0
0.496923
1.0
1.0
1.0
1.0
0.762125
1.0
1.0
1.0
1.0
0.998315
0.803443
1.0
0.999194

0.791878
0.0
0.0
0.0
0.254654
1.0
0.415751
0.753626
1.0
1.0
1.0
0.914505
1.0
1.0
1.0
1.0
1.0
1.0
0.998901
1.0

0.541926
0.0
0.0
0.0
0.0
1.0
0.811062
0.921831
0.537656
1.0
1.0
1.0
0.998022
0.998315
1.0
1.0
1.0
0.709377
0.999194
1.0

0.581994
0.0
0.0
0.0
0.354719
1.0
1.0
0.19304
0.537656
1.0
1.0
0.615165
1.0
1.0
1.0
1.0
1.0
1.0
0.998901
1.0

0.055705
-0.071063
-0.10553
0.239638
0.028955
1.0
1.0
0.746447
1.0
1.0
1.0
1.0
1.0
0.998608
1.0
1.0
1.0
0.973846
0.999194
1.0

0.620823
0.0
0.0
0.0522
0.02686
1.0
0.981685
0.836557
0.646667
1.0
1.0
1.0
0.998315
0.998022
1.0
1.0
1.0
0.540733
1.0
1.0

0.913694
0.0
0.022889
0.0
0.02686
1.0
1.0
0.451648
1.0
1.0
1.0
1.0
1.0
1.0
1.0
1.0
1.0
0.447253
1.0
1.0

0.791138
0.0
0.0
0.0
0.199691
1.0
0.892235
0.692674
0.810183
0.99978
1.0
0.875824
1.0
1.0
1.0
1.0
0.999194
0.585128
1.0
1.0

0.541926
0.0
0.0
0.0
0.402297
1.0
1.0
0.921831
0.938975
1.0
1.0
1.0
0.99978
1.0
0.832015
1.0
1.0
0.37033
1.0
0.998901

0.963701
-0.071063
0.0
0.0
0.203829
1.0
0.849744
0.921831
0.810183
1.0
1.0
1.0
0.99978
1.0
1.0
1.0
0.998315
1.0
0.999487
1.0

0.667624
0.0
0.0
0.248832
0.432425
1.0
1.0
0.975971
1.0
1.0
1.0
0.898095
1.0
1.0
0.448278
1.0
1.0
1.0
0.997729
1.0

0.665521
-0.067524
0.029656
-0.022203
-0.152649
1.0
0.415751
1.0
1.0
1.0
1.0
1.0
1.0
0.998022
0.903517
1.0
1.0
0.954945
1.0
1.0

0.15726
0.0
0.0
-0.001665
-0.440879
1.0
1.0
0.461758
1.0
1.0
1.0
1.0
1.0
1.0
1.0
1.0
1.0
1.0
1.0
1.0

0.667624
-0.121012
-0.007016
0.0
0.354719
1.0
1.0
0.503077
1.0
1.0
0.99978
1.0
1.0
1.0
0.912161
0.999487
1.0
0.95685
1.0
0.997729

0.75327
-0.505369
0.0
0.0
0.021323
1.0
0.981685
0.628791
1.0
0.99978
1.0
1.0
1.0
1.0
0.745128
1.0
1.0
0.342198
0.998901
1.0

