spread_open_e
Left

0.120797
0.682638
-0.093621
-0.805293
-0.532831
0.168462
0.11011
0.0
-0.390017
1.0
1.0
-0.372864
0.772088
0.772088
-0.246686
1.0
1.0
0.0
0.965495
0.965495

0.274415
0.563119
0.162161
-0.622647
-0.234315
0.219568
0.040659
0.0
-0.201053
1.0
1.0
-0.279364
0.937802
0.937802
-0.164678
1.0
1.0
0.0
1.0
1.0

0.323005
0.538693
0.165223
-0.710702
-0.507552
0.174423
0.08696
0.0
-0.14617
1.0
1.0
-0.342456
0.902491
0.902491
-0.202417
1.0
1.0
0.0
1.0
1.0

0.098158
0.731236
-0.152368
0.202536
0.495798
0.274139
0.027766
0.062344
0.0
1.0
1.0
0.000618
1.0
0.724908
-0.133673
0.8137
0.594945
0.125055
0.629817
0.444176

0.352752
0.644464
0.002966
-0.307835
-0.410798
0.29306
0.063223
0.172527
-0.000495
0.942637
1.0
-0.24919
0.90337
0.841099
-0.088016
0.999194
0.712601
0.071722
1.0
0.778388

0.435055
0.463429
0.064499
-0.330465
-0.622525
0.032529
0.364176
0.0
-0.007978
1.0
1.0
-0.091709
0.765934
0.90337
0.079414
0.67685
1.0
0.082857
0.099707
1.0

0.132452
0.727505
0.344722
0.202536
-0.496437
0.446236
0.050916
0.0
-0.234303
1.0
0.859707
-0.139257
1.0
0.998022
-0.022299
0.999194
0.821465
0.029524
0.185714
1.0

0.47606
0.420136
0.008029
-0.36837
-0.404808
0.219568
0.0
0.097509
-0.068983
1.0
1.0
-0.189202
0.902491
0.998608
-0.049322
1.0
1.0
0.082857
0.965495
0.321685

0.435055
0.613124
-0.013775
-0.390616
-0.298521
0.773809
0.437436
0.16989
0.017993
1.0
1.0
0.028645
0.762857
1.0
-0.126241
1.0
1.0
0.0
0.663956
0.712601

0.282745
0.675192
0.009384
-0.107279
-0.234315
0.29674
0.185128
0.0
-0.038935
1.0
1.0
0.028645
0.982051
0.937802
0.068684
1.0
1.0
0.431575
1.0
0.358022

0.535783
0.209131
0.344722
-0.246861
-0.404808
0.397969
0.16696
0.16989
-0.178698
1.0
1.0
-0.15332
1.0
1.0
-0.073481
1.0
0.594945
-0.032176
0.26044
0.56315

0.47606
0.420136
0.264327
-0.216214
-0.348598
0.517786
0.437436
0.039194
0.140879
1.0
1.0
-0.139257
0.902491
0.998022
0.0
0.522711
1.0
-0.010772
0.514506
0.70967

0.120797
0.714052
0.147342
-0.180524
-0.410798
1.0
0.178974
0.067619
-0.038935
1.0
1.0
0.021319
0.902491
1.0
0.052636
1.0
0.8137
0.080806
0.778388
0.982198

-0.116673
0.828188
-0.191726
-0.34514
-0.364471
0.947066
0.0
0.0
-0.119557
1.0
1.0
0.000618
1.0
1.0
0.072392
0.999194
1.0
0.0
0.906593
0.629817

0.026737
0.606287
0.049614
-0.710702
-0.44384
0.994185
0.063223
0.0
-0.220949
0.803736
0.942637
-0.125963
1.0
0.724908
-0.069887
1.0
1.0
0.0
1.0
0.500733

0.120797
0.568626
0.536018
-0.180524
-0.342072
0.032529
0.0
0.006374
-0.038677
0.92652
1.0
-0.057813
1.0
0.966374
-0.015745
0.999194
1.0
0.336337
0.965495
0.376777

0.313907
1.825755
-0.001978
-0.390616
-0.312719
0.947066
0.0
0.0
-0.072696
1.0
1.0
-0.178379
1.0
0.998608
-0.170929
1.0
1.0
0.0
0.433626
0.652821

0.267978
0.470594
0.196744
0.047429
-0.474349
0.73033
0.025128
0.0
-0.044513
1.0
1.0
-0.091709
1.0
1.0
0.100087
1.0
0.424542
0.014286
0.500733
0.775018

