t
Left

0.241793
-0.003426
0.0
-0.043369
0.0
1.0
0.47641
0.093407
0.801685
0.982784
0.982784
1.0
0.47011
0.47011
0.951136
0.554652
0.554652
1.0
0.612088
0.612088

0.149675
-0.031122
0.0
0.0
0.0
1.0
0.555531
0.036264
0.858681
1.0
1.0
1.0
0.512161
0.512161
1.0
1.0
1.0
1.0
1.0
1.0

0.131011
-0.054337
0.0
0.0
0.0
1.0
0.529158
0.067033
0.796117
1.0
1.0
1.0
0.648425
0.648425
1.0
1.0
1.0
1.0
1.0
1.0

0.450363
0.0
0.0
0.0
0.027713
1.0
0.510842
0.0
0.999487
0.99978
1.0
1.0
1.0
0.866593
1.0
1.0
1.0
0.918755
1.0
1.0

0.49941
5.4e-05
-0.195739
0.0
0.0
1.0
1.0
0.067033
0.690623
1.0
0.982784
1.0
1.0
1.0
1.0
1.0
1.0
0.270549
0.612088
0.998901

0.287292
0.0
0.0
0.0
-0.000327
1.0
1.0
0.0
0.708498
1.0
1.0
0.897802
0.998608
1.0
1.0
1.0
1.0
1.0
0.997729
1.0

0.345106
0.0
-0.05993
0.0
-0.000327
1.0
1.0
0.0
0.86674
0.99978
0.718462
1.0
1.0
1.0
1.0
1.0
1.0
1.0
0.999487
1.0

0.406797
0.0
0.009002
0.0
0.0
1.0
0.2537
0.0
0.933993
1.0
1.0
0.832161
0.955605
0.932234
1.0
1.0
1.0
1.0
1.0
1.0

0.467839
-0.054337
-0.405185
0.0
0.0
1.0
0.480806
0.0
1.0
1.0
0.170476
1.0
1.0
1.0
1.0
1.0
1.0
0.701319
1.0
1.0

0.439634
0.0
0.0
0.0
0.0
1.0
0.531355
0.0
0.999487
0.982784
0.955824
1.0
1.0
0.998608
1.0
1.0
1.0
0.816777
0.999194
1.0

0.435985
0.074915
0.0
0.0
-0.000934
1.0
1.0
0.0
0.708498
1.0
1.0
1.0
0.99978
1.0
0.885348
0.999487
0.857363
0.998022
1.0
1.0

0.451871
-0.018671
0.0
0.0
0.0
1.0
1.0
0.0
0.92652
1.0
1.0
1.0
0.998608
1.0
1.0
1.0
1.0
0.998022
1.0
0.998901

0.49941
0.028613
0.012118
0.0
0.499516
1.0
0.555531
0.0
0.859707
1.0
1.0
0.755385
1.0
0.955605
1.0
1.0
1.0
1.0
1.0
0.999194

0.828011
-0.018671
0.0
0.0
0.0
1.0
1.0
0.0
1.0
1.0
1.0
0.832161
1.0
1.0
1.0
1.0
1.0
1.0
1.0
0.99978

0.424409
0.0
0.0
0.0
0.0
1.0
1.0
0.0
0.999487
1.0
1.0
1.0
0.999194
0.512161
1.0
1.0
1.0
0.966081
1.0
1.0

0.340036
0.0
-0.061204
0.0
0.0
1.0
0.401832
0.0
1.0
1.0
1.0
1.0
1.0
1.0
1.0
1.0
1.0
0.841685
0.998901
1.0

0.167803
0.484204
0.0
0.0
0.005849
1.0
0.451648
0.0
0.999487
0.99978
1.0
1.0
1.0
1.0
1.0
1.0
1.0
0.974286
0.997729
1.0

0.515395
0.530959
-0.009821
-0.162774
0.0
1.0
1.0
0.0
1.0
1.0
0.99978
1.0
1.0
1.0
1.0
1.0
0.999487
1.0
1.0
0.998901

