baby_o
Left

0.984561
0.0
0.0
0.0
0.0
0.946697
0.288864
0.013407
1.0
0.695311
0.695311
1.0
1.0
1.0
1.0
1.0
1.0
1.0
0.997729
0.997729

0.993649
0.0
0.0
0.0
0.0
0.941869
0.268645
0.028059
1.0
0.738242
0.738242
1.0
1.0
1.0
1.0
1.0
1.0
1.0
0.997729
0.997729

0.907057
-0.226782
0.0
0.0
0.012739
0.919843
0.124176
0.317582
0.744103
0.913773
0.913773
1.0
1.0
1.0
1.0
1.0
1.0
0.977729
0.997729
0.997729

0.555902
0.345038
0.0
0.026291
0.006165
0.978931
0.0
0.0
1.0
0.64022
0.913773
1.0
0.99978
1.0
1.0
1.0
1.0
1.0
1.0
0.999487

0.655158
-0.030924
0.0
0.0
0.012739
0.765779
0.327546
0.317582
0.83011
0.429963
0.347326
1.0
0.998022
1.0
1.0
0.999487
1.0
1.0
1.0
1.0

0.666773
-0.257971
0.0
0.0
0.0
0.973451
0.65663
0.0
1.0
0.689451
1.0
1.0
1.0
0.998022
1.0
1.0
1.0
0.837143
0.99978
1.0

0.795794
-0.282028
0.0
0.0
0.0
0.996986
0.105861
0.0
0.292674
0.350696
0.863077
1.0
1.0
0.713773
1.0
1.0
1.0
0.99978
0.826593
0.826593

0.76154
-0.377333
0.0
0.0
0.039179
1.0
0.074945
0.0
1.0
1.0
0.667473
1.0
1.0
1.0
1.0
1.0
1.0
1.0
1.0
1.0

0.820442
-0.356066
0.0
0.0
0.0
0.684319
0.352747
0.0
0.719048
0.508791
1.0
1.0
1.0
1.0
1.0
0.964689
1.0
1.0
0.999487
1.0

0.634123
-0.430599
0.0
0.0
0.039179
1.0
0.272308
0.078462
0.888425
0.347326
0.135018
1.0
0.990183
0.998315
1.0
1.0
1.0
1.0
0.999487
1.0

0.786484
-0.356066
0.0
0.0
0.152426
1.0
0.327546
0.0
0.445348
1.0
1.0
1.0
1.0
0.99978
1.0
1.0
1.0
1.0
1.0
0.902198

0.935903
-0.341585
0.0
0.0
0.0
0.843863
0.288864
0.054139
1.0
0.174286
0.459414
1.0
1.0
1.0
1.0
0.724029
1.0
0.741319
1.0
1.0

0.742925
0.0
0.0
0.007176
0.0
0.96011
0.441099
0.0
0.292674
0.738242
0.913773
1.0
1.0
0.998315
1.0
0.999487
0.999194
0.983956
1.0
0.99978

0.76154
-0.052024
0.0
0.0
0.0
1.0
0.027179
0.078462
0.391136
0.843443
1.0
1.0
1.0
1.0
1.0
1.0
1.0
1.0
1.0
0.997729

0.791838
0.458004
0.0
0.0
0.003532
0.765779
0.214286
0.0
0.520366
0.459414
0.347326
1.0
1.0
0.99978
1.0
1.0
1.0
1.0
0.998901
1.0

0.583949
-0.067728
0.0
0.0
0.0
1.0
0.046813
0.0
0.744103
1.0
0.429963
1.0
0.997436
1.0
1.0
1.0
1.0
0.99978
0.99978
1.0

0.673367
-0.030924
0.0
0.026291
0.0
1.0
0.125055
0.078462
0.719048
1.0
1.0
1.0
0.998315
1.0
1.0
0.964689
1.0
1.0
1.0
1.0

0.935903
-0.147939
0.0
0.0
0.0
1.0
0.200073
1.0
1.0
0.712601
0.437436
1.0
1.0
1.0
1.0
1.0
1.0
0.92315
1.0
1.0

