bent_l
Left

0.409391
0.024492
0.020569
0.018366
0.194836
0.0
-0.16471
-0.107451
0.307619
1.0
1.0
0.930476
1.0
1.0
0.972088
1.0
1.0
0.724762
0.997729
0.997729

0.679871
0.13057
0.090715
0.157801
0.260814
0.0
-0.276229
-0.186171
0.149377
1.0
1.0
0.64022
1.0
1.0
0.621172
1.0
1.0
0.399341
0.997729
0.997729

0.502515
-0.08234
0.037385
0.15277
0.091483
0.0
-0.363636
-0.007411
0.328718
1.0
1.0
0.909231
1.0
1.0
0.707033
1.0
1.0
0.281245
0.997729
0.997729

0.353636
-0.052889
0.0
0.0
0.0
0.0
0.182491
0.0
0.0
1.0
0.730916
0.820733
1.0
0.645202
1.0
1.0
0.999487
0.775311
0.850476
1.0

0.911299
-0.129396
0.0
0.0
0.001396
0.0
0.154506
-0.1875
0.328132
1.0
1.0
0.533114
1.0
0.99978
1.0
0.999487
1.0
0.724762
1.0
1.0

0.72483
-0.189755
0.0
0.0
0.194836
0.212861
-0.089145
-0.1875
0.475824
1.0
1.0
1.0
1.0
1.0
1.0
1.0
1.0
1.0
1.0
0.998901

0.353636
0.041058
-0.082099
0.0
0.0
0.212861
0.0
-0.053474
0.156996
0.438608
1.0
1.0
0.998315
1.0
1.0
1.0
1.0
0.213075
0.999194
1.0

0.051982
0.388945
0.020569
0.0
0.0
0.0
-0.071534
-0.169403
0.328718
0.045641
1.0
1.0
1.0
0.999194
1.0
0.640659
0.919194
0.997216
1.0
0.997729

0.018232
0.267262
-0.018272
0.0
0.091483
0.0
0.118022
-0.148398
0.0
0.283297
1.0
1.0
1.0
0.99978
1.0
1.0
0.999194
1.0
0.690916
1.0

0.639878
0.13057
0.0
0.0
0.336715
0.0
0.118022
0.0
0.208571
1.0
1.0
1.0
1.0
1.0
1.0
1.0
1.0
0.998022
1.0
1.0

-0.299357
0.035275
-0.091563
0.0
0.225822
0.0
0.033333
-0.14681
0.466447
1.0
1.0
0.795531
1.0
0.998315
1.0
1.0
0.72315
1.0
0.999487
1.0

0.498421
0.309019
0.0
0.0
0.194836
0.0
-0.18348
0.0
0.261612
0.915678
0.210183
0.630989
1.0
0.998608
0.67641
0.919194
0.815311
0.998022
0.998901
0.999487

0.784666
0.004416
0.0
0.0
0.004032
0.114086
0.014002
0.0
0.0
0.649744
1.0
1.0
1.0
1.0
1.0
1.0
1.0
1.0
0.704396
1.0

0.460096
0.388945
1.263239
0.037855
0.0
0.0
0.0
-0.013628
0.094579
1.0
1.0
0.99978
0.999194
0.998901
1.0
1.0
0.987839
1.0
1.0
1.0

1.0
-0.045952
-0.663405
0.0
0.260895
0.060743
-0.019823
-0.107451
0.0
0.131209
1.0
0.742784
1.0
1.0
0.62044
0.825714
1.0
1.0
1.0
0.999487

0.603887
0.555042
-0.000353
0.0
0.0
0.0
0.0
0.0
0.091062
0.730916
0.849451
0.898242
0.999194
1.0
0.716703
0.987839
1.0
1.0
1.0
0.986593

0.353636
0.387609
0.0
-0.082372
0.0
0.239323
0.118022
0.114556
0.0
0.810183
1.0
0.909231
0.810183
0.999194
0.917436
1.0
1.0
0.218388
1.0
0.999487

-0.282384
-0.189755
0.0
0.0
0.0
0.0
0.0
-0.107451
0.463223
1.0
1.0
0.533114
1.0
1.0
1.0
1.0
1.0
1.0
1.0
0.997729

