bent_1
Left

0.449962
-0.080354
0.0
0.0
0.008088
1.0
1.0
0.915238
0.802271
1.0
1.0
1.0
1.0
1.0
1.0
1.0
1.0
0.9937
0.997729
0.997729

0.452193
0.11829
0.0
0.0
0.015276
1.0
1.0
1.0
0.432747
1.0
1.0
1.0
1.0
1.0
1.0
1.0
1.0
0.959048
0.997729
0.997729

0.766881
0.295876
-0.01344
0.0
0.094417
1.0
0.745128
0.857216
0.151752
1.0
1.0
0.962857
1.0
1.0
1.0
1.0
1.0
0.774432
0.997729
0.997729

0.804513
0.217572
-0.02285
0.0
0.816842
1.0
1.0
1.0
0.082047
1.0
1.0
0.639634
1.0
1.0
1.0
1.0
1.0
0.965201
0.638462
0.787033

0.679247
0.165442
0.0
0.0
0.0
1.0
0.664249
0.444762
0.364469
0.49326
0.99978
1.0
1.0
0.998315
1.0
1.0
1.0
0.953114
1.0
0.997729

0.759497
0.067143
0.0
0.0
0.001463
1.0
0.303223
0.137656
0.088571
1.0
1.0
1.0
1.0
0.99978
1.0
1.0
1.0
1.0
0.997729
1.0

0.277461
0.221859
0.0
0.0
0.442675
1.0
0.830257
1.0
0.118845
0.714945
1.0
0.932234
0.998315
1.0
1.0
1.0
1.0
0.965201
0.638462
1.0

0.108681
-0.219076
-0.080899
0.0
0.004022
1.0
0.0
0.22381
0.114945
1.0
0.815751
1.0
1.0
1.0
1.0
1.0
1.0
1.0
0.99978
1.0

0.952725
0.321921
0.278501
0.0
0.121135
1.0
1.0
0.356264
0.060405
1.0
0.254286
1.0
1.0
1.0
1.0
1.0
1.0
1.0
1.0
0.997729

0.555894
-0.255738
-0.088361
0.0
0.003613
1.0
1.0
1.0
0.289451
1.0
0.504249
0.95348
1.0
1.0
1.0
0.999194
1.0
0.941758
0.997729
1.0

0.85383
-0.219076
0.0
0.0
0.0
0.917288
0.98989
0.78337
0.282711
0.815751
1.0
1.0
0.998608
1.0
1.0
1.0
1.0
0.998022
0.998901
0.747473

0.452193
0.217572
0.0
0.0
0.0
1.0
0.0
0.0
0.084714
0.899854
1.0
0.831282
1.0
1.0
1.0
1.0
1.0
0.959048
1.0
1.0

0.758623
0.28695
0.0
0.0
0.080824
0.756297
0.492967
0.22381
0.181307
0.590403
1.0
1.0
0.998608
1.0
1.0
1.0
1.0
0.934139
1.0
0.99978

0.604088
0.100825
0.278501
0.0
0.324574
1.0
0.0
0.279194
0.162116
1.0
0.748351
0.923004
1.0
1.0
1.0
1.0
1.0
0.952601
1.0
0.999194

0.296662
-0.480931
0.0
0.165298
0.048773
0.992272
0.7337
0.915238
0.30967
1.0
0.254286
1.0
0.998315
0.998608
1.0
0.999194
1.0
0.595385
1.0
0.999194

0.135397
0.535302
-0.068562
0.0
0.755057
1.0
1.0
1.0
0.251062
0.99978
1.0
1.0
0.998315
0.99978
1.0
1.0
1.0
0.952601
1.0
0.99978

0.910739
0.131407
-0.109643
0.0
0.0
1.0
1.0
0.694725
0.062058
1.0
0.99978
1.0
0.671429
1.0
1.0
1.0
1.0
0.99978
1.0
1.0

0.848278
0.211232
-0.138247
0.0
0.179306
1.0
0.183077
1.0
0.082047
0.618974
0.748351
1.0
1.0
0.998315
1.0
1.0
1.0
1.0
1.0
1.0

