c
Left

0.980304
0.094128
-0.63096
-0.43986
-0.420444
1.0
0.813846
0.343956
0.023077
1.0
1.0
0.008132
0.992381
0.992381
0.032161
1.0
1.0
0.061758
0.888425
0.888425

0.885405
0.105453
-0.558415
-0.340011
-0.366449
1.0
0.748352
0.612674
0.07641
1.0
1.0
0.036557
0.998901
0.998901
0.043297
1.0
1.0
0.083736
0.997729
0.997729

0.856516
0.096745
-0.476034
-0.319065
-0.344171
1.0
0.741612
0.296923
0.075238
1.0
1.0
0.009597
0.73707
0.73707
0.031868
0.999597
0.999597
0.055018
0.76696
0.76696

0.927168
-0.697127
0.47061
-0.337716
-0.53914
0.746177
0.408718
0.0937
0.0
0.656923
0.99978
0.154066
0.73707
0.416923
0.048278
0.305421
0.012821
0.067912
0.289158
0.365055

0.856516
-0.192572
-0.399169
-0.491991
0.242683
1.0
0.0
0.062637
0.08022
0.751868
1.0
0.089011
0.646227
0.38381
0.0
0.391722
0.697949
0.007839
0.038608
0.289158

0.584072
-0.147363
-0.538878
-0.568928
-0.176901
0.738851
0.244029
0.0
0.169646
0.765348
0.462344
0.0
0.403297
0.354359
0.058242
0.228498
0.329597
0.067326
0.387912
0.296044

0.831267
-0.17528
-0.682253
-0.458435
-0.138572
0.807195
0.303077
0.229963
0.0
1.0
0.407546
0.052371
0.498974
0.321978
0.024249
0.012821
0.426447
0.123297
0.026886
0.027179

0.891503
0.047427
-0.660918
-0.408925
0.342424
1.0
0.730476
0.0
0.08022
0.959341
0.906447
-0.106602
0.094286
0.411209
0.058535
0.999597
0.550256
0.064982
0.0263
0.013114

0.494977
-0.188236
-0.424812
-0.402533
-0.355722
0.706631
0.057949
0.0
0.025128
0.708205
0.470256
0.036557
0.998901
0.26381
0.226447
0.371062
0.329597
0.075824
0.51978
0.51978

0.831267
-0.327999
-0.441246
-0.399819
-0.447713
1.0
0.508352
0.507179
0.07641
0.405495
0.462344
0.113053
0.094286
0.361392
0.0
0.053846
0.714652
0.123883
0.064689
0.387912

0.848566
-0.20739
0.578267
-0.450092
-0.104441
1.0
0.032747
0.133553
0.03304
0.407546
0.530916
0.198608
0.616484
0.998901
0.017509
0.499267
0.693553
0.007839
0.368865
0.067912

0.897886
0.04737
-0.312467
-0.514029
-0.058088
0.95854
0.0
0.029231
0.047106
0.27978
1.0
0.008132
0.73707
0.548645
0.058535
0.603297
0.569597
0.0
0.017802
0.038022

0.831267
-0.414495
-0.951457
-0.978957
-0.104825
1.0
0.229377
0.367106
0.038901
0.220147
0.351868
0.0
0.324029
0.266447
0.262344
0.228498
0.425421
0.022784
0.064689
0.585714

0.856516
-0.725915
-0.579255
-0.493185
-0.607491
0.95854
0.748352
0.0937
0.025128
0.577949
0.5463
0.009597
0.712454
0.35641
0.049158
0.499267
0.84359
0.123883
0.078169
0.387912

0.850804
-0.232944
0.145942
-0.026199
0.825303
0.845335
0.0
0.075531
0.0
0.586007
0.070549
0.265128
0.342491
0.580733
0.173993
0.603297
0.44359
0.055897
0.383223
0.597143

0.558363
-0.327999
-0.572432
-0.039878
-0.058088
0.745349
0.136923
0.0
0.173618
0.470256
1.0
0.154066
0.35978
0.200659
0.0
0.569597
1.0
0.0
0.280073
0.066447

0.564963
0.096745
-0.804289
-0.978957
-0.755313
1.0
0.0
0.0
0.03011
0.25956
1.0
0.280073
0.266447
0.523004
0.017509
0.603297
0.420147
0.022198
0.065275
0.188645

1.0
-0.295499
0.47061
0.184237
-0.077341
1.0
0.539707
0.276264
0.0
0.328865
0.048864
0.161392
0.62293
0.649597
0.0
0.113626
0.481538
0.071429
0.289158
0.541172

