curved_5
Left

0.958395
0.56465
-0.030838
-0.280614
-0.579434
1.0
0.53619
0.028059
0.0
0.889011
0.889011
0.0
0.801685
0.801685
0.0
0.799634
0.799634
0.052674
0.341319
0.341319

1.0
0.41837
-0.151458
-0.257676
-0.698516
1.0
0.480073
0.0
0.007253
0.448864
0.448864
0.159927
0.317436
0.317436
0.030403
0.386007
0.386007
0.081685
0.176337
0.176337

0.956457
0.758522
0.026798
-0.354313
-0.877508
1.0
0.212821
0.0
0.0
0.279487
0.279487
0.0
0.452088
0.452088
0.0
0.358022
0.358022
0.104103
0.047399
0.047399

0.755104
0.42406
0.143389
-0.330427
-0.378262
0.643536
0.061465
0.0
0.0
0.986887
0.584689
-0.039343
0.471868
0.320806
0.000513
0.065568
0.763297
0.218535
0.112747
0.048864

0.771249
0.399924
0.109715
-0.211763
0.219087
1.0
0.011355
0.0
0.0
0.799048
0.464396
0.002857
0.320806
0.34337
0.0
0.595092
0.562857
0.104103
0.144103
0.047399

0.803802
0.336557
-0.030056
-0.168488
-0.621722
0.841879
0.169744
0.0
0.0
0.723004
0.799048
0.0
0.242271
0.481392
-0.057707
0.755385
0.587473
0.044762
0.205348
0.482857

0.741619
0.340392
-0.426679
-0.157529
-0.378262
0.51797
0.052088
1.0
0.008132
0.698828
0.99033
0.022491
0.619267
0.368865
0.0
1.0
0.061758
0.16315
0.428059
1.0

0.623535
-0.254598
0.14816
-0.31044
-1.011222
1.0
1.0
0.072894
0.0
1.0
0.60315
0.0
0.749231
0.418681
0.0
0.916264
0.78
0.084322
0.200952
0.257363

0.816926
0.306979
0.05943
-0.142137
-0.173746
0.932716
0.212821
0.0
0.0
0.971941
0.158315
0.0
0.368865
0.504835
0.0
0.959634
0.716117
0.1863
1.0
0.051795

0.803802
0.241744
-0.053905
-0.157212
0.147873
1.0
0.657656
0.0
0.0
0.99033
0.889011
0.035385
0.438608
0.425128
-0.010995
0.544396
0.74674
0.313773
0.0
0.181026

0.623535
0.163294
0.017387
-0.285984
0.107678
0.979941
0.20359
1.0
0.239341
0.324322
0.552601
0.011376
0.39348
0.985421
0.0
0.916264
0.14293
0.246667
0.928864
0.003736

0.813632
0.252021
-0.250027
-0.43409
-0.675208
0.734473
0.428938
0.0
0.0
0.614725
0.791429
0.0
0.166081
0.460879
0.35011
0.216777
0.085495
0.069963
0.227912
0.491648

0.231496
0.44691
-0.030056
0.128585
-0.173746
0.845186
0.554359
0.273333
-0.067768
0.310256
0.324322
0.523297
0.144103
0.749231
0.0
0.035971
1.0
0.062051
0.14381
0.15348

0.651424
0.252021
0.121191
-0.41107
-0.350744
0.51797
0.485202
0.0
0.0
0.148498
0.971941
0.055551
0.327839
0.486374
0.136777
0.964762
0.085495
0.115971
0.112747
0.129744

0.956457
0.195666
-0.245023
-0.308559
-0.433932
0.841879
0.525641
0.0
0.028938
0.279487
0.889011
-0.011651
0.090476
0.194506
-0.042001
1.0
0.562857
0.0
0.125494
0.081685

0.771249
0.2274
-0.155207
-0.327739
-0.618014
1.0
0.212821
0.0
0.0
1.0
0.324322
0.159927
0.39348
0.076117
0.0
0.14293
0.258388
0.062051
0.326667
0.057363

0.741619
0.32688
0.022447
-0.354313
-0.433932
1.0
0.176337
0.002857
0.0
0.275971
0.307326
0.030696
0.144103
0.34337
0.0
1.0
0.562857
0.313773
0.125494
0.023077

0.814762
-0.092567
0.302725
-0.322598
-0.07801
0.866786
0.360073
0.013114
0.001392
0.181026
0.552601
0.523297
1.0
0.397582
0.0
0.993114
0.328132
0.040366
0.003736
0.668791

