curved_4
Left

0.756492
0.219291
-0.103431
-0.110699
-0.30815
1.0
0.916264
0.267912
0.119927
0.472601
0.472601
0.164615
0.391136
0.391136
0.083443
0.384689
0.384689
0.049744
0.166374
0.166374

0.756038
0.064158
-0.093224
0.030161
-0.204628
1.0
1.0
1.0
0.120952
0.75978
0.75978
0.298242
0.413114
0.413114
0.181172
0.295018
0.295018
0.089597
0.139267
0.139267

0.54485
0.440579
-0.093034
-0.233072
-0.446631
1.0
1.0
1.0
0.039194
0.43685
0.43685
-0.078681
0.35011
0.35011
0.0
0.338388
0.338388
0.011941
0.118022
0.118022

0.54485
0.577546
-0.237493
0.324375
-0.9505
1.0
1.0
1.0
-0.136365
0.679194
0.471429
0.001685
0.90044
1.0
-0.260849
1.0
0.765934
0.0
0.199341
0.107179

0.367572
0.390521
0.364333
-0.447727
-0.393603
1.0
1.0
1.0
0.316703
1.0
1.0
0.163453
1.0
0.551868
-0.084868
0.772967
0.0
0.020733
0.601245
0.464396

0.7321
0.397339
-0.241044
-0.233072
-0.265554
1.0
1.0
0.738095
-0.010721
1.0
1.0
-0.184001
1.0
0.998315
-0.158413
0.715971
1.0
0.040952
0.750696
0.664249

0.627775
0.426615
-0.131828
-0.137525
-0.608125
1.0
1.0
0.966667
0.417509
1.0
0.717289
-0.036592
1.0
0.999414
-0.158413
0.233773
0.62381
0.046227
0.269231
0.395824

0.464254
1.061178
-0.241044
-0.63716
-0.790339
1.0
1.0
0.377363
-0.054485
1.0
1.0
0.298242
0.840073
0.068205
-0.1707
0.946447
0.518901
0.0
0.165788
1.0

0.729133
0.261144
0.056683
0.323007
0.747635
1.0
1.0
0.903517
-0.087014
1.0
1.0
0.00137
0.955824
0.527985
-0.173697
0.574579
0.5737
0.0
0.830989
0.722857

0.719126
0.27259
-0.362383
0.015618
0.159024
1.0
1.0
1.0
-0.128719
1.0
1.0
-0.017629
0.944396
0.551868
-0.271922
0.163883
0.509377
0.047063
0.395824
0.263077

0.625501
0.220816
-0.19866
0.323007
0.747635
1.0
1.0
1.0
0.138388
0.674213
1.0
-0.271451
0.644322
0.879048
-0.03646
0.295018
0.999194
0.055604
0.699414
0.337949

0.729133
0.297021
-0.180653
0.070109
0.494503
1.0
0.983956
1.0
0.03266
1.0
1.0
0.001685
1.0
1.0
-0.037899
0.744835
0.295018
0.0
1.0
0.722857

-0.453103
0.261144
0.324871
0.070109
0.84115
1.0
1.0
0.330476
-0.144435
0.717289
0.770623
-0.217736
0.147033
0.296777
-0.024926
0.574579
0.946447
0.243297
0.482857
1.0

-0.296799
0.257036
-0.210886
-0.05548
-0.85448
1.0
1.0
1.0
-0.136365
1.0
1.0
-0.151355
0.527985
0.63304
0.480513
0.314359
1.0
0.018095
0.173407
0.305568

0.753053
0.369359
-0.053165
-0.067574
-0.667662
1.0
1.0
1.0
-0.027672
1.0
1.0
0.022579
0.943663
0.955824
-0.260849
1.0
0.065568
0.0
0.139267
0.225568

-0.330754
-0.085757
-0.053165
-0.592055
0.84115
1.0
1.0
0.527253
0.065568
1.0
0.720806
0.315824
0.551868
0.685641
0.04999
1.0
0.312454
0.243297
0.064982
0.025421

-0.527055
0.332534
0.277811
-0.080262
-0.536859
1.0
1.0
0.660733
-0.079998
0.75978
1.0
-0.34229
0.518022
0.63304
0.026007
0.72315
0.894286
0.0
1.0
0.830989

-0.296799
0.345941
0.139234
0.038058
-0.608125
1.0
1.0
0.330476
-0.129286
1.0
0.918315
-0.107178
1.0
0.998315
0.02044
0.946447
0.652088
0.026593
0.166374
0.337949

