curved_v
Left

0.545383
0.396654
-0.133134
0.140372
0.456632
1.0
0.465861
0.588938
0.0
0.463077
0.463077
0.139267
0.067326
0.067326
0.840366
1.0
1.0
0.628352
0.997729
0.997729

0.560424
0.362318
-0.043693
0.068112
0.455761
1.0
0.45619
0.666154
0.028645
0.92315
0.92315
0.204322
0.154066
0.154066
0.906007
1.0
1.0
0.560806
0.997729
0.997729

0.513299
0.366215
-0.048603
0.082667
0.353204
1.0
0.507766
0.459414
0.022784
0.4137
0.4137
0.152601
0.187473
0.187473
0.865568
1.0
1.0
0.604908
0.997729
0.997729

1.0
0.462329
-0.201501
0.103771
0.456632
1.0
0.762711
0.129597
0.272454
0.173114
1.0
0.0
0.067326
0.270696
0.998388
0.999487
1.0
0.576777
0.794652
1.0

0.624111
0.291419
-0.323313
-0.026582
0.353204
1.0
0.207399
0.058535
0.051502
0.391429
0.153773
0.0
0.187473
0.486081
1.0
1.0
1.0
0.732527
1.0
0.99978

0.419869
0.360535
-0.477982
0.0
0.299419
1.0
1.0
0.253114
0.082564
0.292381
1.0
0.070016
0.061172
0.197143
0.779707
1.0
1.0
0.604176
0.999194
0.587179

0.240978
0.396654
0.043364
0.0
-0.148693
1.0
1.0
0.06381
0.079927
0.461172
0.506593
0.0
0.110549
0.280366
1.0
1.0
1.0
1.0
1.0
0.997729

0.612046
0.288973
0.021306
0.0
-0.045054
1.0
1.0
1.0
0.161685
0.290476
0.151429
0.139267
0.253993
0.220879
1.0
1.0
1.0
0.732527
0.999194
1.0

0.83392
0.283318
-0.186599
0.008776
0.196803
1.0
1.0
0.045055
0.084908
0.71641
0.4137
0.026886
0.40652
0.06967
1.0
1.0
0.999487
0.263077
1.0
1.0

0.38297
0.132438
-0.43584
0.0
0.627858
1.0
0.465861
0.293846
-0.001332
0.925787
0.289744
-0.004956
0.51011
0.624689
1.0
1.0
1.0
0.607399
0.99978
1.0

1.0
0.057941
-0.477982
0.0
-0.148693
1.0
1.0
0.039487
0.0
0.0
0.339854
0.0
0.154066
0.061172
0.433333
1.0
1.0
0.963004
1.0
1.0

1.0
0.381766
0.337042
0.0
-0.045054
1.0
1.0
0.16359
0.014813
1.0
0.35011
0.0937
0.17956
0.113626
1.0
0.999194
1.0
0.576777
1.0
0.998901

0.30848
1.345052
-0.213538
-0.009822
0.231094
1.0
0.507766
0.0
0.148205
0.925787
1.0
0.0
0.007546
0.246227
0.840366
1.0
0.999487
0.732527
1.0
1.0

0.83392
0.132438
-0.096822
-0.026582
0.159916
1.0
0.33663
0.666154
0.026007
1.0
0.32315
0.0
0.081978
0.007546
0.763883
0.999487
1.0
0.409304
0.794652
1.0

0.30312
0.362318
-0.054429
0.015105
0.0
1.0
0.627326
0.33663
0.03685
0.289744
0.428059
0.347033
0.322564
0.172381
1.0
1.0
1.0
0.604176
0.998901
0.99978

0.83594
0.362318
-0.477982
0.0
0.456632
1.0
1.0
0.06381
0.176409
0.428059
0.397582
0.0
0.01663
0.486081
0.843883
1.0
1.0
0.781758
0.999194
1.0

0.630253
0.327047
0.035263
0.082667
0.21301
1.0
0.404615
0.036264
0.142296
1.0
0.4137
0.064396
0.124176
0.292674
1.0
1.0
1.0
0.772674
0.527839
1.0

0.762879
0.291419
-0.201501
0.0
0.100568
1.0
0.207399
0.081685
0.030696
0.215897
0.585568
0.0
0.309084
0.280366
0.5737
1.0
1.0
0.640513
1.0
1.0

