curved_l
Left

0.405436
0.0
0.0
0.0
0.0
0.0
-0.244123
-0.167835
1.0
0.054725
0.054725
1.0
1.0
1.0
1.0
1.0
1.0
1.0
0.997729
0.997729

0.279801
0.076349
-0.00673
0.020589
0.0
0.09501
0.0
0.0
0.654872
0.382198
0.382198
0.939707
1.0
1.0
0.961245
1.0
1.0
1.0
0.986007
0.986007

0.206507
0.0
0.0
0.0
0.0
0.0
-0.222054
0.014004
1.0
0.147619
0.147619
1.0
1.0
1.0
1.0
1.0
1.0
1.0
0.824103
0.824103

0.405436
0.218122
0.0
0.0
-0.046665
0.0
-0.335811
-0.167835
0.128467
0.287399
0.147619
1.0
1.0
0.998608
0.78674
1.0
1.0
0.997143
1.0
0.999194

-0.249409
-0.100078
0.0
0.046296
0.0
0.0
-0.1294
-0.043965
0.717875
0.312161
0.504249
1.0
0.998608
0.998608
1.0
1.0
1.0
0.432454
1.0
1.0

0.053142
0.228883
-0.05323
-0.129282
0.001585
0.0
-0.063949
-0.106281
0.1863
0.017802
1.0
1.0
0.998608
0.998608
0.681245
1.0
0.906154
1.0
0.999487
1.0

0.405436
-0.081961
0.0
0.0
-0.253969
0.0
-0.025271
-0.032021
0.275678
0.409597
0.312161
1.0
0.998315
1.0
1.0
1.0
0.350989
0.751722
1.0
0.999487

0.774368
0.311063
0.0
0.0
0.296437
0.0
-0.15251
0.0
0.140293
0.670696
0.240073
1.0
1.0
1.0
1.0
1.0
1.0
1.0
0.781758
0.707326

1.0
0.271018
0.0
0.046296
-0.094522
0.014034
-0.218753
0.0
0.361832
0.346886
0.399048
1.0
0.99978
1.0
1.0
1.0
1.0
1.0
0.230549
1.0

0.29563
-0.068381
0.0
-0.129282
0.17471
0.0
-0.09379
0.0
0.505421
0.448718
0.630843
1.0
1.0
1.0
1.0
1.0
0.901612
1.0
1.0
0.707326

0.33669
0.3814
0.0
0.0
-0.03829
0.0
0.0
-0.064481
1.0
0.337509
0.382198
0.939121
0.998608
1.0
1.0
1.0
1.0
1.0
1.0
0.986007

1.0
0.25884
-0.1509
0.0
0.0
0.0
-0.222054
-0.138256
1.0
0.287399
0.143223
1.0
0.999194
1.0
1.0
1.0
1.0
0.998022
1.0
1.0

0.636867
0.049203
0.0
0.0
0.0
0.0
-0.257475
-0.078347
1.0
0.305861
0.98337
1.0
1.0
1.0
0.941905
1.0
1.0
0.884029
1.0
1.0

0.085058
0.3814
0.0
0.0
0.0
0.0
-0.25611
-0.010436
0.337802
0.99978
0.169304
1.0
0.984542
0.99978
1.0
1.0
0.49956
1.0
1.0
1.0

1.0
-0.081961
-0.300347
0.0
0.0
0.0
0.033333
0.0
0.0
0.246667
0.448718
1.0
0.938095
0.999194
1.0
0.892528
0.567546
0.61619
1.0
1.0

0.562011
0.192528
0.0
0.0
0.296437
0.0
0.062637
-0.090234
0.654872
0.246667
0.23641
1.0
0.999194
0.998608
1.0
1.0
1.0
1.0
1.0
1.0

1.0
-0.065473
0.0
0.0
0.0
0.0
-0.199471
0.0
0.337216
0.23641
0.054432
1.0
0.998315
1.0
0.827473
1.0
0.602711
1.0
1.0
0.826593

-0.082054
0.053092
0.0
0.008186
0.0
0.0
-0.186383
-0.008861
0.505421
0.539853
0.259854
0.717729
0.998315
0.948791
1.0
1.0
0.901612
0.967253
1.0
1.0

