curved_1
Left

0.947867
-0.180487
0.0
0.0
0.0
1.0
1.0
1.0
0.26674
0.295018
0.295018
1.0
1.0
1.0
1.0
1.0
1.0
1.0
0.997729
0.997729

0.92943
-0.248956
0.0
0.0
0.055399
1.0
1.0
1.0
0.258681
0.278608
0.278608
1.0
1.0
1.0
1.0
1.0
1.0
0.894286
0.997729
0.997729

0.821449
0.049357
-0.009015
0.003749
0.005127
1.0
0.735165
0.877875
0.11063
0.488718
0.488718
0.971648
1.0
1.0
0.638755
1.0
1.0
0.447399
0.997729
0.997729

0.422432
0.5633
0.250913
0.027006
-0.324598
0.905869
0.689744
0.174432
0.17663
0.234945
0.355678
0.631136
1.0
0.99978
1.0
1.0
1.0
1.0
0.999194
0.99978

0.548436
0.536246
-0.644766
0.0
-0.01297
0.926006
1.0
1.0
0.376044
0.72989
0.098388
0.909524
0.999194
0.999194
1.0
1.0
0.999487
1.0
1.0
1.0

0.755933
0.120668
0.0
0.0
0.126749
1.0
1.0
0.711722
0.11063
0.307326
0.248278
1.0
0.999194
1.0
1.0
1.0
1.0
0.918608
1.0
1.0

0.663191
-0.584239
0.040577
0.0
0.794509
1.0
1.0
0.188352
0.362418
0.234945
0.738388
0.999707
0.999194
1.0
1.0
0.999194
1.0
1.0
0.999487
1.0

0.798491
0.142406
-0.225495
0.0
0.027245
1.0
0.888425
0.438462
0.162857
0.552601
0.809011
0.88696
1.0
1.0
1.0
1.0
0.999487
0.55641
0.129744
1.0

0.574184
-0.088146
0.000231
0.0
0.0
0.926006
0.689744
0.12315
0.055018
0.326081
0.805495
1.0
0.998315
0.999194
1.0
0.851795
1.0
0.447399
1.0
1.0

0.853875
0.142406
-0.145413
0.0
0.0
1.0
0.770476
1.0
0.146886
0.290623
0.834212
1.0
0.998608
0.999194
1.0
1.0
1.0
0.973993
1.0
1.0

0.937326
0.064533
0.0
0.0
-0.270979
1.0
1.0
0.08696
0.043004
1.0
0.489304
0.823516
1.0
0.998608
1.0
1.0
1.0
0.961538
1.0
1.0

0.947867
0.396503
-0.021321
0.000585
0.229707
1.0
1.0
0.284762
0.086733
0.267473
0.552601
1.0
1.0
1.0
1.0
1.0
1.0
1.0
1.0
1.0

0.806732
-0.378769
0.0
0.008873
-0.048535
1.0
1.0
0.284762
0.258681
1.0
0.474359
0.976923
1.0
1.0
1.0
1.0
1.0
0.915092
1.0
1.0

0.835338
0.142406
0.0
0.0
0.632141
1.0
0.975165
0.171648
0.109499
0.720806
0.831282
0.743663
1.0
0.059414
0.418095
1.0
1.0
0.422637
1.0
1.0

1.0
0.5633
0.0
0.0
-0.140892
1.0
0.445934
1.0
0.176205
0.809011
0.72989
1.0
1.0
1.0
1.0
1.0
1.0
0.413407
1.0
1.0

0.665667
0.160468
-0.021321
0.0
0.794509
1.0
1.0
0.165495
0.176044
0.831282
1.0
1.0
0.998315
1.0
1.0
1.0
1.0
0.800366
1.0
1.0

0.821449
-0.109933
-0.068
0.0
-0.01297
1.0
1.0
0.177802
0.461758
0.134725
0.295018
0.767399
0.99978
0.99978
0.441538
1.0
0.999487
1.0
0.99978
0.129744

-0.073273
-0.146284
0.0
0.0
0.126329
1.0
1.0
0.988645
0.115092
0.727253
0.290623
0.971648
0.059414
1.0
1.0
1.0
0.523883
0.837289
1.0
0.69326

