d
Left

0.872688
0.168313
0.076965
0.254856
0.293663
1.0
0.043883
0.21707
-0.075616
0.0
0.0
0.612674
0.708498
0.708498
0.326081
1.0
1.0
0.167839
0.925641
0.925641

0.906918
-0.017049
-0.08325
0.202172
0.204348
1.0
0.032454
0.30674
-0.011524
0.0
0.0
0.516264
0.658095
0.658095
0.265275
0.999414
0.999414
0.113333
0.583956
0.583956

0.899635
0.134971
-0.161158
0.203847
0.292636
1.0
0.014579
0.231429
-0.048206
0.0
0.0
0.547619
0.594799
0.594799
0.377656
0.949084
0.949084
0.136777
0.74967
0.74967

0.769362
-0.093064
0.025233
0.203847
0.687339
1.0
0.244615
0.342491
-0.257722
0.0
0.007546
0.521685
0.806081
0.780879
0.326081
0.865568
0.624103
0.281832
0.933553
0.574286

0.906918
0.011209
-0.027719
-0.382812
0.164506
1.0
0.755678
0.0
0.0
0.0
0.0
0.287692
0.404615
0.370476
0.213846
0.687399
0.918608
0.087546
0.739121
0.529451

0.899635
0.432532
-0.053546
0.142115
0.074672
1.0
0.517289
0.371209
-0.192638
0.0
0.0
0.241538
0.99978
0.992381
0.367106
0.534139
0.953187
0.218535
0.230256
1.0

0.97949
0.212891
-0.301099
-0.382812
0.337892
1.0
0.122564
0.011648
-0.011524
0.0
0.0
0.452527
0.438315
0.780879
0.402857
0.501319
0.918608
0.30293
0.309377
1.0

0.772806
0.217656
-0.158524
0.364258
-0.129435
1.0
0.662491
0.030403
0.000806
0.0
0.0
0.544542
0.657802
0.514506
0.14674
0.232601
0.624103
0.09956
0.437582
1.0

-0.118169
0.110461
0.253199
-0.034937
0.002302
0.982923
0.198608
0.724322
-0.080212
0.0
0.0
0.516264
0.992381
0.164029
0.183224
1.0
0.997143
0.303223
1.0
1.0

1.0
0.169583
0.0
0.982517
0.400424
1.0
0.052088
0.018095
-0.117804
0.0
0.0
0.815165
0.158462
1.0
0.510403
0.707912
1.0
0.429963
1.0
0.606081

0.831137
0.08511
-0.08325
-0.260128
-0.311202
1.0
0.634066
0.113187
-0.001727
0.0
0.0
0.521685
0.80315
1.0
0.175458
0.879927
0.501319
0.214139
0.292381
0.910843

0.895186
0.331924
0.076965
-0.813825
0.034695
0.786651
0.171062
0.0
-0.216013
0.0
0.0
0.472161
0.43348
0.584689
0.564908
0.413407
0.953187
0.132381
0.933553
0.449451

0.704464
-0.388005
0.348878
0.087824
-0.158894
1.0
0.198315
0.014872
0.0
0.0
0.02044
0.5463
0.578974
0.304103
0.376777
1.0
0.517436
0.167839
0.831136
1.0

0.906918
-0.001967
0.26882
-0.155228
-0.206573
1.0
0.662491
0.007546
-0.031752
0.0
0.0
0.614725
0.404615
0.621465
0.654579
0.669231
0.695165
0.082564
1.0
0.56989

0.924146
-0.137721
-0.060795
0.014436
0.3014
1.0
0.244615
0.030403
0.047106
0.0
0.0
1.0
0.678462
0.608571
0.673187
1.0
0.27685
0.132381
1.0
0.261026

0.872688
0.478614
-0.573481
-0.03694
0.299327
1.0
0.838608
0.035092
0.047106
0.0
0.000806
0.358022
0.678462
0.834799
0.258388
0.953187
0.62381
0.395824
0.448278
0.417802

0.97949
0.074324
-0.053546
0.244272
-0.002172
1.0
0.661905
0.08989
0.045934
0.00315
0.0
0.462051
0.164029
0.749524
0.57663
0.275824
0.534139
0.220879
0.353333
0.435971

-0.151414
0.340487
-1.162792
-0.030352
-0.158894
1.0
0.198608
0.593626
-0.075616
0.0
0.0
0.407106
0.578974
0.546447
0.178974
0.997143
0.867619
0.037143
0.78
0.309377

