e
Left

0.81649
0.302683
0.013156
0.017292
-0.065978
1.0
1.0
1.0
0.017948
1.0
1.0
0.015751
1.0
1.0
0.025128
1.0
1.0
0.034799
0.997729
0.997729

0.812999
0.120916
-0.087211
0.019448
0.092299
1.0
1.0
1.0
0.022491
1.0
1.0
0.006374
1.0
1.0
0.042418
1.0
1.0
0.091941
0.997729
0.997729

0.971255
0.157669
-0.141766
-0.017777
-0.005118
1.0
1.0
1.0
0.026593
1.0
1.0
0.000513
1.0
1.0
0.038901
1.0
1.0
0.064396
0.997729
0.997729

0.49531
0.6037
-0.089616
-0.02126
0.078212
1.0
1.0
1.0
0.004908
1.0
1.0
0.000513
0.998022
0.998608
0.02411
1.0
1.0
0.031282
0.236117
1.0

1.0
0.015355
-0.322556
-0.217315
-0.114916
1.0
1.0
1.0
-0.106326
1.0
1.0
0.080513
0.8137
1.0
0.21509
0.652967
0.945568
0.046988
1.0
0.341612

0.811362
-0.104924
-0.055901
0.017292
-0.025484
1.0
1.0
1.0
-0.095543
1.0
1.0
0.160971
1.0
1.0
-0.042539
0.933846
1.0
0.020459
0.6663
1.0

-0.565644
-0.091512
-0.050634
-0.109047
-0.232501
0.430886
1.0
1.0
0.190926
1.0
1.0
0.012821
1.0
1.0
0.324908
1.0
1.0
0.070549
0.99978
0.997729

0.898802
0.292891
0.03325
-0.017777
-0.099955
1.0
1.0
1.0
-0.190423
1.0
1.0
-0.057138
1.0
0.998315
0.304103
0.999194
0.948059
0.064396
1.0
0.869377

0.815378
0.082664
0.069638
-0.057088
-0.519399
1.0
1.0
0.729304
0.004908
1.0
1.0
0.027473
0.994506
1.0
0.02411
0.773846
1.0
0.091941
1.0
0.999194

0.303655
0.108782
-0.531653
-0.483494
-0.045889
1.0
1.0
1.0
-0.159365
1.0
0.99978
-0.04511
0.713187
1.0
0.044189
1.0
1.0
0.034799
1.0
0.530476

0.779424
0.02295
0.069638
-0.074832
0.048079
1.0
1.0
1.0
-0.038878
1.0
1.0
0.000513
1.0
1.0
0.083607
1.0
1.0
0.07348
1.0
0.99978

0.093952
-0.10881
-0.091198
0.017292
0.116276
1.0
1.0
1.0
-0.165759
1.0
1.0
-0.144252
1.0
0.865421
0.018968
1.0
0.572821
0.150549
0.92696
1.0

0.811362
-0.011869
-0.055901
0.221766
-0.20344
1.0
1.0
1.0
0.004908
1.0
1.0
0.157289
1.0
1.0
0.044189
1.0
1.0
0.039675
1.0
1.0

0.853597
0.00328
-0.082235
-0.0108
-0.022026
1.0
1.0
1.0
0.022491
1.0
1.0
-0.145855
1.0
1.0
0.035678
1.0
1.0
0.034799
0.541905
1.0

0.529586
-0.067486
0.070487
-0.031202
0.102829
1.0
1.0
1.0
0.045818
1.0
1.0
0.012821
0.872894
0.998022
0.025128
0.464103
1.0
0.061758
0.91978
1.0

0.435235
-0.282844
0.062605
-0.064478
0.210053
0.94083
1.0
1.0
-0.049896
1.0
1.0
0.0
1.0
0.998608
0.038901
0.841392
1.0
0.205348
1.0
1.0

0.806028
0.075687
-0.238522
-0.306838
-0.263689
1.0
1.0
1.0
-0.210616
1.0
1.0
0.02392
0.865421
0.8137
0.0
0.731795
1.0
0.064396
1.0
1.0

0.529586
0.108782
-0.215523
-0.144376
-0.519399
1.0
1.0
1.0
-0.160348
1.0
1.0
0.015751
1.0
1.0
0.031537
0.708791
0.606227
0.008657
0.396996
0.731941

