f
Left

0.85794
0.03297
0.036343
-0.327808
-0.732961
1.0
0.042125
0.266447
0.412381
0.997656
0.997656
0.0
0.0
0.0
-0.063061
0.0
0.0
-0.217806
0.0
0.0

0.821857
-0.232625
-0.026472
-0.094913
-0.357779
0.916632
0.007839
0.112454
0.405495
0.995385
0.995385
0.0937
0.0
0.0
0.0
0.018974
0.018974
-0.007472
0.008718
0.008718

0.76451
-0.134938
-0.039627
-0.112035
-0.387547
0.941522
0.0
0.047399
0.323443
0.968132
0.968132
0.058242
0.0
0.0
0.0
0.0
0.0
-0.038146
0.0
0.0

0.780135
0.977901
-0.352211
-0.177146
-0.127764
1.0
0.029817
0.081978
0.459707
0.667033
1.0
0.149102
0.070256
0.0
0.0
0.0
0.0
-0.137269
0.0
0.0

1.0
-0.585912
0.004393
0.017439
-0.547454
0.736246
0.423956
1.0
0.215018
1.0
0.255751
0.0
0.0
0.0
-0.116361
0.0
0.0
-0.118242
0.0
0.0

0.866195
-0.667672
0.036343
-0.140601
-0.332284
0.6243
0.245788
0.212967
0.426593
0.897509
0.732821
0.071722
0.0
0.061758
0.0
0.004908
0.0
-0.038725
0.0
0.0

0.76451
-0.694636
-0.393135
-0.250906
-0.659733
1.0
0.042125
1.0
0.427473
0.8537
0.35348
0.095458
0.0
0.0
-0.009591
0.0
0.0
-0.137269
0.0
0.179853

0.886282
-0.205216
0.145123
-0.218659
-1.08645
1.0
0.204762
0.112454
0.339267
1.0
1.0
0.050916
0.0
0.0
0.0
0.0
0.0
-0.036519
0.083736
0.0

0.401928
-0.054065
-0.382503
-0.36667
-0.567918
1.0
0.067619
0.288132
0.421319
0.995385
1.0
0.364469
0.0
0.0
-0.116361
0.0
0.0
-0.217806
0.0
0.017802

0.755789
-0.405391
-0.382503
0.161997
-0.507088
1.0
0.051502
0.212967
0.365055
1.0
1.0
0.06293
0.002564
0.0
-0.038665
0.0
0.0
-0.417188
0.0
0.001099

0.882172
-0.012195
0.934164
-0.177146
-0.127764
0.830817
0.204762
0.030403
0.184835
1.0
1.0
0.0
0.0
0.055897
-0.224185
0.0
0.0
-0.09416
0.0
0.0

0.773266
-0.054065
0.28601
0.017439
-0.674445
1.0
0.029817
0.060293
0.387033
1.0
1.0
0.179267
0.0
0.0
0.0
0.0
0.0
-0.029522
0.0
0.0

0.77983
-0.205216
-0.345937
-0.227419
-0.572436
0.915689
0.011355
0.0
0.42337
0.897509
1.0
0.149102
0.0
0.0
-0.138327
0.0
0.0
-0.143214
0.0
0.0

0.713066
-0.79665
-0.315449
-0.257291
-0.071643
0.906188
0.0
0.0
0.436557
0.793773
0.997656
0.0
0.0
0.012527
0.0
0.018974
0.0
-0.022807
0.0
0.0

1.0
0.012235
-0.223044
-0.314688
-1.08645
1.0
0.007839
0.030403
0.53033
0.360952
1.0
0.043297
0.0
0.0
-0.085606
0.011062
0.0
-0.341386
0.0
0.0

0.836145
-0.492117
-0.812787
-0.491016
-0.634747
0.935081
0.212967
0.304835
0.364176
0.873626
0.217656
0.0
0.0
0.0
0.0
0.0
0.0
-0.029522
0.0
0.0

0.821857
0.012235
-0.259
-0.147955
-0.657489
0.939848
0.151722
0.266447
0.281685
0.8537
1.0
0.050916
0.0
0.0
-0.017799
0.0
0.0
-0.338916
0.0
0.017802

0.742228
-0.304664
-0.003122
-0.104857
-0.434905
1.0
0.192308
0.070256
0.525055
0.817509
0.984835
0.158976
0.0
0.0
-0.138327
0.0
0.0
-0.143214
0.0
0.013114

