flat_ily
Left

-0.478201
0.0
6.6e-05
0.0
0.0
0.17098
0.140586
0.153333
1.0
0.148059
0.148059
0.99978
1.0
1.0
1.0
1.0
1.0
1.0
0.006081
0.006081

-0.402229
0.0
0.040575
0.0
0.0
0.0
-0.202294
0.170007
1.0
0.095458
0.095458
0.930622
1.0
1.0
1.0
1.0
1.0
1.0
0.028645
0.028645

-0.438178
0.0
0.000202
0.0
0.0
0.253106
0.195092
0.171648
1.0
0.11685
0.11685
0.999487
1.0
1.0
1.0
1.0
1.0
1.0
0.038901
0.038901

-0.122153
-0.352451
0.0
0.0
0.0
0.0
0.061465
0.035678
1.0
0.095458
0.026886
1.0
0.702931
0.574579
1.0
1.0
0.513626
0.0
0.03304
0.006081

-0.398294
-0.443373
0.0
0.0
0.002353
0.350726
-0.33418
0.026358
1.0
0.074652
0.00696
1.0
0.783077
0.746007
1.0
1.0
1.0
1.0
0.0
0.0

-0.438178
-0.566162
0.0
0.0
-0.524608
0.0
-0.002496
0.01663
1.0
0.0
0.021612
1.0
0.931355
0.775458
1.0
1.0
0.447692
0.32989
0.091062
0.0

-0.718175
-0.106885
0.0
0.0
0.396523
0.0
0.069377
0.0
0.710256
0.0
0.04652
1.0
0.904835
1.0
1.0
0.470843
0.607692
0.417802
0.028645
0.028645

-0.181351
-0.1728
-0.000448
0.0
0.0
0.0
0.0
0.151136
0.646081
0.060586
0.0
0.99978
0.998608
1.0
1.0
1.0
1.0
1.0
0.0
0.0

-0.402229
0.0
0.0
0.0
-0.037271
0.0
-0.100564
0.068904
0.885788
0.088132
0.044762
1.0
0.931355
0.783077
1.0
1.0
1.0
0.713773
0.017216
0.0

-0.304729
0.0
0.040575
0.0
-0.184437
0.178915
-0.202294
0.03011
1.0
0.0
0.095458
0.99978
1.0
0.99978
1.0
0.654286
0.595238
1.0
0.0
0.03304

-0.248052
-0.487605
0.0
0.0
-0.313007
0.0
0.0
0.144396
1.0
0.134579
0.073187
1.0
1.0
1.0
1.0
1.0
0.985128
0.559634
0.004322
0.002857

-0.398294
0.0
0.0
0.0
-1.00857
0.731006
0.061465
-0.112499
1.0
0.074652
0.023663
1.0
1.0
0.702931
1.0
1.0
1.0
1.0
0.0
0.099121

-0.335555
0.0
0.0
0.0
-0.037271
0.0
0.061465
-0.089592
0.646081
0.088132
0.08315
1.0
0.904835
1.0
1.0
0.525788
1.0
1.0
0.0
0.0

-0.278629
0.0
0.0
0.0
-0.16779
0.532348
0.063516
0.361538
1.0
0.13326
0.0
1.0
0.828205
1.0
1.0
0.974872
0.525788
0.539414
0.027766
0.074652

-0.121447
0.0
0.0
0.0
-0.223562
0.336145
0.387033
0.047358
1.0
0.05326
0.040366
1.0
0.771941
0.771941
1.0
1.0
1.0
0.004615
0.0
0.0

-0.321958
0.0
0.0
0.0
0.139821
0.068517
0.0
-0.002878
1.0
0.033626
0.03978
1.0
0.746007
0.746007
1.0
0.55348
1.0
1.0
0.006374
0.169597

-0.211405
0.0
0.0
0.0
0.0
0.25085
0.387033
0.275385
0.541172
0.088132
0.064982
0.881099
1.0
1.0
1.0
1.0
0.515238
0.004615
0.038901
0.0

-0.485334
0.0
0.0
0.0
0.0
0.36691
0.076703
0.022198
1.0
0.044762
0.021612
1.0
1.0
0.99978
1.0
1.0
0.979414
1.0
0.027766
0.022784

