flat_v
Left

1.0
0.204529
-0.013127
0.140755
0.31571
1.0
0.505275
0.275678
0.50337
0.055311
0.055311
0.713773
0.0
0.0
0.826886
1.0
1.0
0.745275
0.997729
0.997729

0.941212
0.176965
0.027565
0.017655
0.266207
1.0
0.641685
0.653993
0.442564
0.047985
0.047985
0.726081
0.0
0.0
0.973114
1.0
1.0
0.792747
0.997729
0.997729

0.899211
0.192417
0.044575
0.078082
0.189237
1.0
0.53033
0.282711
0.415751
0.023956
0.023956
0.562857
0.0
0.0
0.892674
1.0
1.0
0.865568
0.997729
0.997729

0.933489
0.627022
-0.669349
0.0
0.150993
1.0
0.691062
0.064689
0.281685
0.023956
0.282711
0.468791
0.0
0.0
1.0
1.0
1.0
0.643443
0.999194
1.0

0.540114
0.033313
-0.415771
0.0
0.145449
1.0
1.0
0.237876
0.174432
0.0
0.009304
1.0
0.009304
0.0
1.0
1.0
1.0
0.224542
0.997729
1.0

0.811359
-0.482376
-0.049471
0.0
0.308224
1.0
0.697656
0.145568
0.874066
0.0
0.038901
1.0
0.0
0.0
1.0
1.0
0.999194
0.745275
1.0
0.999194

0.831221
0.439078
-0.115685
-0.360596
-0.025016
1.0
1.0
0.043297
0.382344
0.0
0.014872
0.520073
0.0
0.0
0.826886
1.0
1.0
0.288132
0.997729
0.997729

1.0
0.192417
-0.98395
-0.486035
0.187028
1.0
1.0
0.268352
0.50337
0.002564
0.0
0.411062
0.0
0.0
1.0
1.0
1.0
0.865568
1.0
0.998901

0.670887
0.02916
-0.052906
0.0
0.232852
1.0
0.908205
0.282711
0.358315
0.0
0.055311
0.489011
0.0
0.0
0.768571
1.0
1.0
0.627619
0.998901
1.0

0.654163
-0.090168
-0.532733
0.0
0.0
1.0
0.550256
0.282711
0.857949
0.00989
0.0
0.54293
0.0
0.0
1.0
1.0
1.0
0.264835
0.999194
1.0

0.540114
-0.018577
-0.98395
-0.202554
0.264865
1.0
1.0
0.286227
0.445055
0.0
0.01663
0.605055
0.0
0.010183
1.0
1.0
1.0
0.554945
0.99978
1.0

0.711795
0.077684
0.0
0.0
0.202316
1.0
0.958755
0.296484
0.38674
0.020733
0.0
0.408425
0.0
0.0
0.718462
1.0
1.0
0.861905
0.374432
1.0

0.540114
-0.250885
0.0
-0.194746
0.058662
1.0
1.0
0.039487
0.265714
0.309084
0.0
0.139121
0.0
0.0
1.0
1.0
1.0
0.865568
1.0
1.0

0.413059
0.034124
-0.012893
0.0
-0.124915
1.0
0.875531
0.00315
0.254579
0.076703
0.0
1.0
0.002271
0.0
1.0
1.0
1.0
0.768718
1.0
1.0

0.121598
1.026081
-0.521595
0.238191
0.21184
1.0
0.53033
0.035385
0.720073
0.015165
0.0
0.270403
0.0
0.0
1.0
1.0
1.0
0.591282
1.0
1.0

0.226318
-0.024717
-0.64756
0.0
0.143941
1.0
0.550256
0.205494
0.123883
0.047692
0.0
1.0
0.0
0.0
1.0
1.0
1.0
0.8137
1.0
1.0

0.508919
-0.354384
-0.73796
-0.449875
0.189237
1.0
1.0
0.039487
0.62
0.0
0.029231
0.862344
0.0
0.0
1.0
1.0
1.0
0.697363
1.0
0.999487

1.0
-0.255774
-0.483859
0.0
-0.025016
1.0
1.0
0.074652
0.399341
0.0
0.005201
0.354506
0.0
0.0
0.88022
1.0
1.0
1.0
0.999487
0.999194

