flat_m
Left

0.946641
-0.038777
0.020824
0.205214
0.0
1.0
1.0
1.0
0.928278
0.186007
0.186007
0.938828
0.022198
0.022198
0.819267
0.01663
0.01663
1.0
0.997729
0.997729

0.857827
-0.147267
0.004692
0.185964
0.0
1.0
1.0
0.729597
0.799048
0.175311
0.175311
0.915238
0.022784
0.022784
0.837143
0.052674
0.052674
1.0
0.997729
0.997729

0.862859
-0.200084
-0.004825
0.120275
0.0
1.0
1.0
0.693846
0.781905
0.128571
0.128571
0.972454
0.013407
0.013407
0.868498
0.037436
0.037436
1.0
0.997729
0.997729

0.644627
-0.057866
-0.412674
0.185964
0.406214
1.0
1.0
0.0
1.0
0.059707
0.079927
0.508938
0.070549
0.0
0.664835
0.057949
0.006374
0.450623
1.0
1.0

0.950116
-0.744483
0.0
0.083291
0.0
1.0
1.0
1.0
0.245201
0.051502
0.06967
1.0
0.002271
0.00022
0.283297
0.251941
0.0
1.0
1.0
1.0

0.771386
-0.200084
0.012331
0.0
-0.132419
1.0
0.992161
0.345714
0.212088
0.214139
0.082857
0.938828
0.0
0.013407
0.709377
0.056484
0.018681
0.508938
0.999194
0.999194

0.703054
-0.147267
0.020824
0.08004
0.421457
1.0
1.0
0.149963
0.638755
0.062051
0.212674
1.0
0.0
0.035971
1.0
0.0
0.0
0.494579
0.997729
1.0

0.771386
0.0
0.159353
0.210748
0.95596
1.0
0.690037
0.299707
0.648132
0.0
0.051502
0.938828
0.013407
0.0
0.311722
0.0
0.0
1.0
0.999194
1.0

0.946396
-0.846334
0.0
-0.310358
0.613997
1.0
0.57956
0.188645
0.332821
0.214139
0.043297
0.744835
0.007839
0.084322
0.325202
0.0
0.0
1.0
1.0
1.0

0.626121
-0.210019
0.0
0.403196
0.940848
1.0
0.410183
0.156996
0.620439
0.107473
0.090769
0.600659
0.0
0.0
1.0
0.056484
0.001392
0.457363
1.0
0.999194

0.857827
0.0
-0.070662
0.267519
0.317804
1.0
1.0
0.354799
0.277289
0.301612
0.107473
1.0
0.0
0.0
1.0
0.0
0.016044
0.494579
1.0
0.324615

0.761872
-0.354529
-0.290292
-0.183578
0.477799
1.0
0.920952
0.173993
1.0
0.040366
0.112747
1.0
0.0
0.007839
1.0
0.0
0.014872
0.450623
0.472601
0.294579

0.946396
-0.057866
0.0
0.258796
0.849203
1.0
0.410183
1.0
0.158755
0.241539
0.059707
0.556996
0.070549
0.010769
0.408425
0.237289
0.0
1.0
1.0
1.0

0.334153
-0.210019
-0.142906
0.0
-0.190112
1.0
1.0
0.188645
0.245201
0.046813
0.125055
1.0
0.0
0.028059
1.0
0.0
0.0
1.0
1.0
1.0

0.383969
0.0
-0.479406
0.629003
0.36881
1.0
0.864689
0.398169
0.212088
0.059707
0.0
0.972454
0.0
0.0
0.832894
0.091941
0.004908
0.995971
0.176777
1.0

0.626121
-0.01938
-0.412674
0.065983
0.561302
1.0
1.0
0.729597
1.0
0.0
0.212674
0.579561
0.0
0.031575
0.520366
0.237289
0.0
0.552161
1.0
0.673187

1.0
0.0
0.091912
0.210748
0.098298
1.0
0.57956
0.627326
0.628205
0.046813
0.079927
0.777656
0.0
0.023956
0.809011
0.0
0.0
0.98652
1.0
1.0

0.647569
-0.861815
0.0
0.0
0.328017
1.0
0.410183
0.922564
0.158755
0.069084
0.0
0.565788
0.003443
0.0
0.837143
0.0
0.049451
1.0
0.149084
1.0

