g
Left

0.809556
-0.219607
0.0
0.0
0.0
1.0
1.0
0.0
0.726374
0.088425
0.088425
1.0
1.0
1.0
1.0
1.0
1.0
1.0
0.997729
0.997729

0.706215
0.0
0.0
0.0
0.0
1.0
0.910403
0.0
1.0
0.08315
0.08315
1.0
1.0
1.0
1.0
1.0
1.0
1.0
0.997729
0.997729

0.822332
-0.254739
0.0
0.0
0.033297
1.0
0.813846
0.0
0.634945
0.04652
0.04652
1.0
1.0
1.0
1.0
1.0
1.0
0.964689
0.997729
0.997729

0.460769
-0.711808
-0.026136
0.0
0.001745
1.0
0.290037
0.0
0.676264
0.0
0.0
1.0
0.999194
0.998022
1.0
1.0
1.0
1.0
0.999487
1.0

0.86775
-0.077709
0.0
0.0
0.0
1.0
0.281832
0.0
0.515385
0.0
0.088425
1.0
0.998315
0.999194
1.0
0.999487
0.981026
1.0
0.999194
1.0

0.563596
-0.655646
0.050492
0.0
0.0
1.0
0.322418
0.0
0.758022
0.0
0.0
0.921685
1.0
0.751575
1.0
1.0
1.0
1.0
0.999194
1.0

0.497999
-0.655646
0.248257
0.0
0.0
1.0
0.02337
0.0
0.911868
0.0
0.050916
1.0
0.864689
0.662637
1.0
0.999487
1.0
1.0
0.998901
0.999194

0.308111
0.0
0.0
0.0
0.0
1.0
0.561392
0.011062
0.726374
0.00989
0.031575
1.0
0.662637
1.0
1.0
1.0
1.0
0.983077
1.0
1.0

0.089527
0.0
0.025795
0.0
0.214398
1.0
0.707619
0.0
0.989377
0.0
0.00989
0.659267
0.998315
1.0
0.765055
1.0
1.0
0.717143
0.918755
1.0

0.824619
-0.698742
0.0
0.0
0.178088
1.0
0.0
0.0
0.758022
0.063223
0.0
1.0
0.998608
1.0
1.0
1.0
1.0
0.717143
1.0
0.997729

0.951044
-0.450641
-0.283985
0.0
0.0
1.0
0.064103
0.0
0.118901
0.05707
0.0
1.0
1.0
1.0
1.0
1.0
0.999194
1.0
1.0
0.998901

0.542478
0.0
0.0
-0.01023
0.0
1.0
0.450037
0.058828
0.358315
0.091648
0.00989
0.662491
1.0
0.99978
1.0
1.0
1.0
0.998022
1.0
1.0

0.961077
0.0
0.0
0.0
0.214398
1.0
0.30293
0.0
0.413993
0.115971
0.0
0.775018
1.0
0.998608
0.562271
1.0
0.999194
1.0
0.999194
0.998901

0.684956
-0.638502
-0.026136
0.0
0.0
1.0
0.0
0.0
0.170916
0.124615
0.0
1.0
1.0
1.0
1.0
1.0
1.0
0.964689
1.0
1.0

0.838107
-0.982394
0.0
0.0
-0.896383
1.0
0.096337
0.0
0.911868
0.0
0.027179
0.961685
1.0
0.998608
1.0
1.0
1.0
1.0
1.0
1.0

0.460769
-0.592014
-0.045678
0.0
0.059783
1.0
0.485202
0.0
0.464103
0.0
0.053846
1.0
1.0
1.0
1.0
1.0
0.981026
0.900733
0.999194
1.0

-0.065207
0.0
0.0
0.0
0.0
0.733003
0.462051
0.0
0.424249
0.009304
0.030989
0.604469
1.0
0.99978
0.562271
1.0
1.0
0.789084
1.0
1.0

0.951044
-0.844702
0.0
0.0
0.189204
1.0
0.075531
0.0
0.241109
0.144982
0.08315
1.0
1.0
0.99978
1.0
1.0
1.0
0.799048
1.0
0.958169

