h
Left

0.802634
-0.499032
-0.156394
0.0
0.0
1.0
1.0
0.887399
0.157289
0.0
0.0
0.498974
0.018974
0.018974
1.0
1.0
1.0
1.0
0.913626
0.913626

0.697434
-0.546391
-0.186194
0.0
0.0
1.0
1.0
1.0
0.30718
0.0
0.0
0.494286
0.0
0.0
1.0
1.0
1.0
1.0
0.997729
0.997729

0.834654
-0.510833
-0.243767
0.0
0.0
1.0
1.0
1.0
0.260147
0.0
0.0
0.470843
0.0
0.0
1.0
1.0
1.0
1.0
0.997729
0.997729

0.638646
-0.59176
-0.072168
0.0
0.235003
1.0
1.0
0.005201
0.150234
0.0
0.0
0.935604
0.0
0.0
1.0
0.999487
1.0
1.0
0.913626
1.0

0.90695
-0.705399
-0.840964
0.0
0.502281
1.0
1.0
0.327985
0.07348
0.000806
0.000806
0.576337
0.172821
0.0
1.0
1.0
0.999194
0.600073
1.0
1.0

0.706356
-0.619488
-0.277541
0.0
0.0
1.0
1.0
0.164029
0.308791
0.060586
0.034212
0.52022
0.0
0.004908
1.0
1.0
1.0
0.738388
0.726374
1.0

0.562023
-0.721171
-0.417495
0.0
0.505992
1.0
0.462931
0.06967
0.203004
0.0
0.0
0.52022
0.0
0.0
1.0
1.0
1.0
0.484176
1.0
1.0

0.611637
-0.325331
-0.198405
0.0
0.235003
1.0
0.976923
1.0
-0.046216
0.009011
0.0
0.050916
0.0
0.0
1.0
1.0
1.0
0.862637
1.0
0.810769

0.784908
0.036181
-0.072178
0.218866
0.488651
1.0
1.0
0.159634
0.088132
0.0
0.0
0.828059
0.0
0.003736
0.939121
1.0
0.999487
0.738388
0.99978
1.0

0.777462
-0.724193
-0.27114
0.0
0.32506
1.0
1.0
1.0
0.0
0.0
0.0
-0.143026
0.0
0.0
0.309963
0.999194
1.0
0.589231
1.0
1.0

1.0
-0.540741
-0.272146
0.088912
0.244189
1.0
1.0
1.0
0.074652
0.0
0.0
0.538535
0.0
0.0
0.905714
1.0
1.0
0.862637
0.822784
1.0

0.212495
-0.271125
0.024073
0.0
0.568437
1.0
0.71641
0.327985
-0.062369
0.0
0.032161
0.242857
0.0
0.0
1.0
1.0
1.0
1.0
1.0
1.0

0.404495
-0.743023
-0.40873
0.0
0.488651
1.0
0.71641
1.0
0.074652
0.0
0.0
0.137949
0.0
0.0
1.0
1.0
1.0
0.553626
0.999487
1.0

1.0
-0.937819
0.046158
0.0
0.106271
1.0
1.0
0.433626
0.093993
0.0
0.0
0.178242
0.043297
0.0
0.496337
1.0
1.0
0.738388
1.0
0.99978

0.69843
-0.626293
-0.430866
0.120575
0.244189
1.0
0.955824
0.057949
0.308791
0.0
0.00315
0.220293
0.0
0.001099
1.0
1.0
0.999487
1.0
1.0
0.822784

0.650086
0.018109
-0.198405
0.0
0.705985
1.0
1.0
0.639927
0.14456
0.041245
0.050037
0.470843
0.022198
0.025128
1.0
1.0
1.0
0.873333
1.0
1.0

0.578489
-0.721171
-0.072178
0.218866
0.0
1.0
0.421465
1.0
0.378242
0.0
0.0
0.55304
0.0
0.018974
0.309963
1.0
1.0
0.418681
1.0
0.737509

0.684892
-0.578986
-0.459446
0.0
0.0
1.0
1.0
0.0
-0.208259
0.0
0.0
0.539414
0.0
0.0
1.0
1.0
1.0
0.895458
1.0
1.0

