horns
Left

1.0
0.019793
0.087748
0.045094
-0.051936
1.0
1.0
0.814725
0.135277
0.0
0.0
0.88989
1.0
1.0
0.94945
1.0
1.0
0.078169
0.0
0.0

1.0
0.006894
0.275509
0.108048
0.084084
1.0
1.0
0.895605
0.065275
0.0
0.0
0.677875
1.0
1.0
0.891648
1.0
1.0
0.062051
0.0
0.0

0.90823
0.135145
0.172689
0.056442
0.209345
1.0
1.0
1.0
0.072015
0.0
0.0
0.808718
1.0
1.0
0.943223
1.0
1.0
0.149963
0.0
0.0

1.0
-0.249064
0.0
0.0
-0.211286
1.0
1.0
0.01956
0.024249
0.001978
0.005201
1.0
0.998315
0.839487
0.772381
1.0
1.0
0.040952
0.0
0.0

0.687385
0.213011
0.018423
0.174887
-0.152416
1.0
1.0
0.137216
0.004322
0.0
0.0
0.528572
1.0
1.0
1.0
1.0
1.0
0.175018
0.0
0.0

0.562552
0.194235
0.0
0.0
0.377712
1.0
0.63304
0.482271
0.015458
0.000806
0.031868
0.539707
1.0
1.0
0.891648
1.0
1.0
0.096337
0.0
0.055311

0.524188
0.636453
0.0
0.0
0.021484
1.0
1.0
0.569011
0.009597
0.019853
0.0
0.547619
1.0
1.0
0.325788
1.0
1.0
0.032454
0.0
0.0

0.709396
0.258107
0.0
0.045094
0.211508
1.0
1.0
0.158169
0.205055
0.0
0.001978
0.855604
0.999194
1.0
1.0
0.999487
1.0
0.078169
0.0
0.005495

1.0
-0.251381
-0.380312
0.073372
0.167162
1.0
0.90337
0.0
0.024249
0.0
0.011941
0.942344
1.0
0.998315
1.0
1.0
1.0
0.035678
0.0
0.0

0.790662
-0.180263
0.023583
0.144722
0.320076
1.0
0.570037
0.173114
0.09663
0.0
0.005201
0.439194
1.0
1.0
1.0
1.0
1.0
0.040952
0.005495
0.0

0.571153
0.004743
0.081613
0.044268
-0.151746
1.0
0.512161
0.3
0.018681
0.0
0.0
1.0
1.0
1.0
0.541612
1.0
1.0
0.038022
0.0
0.0

0.500936
0.223641
-0.096988
0.142684
-0.175944
1.0
1.0
0.946154
0.024249
0.0
0.0
0.438169
1.0
1.0
0.334579
0.999487
1.0
0.029817
0.0
0.0

1.0
0.32769
-0.051694
0.144722
0.213825
1.0
0.417949
0.222198
0.135024
0.0
0.0
0.438169
1.0
1.0
1.0
1.0
0.800806
0.16315
0.059121
0.0

0.68772
0.194235
0.0
0.177087
-0.13806
1.0
1.0
0.173114
0.203883
0.0
0.0
0.78293
1.0
1.0
0.583077
1.0
1.0
0.031282
0.0
0.0

1.0
0.212684
0.017346
0.098721
0.290446
1.0
1.0
0.256044
0.205694
0.0
0.039194
0.973407
1.0
1.0
1.0
1.0
1.0
0.034799
0.0
0.0

0.4515
0.32769
0.0
0.11249
0.021484
1.0
0.607839
0.663956
0.038608
0.039194
0.043004
0.677875
1.0
1.0
1.0
1.0
1.0
0.038022
0.0
0.005495

1.0
-0.167168
0.104433
0.0
0.209345
1.0
0.641392
0.137216
0.008425
0.0
0.0
1.0
1.0
1.0
0.325788
1.0
1.0
0.028059
0.012527
0.0

1.0
0.004743
0.084102
0.0
0.805726
1.0
1.0
0.152747
0.03304
0.019853
0.031575
0.486667
1.0
1.0
0.818095
0.800806
1.0
0.016337
0.0
0.0

