ily
Left

0.191571
0.305001
0.07895
-0.153292
-0.407356
0.103753
0.0
0.0
-0.109343
0.0
0.0
0.040952
1.0
1.0
0.104249
1.0
1.0
-0.076486
0.0
0.0

0.334327
0.352662
-0.009241
-0.100218
-0.490825
0.438475
0.0
0.0
-0.000872
0.0
0.0
0.348059
1.0
1.0
0.347473
1.0
1.0
-0.115624
0.0
0.0

0.312216
0.072781
0.114811
0.046313
-0.276711
0.426265
0.0
0.0
0.0
0.0
0.0
0.128278
1.0
1.0
0.268791
1.0
1.0
0.004908
0.0
0.0

-0.40699
-0.107715
0.0
-0.137685
-0.03805
0.0
-0.363636
0.0
0.048864
0.0
0.0
1.0
0.999194
0.998315
0.059707
1.0
1.0
0.215018
0.052381
0.0

0.383758
-0.154289
0.0
0.0
-0.005524
0.113106
-0.080978
-0.122978
0.482564
0.0
0.0
1.0
1.0
1.0
0.884322
1.0
1.0
0.071136
0.0
0.0

0.797626
0.279448
0.0
-0.126881
-0.076573
0.271507
0.084322
0.094579
0.373407
0.0
0.0
0.782051
1.0
0.998022
0.568425
1.0
1.0
0.0
0.0
0.0

0.558271
-0.175216
-0.075542
0.0
-0.36626
0.0
-0.102509
-0.031233
0.554799
0.022198
0.0
1.0
0.998022
1.0
0.039973
1.0
1.0
0.474945
0.0
0.0

0.467223
0.337102
0.0
0.0
0.203848
0.013297
0.188059
0.0
-0.000872
0.00022
0.029231
1.0
0.998608
1.0
1.0
1.0
1.0
0.035385
0.0
0.0

-0.456247
-0.17017
-0.283624
-0.03388
0.352772
0.063193
0.0
0.026007
0.20696
0.0
0.0
1.0
0.998315
1.0
0.911282
0.998315
1.0
0.205641
0.0
0.279194

0.632918
-0.098068
-0.109035
-0.075493
-0.089173
0.0
0.2263
0.0
-0.109343
0.0
0.0
0.551722
0.784689
1.0
0.568425
1.0
1.0
-0.115624
0.0
0.0

0.797626
-0.116716
0.0
0.0
-0.181726
0.0
-0.128547
0.0
-0.09379
0.0
0.0
1.0
1.0
0.99978
0.224689
1.0
0.90044
0.572527
0.0
0.0

0.369407
-0.112786
-0.259846
0.010344
-0.216223
0.103753
-0.363636
-0.007719
0.0
0.047399
0.0
1.0
1.0
0.810476
1.0
0.80652
1.0
0.178095
0.0
0.01956

0.632918
-0.3514
-0.226464
0.0
-0.04589
0.0
0.0
0.0
-0.102284
0.014579
0.0
1.0
1.0
1.0
1.0
1.0
1.0
0.0
0.048571
0.0

-0.456247
-0.060782
0.0
-0.100218
-0.134733
0.109848
0.190843
-0.007719
0.599048
0.0
0.022198
1.0
1.0
1.0
0.377363
1.0
0.999487
0.248425
0.0
0.0

0.369407
0.458516
0.0
-0.075493
0.200277
0.0
-0.210397
-0.029422
0.0
0.041832
0.0
0.823663
0.990183
0.992527
0.931648
1.0
1.0
0.178095
0.030989
0.02337

0.434624
0.0
-0.187083
0.0
-0.36626
0.271507
-0.078597
0.0
0.372674
0.0
0.0
1.0
1.0
1.0
0.092558
1.0
1.0
0.244908
0.01956
0.024542

-0.40699
0.458516
-0.094499
0.0
0.666792
0.196938
0.0
-0.088301
-0.000872
0.0
0.041832
1.0
0.998315
1.0
0.297656
1.0
0.991282
0.145275
0.0
0.040952

0.430371
0.015979
0.0
0.0
0.219838
0.13981
0.0
0.0
0.624396
0.0
0.0
1.0
1.0
1.0
1.0
0.999707
1.0
0.045641
0.0
0.0

