n
Left

0.060651
0.0
0.114384
0.095748
0.222577
1.0
1.0
0.0
1.0
1.0
1.0
0.78381
1.0
1.0
0.681978
1.0
1.0
0.704982
0.997729
0.997729

-0.087688
0.0
0.050754
0.00944
0.198813
1.0
1.0
0.0
1.0
1.0
1.0
0.804762
1.0
1.0
0.907326
1.0
1.0
0.677876
0.997729
0.997729

-0.049803
0.0
0.035218
0.063047
0.230169
1.0
1.0
0.0
1.0
1.0
1.0
0.868498
1.0
1.0
0.707033
1.0
1.0
0.597143
0.997729
0.997729

0.572271
0.0
0.008557
0.0
0.0
1.0
1.0
0.0
1.0
1.0
0.672454
0.713773
1.0
0.872601
1.0
1.0
1.0
0.987839
0.998901
0.998901

1.0
0.0
0.0
-0.013984
0.0
1.0
1.0
0.012821
0.921245
1.0
1.0
1.0
1.0
0.782784
1.0
1.0
1.0
1.0
1.0
0.99978

0.515148
0.0
0.0
0.0
0.0
1.0
1.0
0.128278
1.0
0.878755
1.0
0.731795
0.92022
1.0
1.0
1.0
1.0
1.0
1.0
1.0

0.733458
-0.346763
-0.009858
0.095748
0.157716
1.0
1.0
0.1063
1.0
1.0
0.3
0.887839
1.0
0.998608
0.931502
0.999487
1.0
1.0
1.0
1.0

1.0
0.0
0.0
-0.162761
0.0
1.0
1.0
0.128278
1.0
1.0
1.0
0.723297
0.483736
0.998315
1.0
1.0
1.0
0.964103
1.0
0.892234

0.498873
0.0
0.175913
0.0
0.0
1.0
1.0
0.012821
1.0
1.0
1.0
1.0
0.456044
1.0
1.0
1.0
1.0
0.214725
1.0
1.0

0.647405
-4.1e-05
0.0
0.0
-0.007195
1.0
1.0
0.0
1.0
1.0
0.878462
0.894286
0.998608
1.0
1.0
1.0
0.999487
0.597143
1.0
0.892234

0.269509
-0.083832
0.0
0.0
0.0
1.0
1.0
0.0
1.0
1.0
0.935897
0.868498
1.0
0.854725
0.526813
1.0
0.30967
1.0
0.704103
0.863223

0.655213
-0.003276
0.0
0.0
0.754518
1.0
1.0
0.161685
0.99978
0.889451
1.0
1.0
0.949377
0.998315
1.0
0.999194
1.0
1.0
0.935311
1.0

0.101962
-0.003276
0.0
0.0
0.0
1.0
1.0
0.161685
1.0
1.0
1.0
0.993114
1.0
1.0
1.0
0.999487
1.0
1.0
1.0
1.0

1.0
-0.064638
0.0
0.0
0.642699
1.0
1.0
0.1063
1.0
0.823077
1.0
0.78381
1.0
0.88359
1.0
1.0
1.0
0.977802
0.99978
1.0

0.245573
0.0
0.0
-0.162761
0.003876
1.0
1.0
0.012821
1.0
1.0
1.0
1.0
0.998608
0.804615
1.0
0.999487
1.0
0.883443
0.999194
0.99978

0.465596
-0.326772
-0.026647
-0.162761
0.019308
1.0
1.0
0.0
1.0
0.775311
0.823077
1.0
1.0
0.78674
1.0
1.0
1.0
1.0
1.0
1.0

0.585604
-0.015775
0.0
0.0
0.427172
1.0
1.0
0.0
1.0
0.72696
1.0
0.78381
0.663663
1.0
1.0
1.0
0.398755
0.214725
0.999194
1.0

0.438952
0.0
0.0
0.0
0.121521
1.0
0.759487
0.0
1.0
1.0
1.0
0.865128
1.0
0.998608
1.0
1.0
0.999487
0.18381
1.0
0.997729

