open_8
Left

0.152255
0.254272
-0.093376
0.312739
-0.207312
0.824607
0.178974
0.018095
0.064396
0.0
0.0
0.393187
1.0
1.0
0.158462
0.0
0.0
-0.027819
0.0
0.0

0.312514
0.396665
-0.133101
0.134153
-0.153653
0.963681
0.32022
0.025128
0.157436
0.0
0.0
0.598168
0.46381
0.46381
0.212381
0.0
0.0
0.0
0.0
0.0

0.039977
0.323018
-0.237327
0.094962
-0.037539
0.89148
0.356557
0.057949
0.396117
0.0
0.0
0.52022
0.534725
0.534725
0.237289
0.0
0.0
0.047985
0.0
0.0

-0.027422
0.179841
0.0
0.840221
0.184895
0.437848
0.115971
0.021319
0.103077
0.0
0.0
0.700733
0.32989
0.709084
0.548498
0.002271
0.0
0.158755
0.0
0.0

-0.224291
0.067945
-0.019957
0.23672
0.228319
0.255699
0.06674
0.0
0.164469
0.0
0.0
1.0
1.0
1.0
0.158462
0.0
0.0
0.012821
0.0
0.0

0.162506
-0.146075
0.0
0.0
-0.343569
0.597351
0.013993
0.0
0.277436
0.0
0.0
0.934432
0.747473
0.763297
0.221758
0.015458
0.0
0.031282
0.009011
0.0

0.095335
0.073424
0.0
0.312739
-0.153653
0.153377
0.167253
0.0
1.0
0.0
0.0
0.287253
0.310843
0.650476
0.46381
0.0
0.0
0.047985
0.0
0.0

0.21608
0.071351
-0.089245
0.087406
-0.206137
0.963681
0.121538
0.0
0.157436
0.0
0.0
0.808718
0.650476
0.652674
0.3
0.024249
0.0
0.0
0.0
0.0

-0.224291
-0.025106
-0.143997
0.069785
-0.037539
0.155838
0.176337
0.0
0.208278
0.0
0.0
0.710549
0.994506
0.998608
1.0
0.05619
0.0
0.027766
0.0
0.0

0.120281
-0.05818
0.0
0.032717
0.386811
0.530517
0.062637
0.004029
0.32696
0.0
0.0
1.0
1.0
0.245201
0.324762
0.0
0.0
0.0
0.0
0.0

0.079976
-0.141493
-0.326854
0.037342
0.076088
0.559851
0.115971
0.0
0.624689
0.0
0.016923
0.588352
0.225128
0.028645
0.557582
0.0
0.0
0.0
0.0
0.0

0.095551
0.1916
0.0
0.268047
0.142454
0.467812
0.153626
0.0
0.338388
0.0
0.0
0.52022
0.310843
1.0
-0.009713
0.0
0.0
0.0
0.009011
0.0

0.321026
-0.141493
0.0
0.163507
0.076088
0.349556
0.0
0.0
0.007839
0.0
0.0
1.0
0.571355
0.313773
0.339121
0.0
0.0
0.0
0.0
0.004908

-0.133877
-0.353247
-0.076349
0.965198
-0.048275
0.530517
0.072894
0.0
0.0
0.0
0.0
1.0
0.673333
0.999707
0.567692
0.0
0.0
0.0
0.0
0.0

0.423143
-0.135627
0.0
0.291512
0.00955
0.437848
0.169011
0.0
0.098974
0.12359
0.0
1.0
0.027179
0.064396
0.308498
0.0
0.0
0.026886
0.0
0.0

0.079976
0.749189
0.0
0.0
-0.324776
0.155838
0.218242
0.021612
0.208278
0.0
0.0
0.784689
0.203004
0.699121
0.286813
0.0
0.0
0.0
0.0
0.0

0.152255
0.006527
0.0
0.196937
-0.306005
0.238984
0.0
0.0
0.426007
0.0
0.0
0.656923
0.554359
0.747473
0.221758
0.0
0.0
-0.055392
0.0
0.004908

0.162486
-0.173143
-0.142312
0.079981
0.228319
0.266003
0.115971
0.0
-0.035032
0.002564
0.0
0.772674
0.245201
0.458535
0.021319
0.002857
0.0
0.0
0.0
0.0

