open_e
Left

0.058375
0.086499
-0.09133
-0.007532
-0.022834
0.777485
0.127985
0.0
0.0
1.0
1.0
0.0
1.0
1.0
0.007839
1.0
1.0
0.009011
0.997729
0.997729

-0.043873
0.103804
-0.04083
0.035846
0.019237
0.718183
0.181612
0.012527
0.033333
1.0
1.0
0.00315
1.0
1.0
0.037143
1.0
1.0
0.06
0.997729
0.997729

-0.006535
0.119829
-0.07199
0.014286
0.015078
0.687678
0.091062
0.0
0.0137
1.0
1.0
0.0
1.0
1.0
0.031282
1.0
1.0
0.074652
0.997729
0.997729

0.300146
-0.418464
-0.205055
-0.04448
0.500058
0.603969
0.090769
0.0
0.044176
1.0
1.0
-0.024712
0.998022
0.851062
0.188835
1.0
1.0
0.01956
1.0
0.4663

0.047647
0.08623
-0.361537
-0.052322
-0.077039
0.843312
0.0
0.0
0.038608
1.0
1.0
-0.039314
1.0
1.0
0.038891
1.0
1.0
-0.197008
0.629963
0.497802

0.113368
0.086499
-0.022512
-0.132239
-0.03791
0.677974
0.0
0.0
-0.159334
1.0
1.0
0.086667
1.0
1.0
0.007839
1.0
1.0
0.022483
0.506593
1.0

0.423101
0.341462
-0.052888
-0.111308
0.158002
0.872593
0.001685
0.004322
-0.175173
0.99978
1.0
0.041539
1.0
1.0
0.066442
0.942051
1.0
0.035218
0.472894
0.4663

0.110856
0.482216
-0.26687
-0.161286
-0.51321
0.852543
0.184542
0.0
1.0
1.0
1.0
0.0
1.0
0.632308
0.0
1.0
0.908059
0.016337
0.666887
0.497802

-0.046886
0.154419
-0.206688
-0.090658
-0.081297
0.823565
0.047399
1.0
-0.119439
1.0
1.0
0.085201
0.718462
1.0
-0.047659
1.0
1.0
0.007839
1.0
0.997729

0.013174
-0.23568
0.046582
-0.007532
-0.256927
0.675713
0.0
0.0
-0.112837
1.0
1.0
-0.063582
1.0
1.0
0.160806
1.0
1.0
0.030989
0.497802
0.998901

0.362559
-0.511409
-0.197467
0.014286
-0.205476
0.777485
0.0
0.012527
-0.062604
1.0
1.0
0.086667
1.0
0.999194
0.089304
0.693407
1.0
-0.178056
1.0
0.472894

0.113368
0.249682
-0.242342
0.270123
-0.154296
0.589472
0.072601
0.0
-0.119439
1.0
1.0
0.515678
1.0
1.0
-0.093844
1.0
0.999194
0.035218
0.4663
0.348352

0.042791
0.393195
-0.236954
-0.161286
-0.154296
0.968605
0.629377
0.285641
-0.112837
1.0
1.0
0.0
1.0
0.998608
0.498974
1.0
1.0
0.044176
0.785568
0.221172

0.081988
0.482216
-0.301413
-0.31053
0.0
0.723625
0.064103
0.005788
0.01663
1.0
1.0
-0.052906
1.0
0.801832
0.056305
1.0
0.693407
0.034077
0.295897
0.589231

0.034061
-0.033051
-0.021089
-0.076181
-0.001948
0.858204
0.072601
0.091941
-0.173386
1.0
1.0
-0.024712
1.0
1.0
0.159634
1.0
1.0
0.007839
0.589231
0.679341

0.350429
0.381558
-0.250964
-0.138954
-0.156246
0.687678
0.127985
0.012527
0.206428
1.0
1.0
0.0
0.999194
0.997729
0.056305
0.824835
1.0
0.24151
1.0
0.348352

-0.285838
0.195568
-0.057214
-0.172624
0.0
0.753037
0.0
0.0
0.345421
1.0
1.0
0.043004
1.0
1.0
0.045934
1.0
0.68652
-0.048959
0.472894
1.0

-0.46772
0.235819
0.046582
-0.310893
0.500058
0.788522
0.204908
0.285641
0.041565
1.0
1.0
0.038902
0.999194
1.0
0.397875
0.908059
1.0
0.016337
1.0
1.0

