r
Left

0.500249
-0.130704
0.343217
0.0
0.44245
1.0
0.489157
0.203297
0.253114
0.018095
0.018095
0.254725
0.0
0.0
1.0
1.0
1.0
0.598608
0.997582
0.997582

0.61154
-0.154149
0.412325
0.047061
0.528582
1.0
0.533846
0.097802
0.204762
0.0
0.0
0.189377
0.0
0.0
0.949231
1.0
1.0
0.545861
0.997729
0.997729

0.735755
-0.258542
0.313392
0.182853
0.563213
1.0
0.498681
0.75978
0.228791
0.0
0.0
0.064396
0.0
0.0
0.768425
1.0
1.0
0.434652
0.997729
0.997729

0.158168
-0.869189
0.326311
0.097309
0.561841
1.0
1.0
0.536191
0.15348
0.0
0.0
0.013407
0.19304
0.0
0.751282
1.0
1.0
0.827766
0.999194
1.0

0.394202
0.017143
0.174506
0.256196
0.442447
1.0
0.527985
1.0
0.318169
0.0
0.0
0.16022
0.040366
0.021026
0.949231
1.0
1.0
0.59641
1.0
0.99978

0.419454
-0.360066
0.426527
0.199278
0.52599
1.0
1.0
0.721392
0.228791
0.0
0.0
0.254725
0.0
0.0
0.861465
1.0
1.0
0.343956
1.0
1.0

0.500249
-0.858105
0.150617
0.256196
0.418173
1.0
1.0
0.0
0.182784
0.0
0.011355
0.194652
0.0
0.0
0.50044
0.719341
1.0
0.325202
1.0
1.0

1.0
0.420052
0.290507
0.0
0.144385
1.0
0.531355
0.17033
0.055897
0.0
0.0
0.278608
0.0
0.292967
1.0
1.0
1.0
0.199048
1.0
0.998901

0.158168
-0.347264
0.039747
0.0
0.283385
1.0
1.0
0.138388
0.183663
0.0
0.016923
0.16022
0.037729
0.021026
1.0
1.0
1.0
0.683297
1.0
1.0

0.764524
-0.370182
0.297458
0.315255
0.52599
1.0
1.0
0.311136
0.184542
0.00022
0.0
0.159927
0.0
0.19304
1.0
1.0
1.0
0.052381
1.0
0.999194

0.735755
-0.263071
0.15139
0.049919
0.111149
1.0
1.0
0.203297
0.204762
0.00022
0.0
0.0
0.0
0.041832
0.767985
1.0
1.0
0.694286
1.0
1.0

0.758028
-0.504246
0.307417
0.0
0.688921
1.0
0.531355
0.079341
0.268498
0.0
0.0
0.126227
0.0
0.244615
0.772088
1.0
1.0
0.315824
1.0
0.99978

0.764524
0.474795
0.300996
0.354443
0.323573
1.0
1.0
0.0
0.180733
0.0
0.0
0.106007
0.0
0.0
1.0
1.0
0.999194
0.881392
1.0
0.999194

1.0
-0.403882
0.342396
0.143577
0.334025
1.0
0.531355
0.203297
0.253114
0.001978
0.0
0.012821
0.0
0.122711
0.482271
1.0
1.0
0.315824
1.0
1.0

0.632899
-0.147283
-0.092002
0.262456
0.479692
1.0
1.0
0.087546
0.158901
0.0
0.0
0.194652
0.0
0.0
0.66718
1.0
1.0
0.860293
1.0
1.0

0.371786
-0.263071
0.71184
0.0
0.593115
1.0
0.527985
0.308791
0.157289
0.0
0.0
-0.001399
0.071136
0.0
1.0
1.0
1.0
0.901758
0.998901
1.0

0.628909
-0.370182
0.313392
0.0
0.118794
1.0
1.0
0.152601
0.228791
0.0
0.003443
0.0
0.0
0.0
0.782344
1.0
1.0
0.456777
0.999194
1.0

0.401132
-0.334907
0.326311
0.199278
0.688921
1.0
1.0
0.203297
0.114799
0.0
0.0
0.0
0.026886
0.040659
0.751282
1.0
0.999487
0.603443
0.998901
1.0

