s
Left

1.0
0.0
0.039753
0.248832
0.354719
1.0
1.0
1.0
1.0
1.0
1.0
0.764908
1.0
1.0
0.45033
1.0
1.0
0.447253
0.997729
0.997729

1.0
-0.006257
0.039273
0.269243
0.323382
1.0
1.0
0.921831
0.982491
1.0
1.0
0.693846
1.0
1.0
0.352601
1.0
1.0
0.341172
0.997729
0.997729

0.932959
0.0
0.022889
0.239638
0.273872
1.0
1.0
0.742051
1.0
1.0
1.0
0.615165
1.0
1.0
0.22293
1.0
1.0
0.285495
0.980293
0.980293

0.504016
0.0
0.0
0.0
0.181865
1.0
1.0
1.0
0.83304
1.0
1.0
0.875824
0.998315
1.0
0.677436
1.0
1.0
0.37033
1.0
1.0

0.055705
0.0
0.029656
0.00353
0.273872
1.0
1.0
0.049158
1.0
1.0
1.0
1.0
1.0
0.998608
1.0
0.998315
1.0
0.687985
1.0
1.0

0.967004
0.0
0.0
0.009663
0.119659
1.0
1.0
0.051502
0.741172
1.0
1.0
1.0
0.998608
1.0
1.0
1.0
1.0
0.675971
1.0
0.810916

-0.1856
0.0
-0.086752
0.304741
0.0
1.0
1.0
0.461758
1.0
1.0
1.0
1.0
1.0
0.99978
0.970769
1.0
0.998315
0.561978
0.915092
0.999194

0.704966
-0.505369
0.0
0.0
0.068757
1.0
0.496923
0.230843
1.0
1.0
1.0
1.0
1.0
1.0
0.22293
1.0
1.0
0.326667
0.99978
1.0

0.75327
-0.42449
-0.004446
0.0
0.365995
1.0
1.0
0.086667
0.807253
1.0
1.0
1.0
1.0
0.998022
1.0
1.0
1.0
0.585128
1.0
1.0

0.667624
0.0
-0.044163
-0.088669
0.213864
1.0
1.0
0.229084
1.0
1.0
0.99978
1.0
1.0
0.998608
1.0
1.0
1.0
0.609451
1.0
1.0

0.7822
0.0
0.029656
0.0
0.223353
1.0
1.0
0.628791
1.0
1.0
1.0
0.777363
0.99978
1.0
0.352601
1.0
1.0
0.342198
1.0
1.0

0.291798
0.0
0.0
0.153779
0.351752
1.0
1.0
0.461758
0.620293
1.0
1.0
0.914945
1.0
0.998608
1.0
1.0
1.0
0.546887
1.0
0.998901

0.748156
0.0
0.0
0.0
0.0
1.0
0.951136
1.0
1.0
1.0
1.0
1.0
0.998608
1.0
0.45033
1.0
0.999487
1.0
0.999487
0.99978

0.599334
-0.068922
-0.007016
0.0
0.290876
1.0
0.413993
0.076996
1.0
1.0
1.0
0.898828
1.0
1.0
0.708205
1.0
1.0
0.295018
0.99978
0.994213

0.756985
0.0
-0.222524
0.02541
0.273106
1.0
1.0
0.65663
1.0
1.0
1.0
1.0
0.998608
1.0
1.0
1.0
1.0
0.805788
1.0
0.994213

0.913694
0.0
0.0
0.0
-0.091069
1.0
1.0
1.0
0.982491
1.0
1.0
0.615165
1.0
1.0
1.0
1.0
1.0
0.540733
1.0
1.0

0.791878
-0.145734
0.0
0.0
0.002448
1.0
1.0
0.173114
1.0
1.0
0.99978
1.0
1.0
0.998608
0.352601
0.999194
1.0
0.37033
0.999487
1.0

0.581994
0.0
0.0
0.0
0.0
1.0
0.396703
0.046227
1.0
1.0
1.0
0.693846
0.99978
0.998315
0.703517
1.0
1.0
0.920366
1.0
1.0

