v
Left

0.81537
0.940272
-0.285843
0.0
0.339454
1.0
0.533846
0.872601
-0.127249
0.0
0.0
0.222637
0.0
0.0
1.0
1.0
1.0
0.805055
0.997729
0.997729

0.848802
0.62323
-0.235005
0.07593
0.428953
1.0
0.385714
0.771648
-0.116911
0.0
0.0
0.154945
0.0
0.0
0.803297
1.0
1.0
0.681245
0.997729
0.997729

0.88826
0.598792
0.020092
0.160969
0.567353
1.0
0.35641
0.558169
-0.15586
0.0
0.0
0.093993
0.0
0.0
0.731355
1.0
1.0
0.627326
0.997729
0.997729

0.271473
0.569995
-0.274616
0.0
0.0
1.0
1.0
0.023077
0.0
0.0
0.0
-0.104203
0.0
0.0
1.0
1.0
1.0
0.470549
0.679487
0.999194

0.816985
0.017914
-0.246676
0.129079
0.584984
1.0
1.0
0.771648
-0.024573
0.0
0.0
0.218388
0.0
0.0
0.484762
0.999487
1.0
0.298828
0.999194
0.998901

0.743639
0.940272
-0.028964
0.116346
0.163167
1.0
0.51304
0.076996
-0.281893
0.0
0.0
0.243297
0.0
0.0
0.703223
1.0
1.0
0.654139
1.0
0.811355

0.645477
0.518956
-0.192593
0.116346
0.697923
1.0
1.0
0.0
0.08022
0.0
0.0
0.091062
0.0
0.0
0.675385
1.0
1.0
0.76359
1.0
0.999194

0.743639
0.510253
-0.282743
0.0
0.428953
1.0
0.478755
0.00696
-0.281893
0.0
0.0
0.0
0.0
0.0
1.0
1.0
1.0
0.369304
1.0
1.0

0.542179
0.62323
-0.097774
0.0
0.261114
1.0
0.301026
0.076996
0.0
0.0
0.0
0.093993
0.0
0.0
0.562125
1.0
1.0
0.633187
1.0
1.0

0.585361
0.349626
0.001884
0.099954
0.106203
1.0
1.0
0.242418
0.023077
0.0
0.0
0.0
0.0
0.0
0.921685
1.0
1.0
0.53619
1.0
1.0

0.499986
0.450707
-0.142869
0.116346
0.277515
1.0
0.846227
0.264396
0.063132
0.0
0.0
0.049158
0.0
0.0
0.540293
1.0
0.999487
0.627326
0.99978
0.997729

0.602697
0.607947
-0.274616
0.292848
0.567353
1.0
1.0
0.076996
0.100146
0.0
0.0
0.0
0.0
0.0
0.803297
1.0
1.0
0.564322
0.679487
0.999487

0.602697
0.704579
-0.199672
0.0
0.035284
1.0
1.0
0.274213
0.035183
0.0
0.0
0.186007
0.0
0.0
1.0
1.0
1.0
0.45956
0.999194
0.679487

0.743639
0.62323
0.001884
0.048647
0.197821
1.0
0.768865
0.216484
0.0
0.0
0.0
0.06293
0.0
0.0
1.0
1.0
1.0
0.971648
1.0
1.0

0.622775
0.500353
0.058183
0.292848
0.12629
1.0
1.0
0.155824
-0.019548
0.0
0.004029
0.243297
0.0
0.0
0.927106
1.0
1.0
0.29326
0.997729
1.0

0.816429
0.469639
-0.150789
0.0
0.185171
1.0
1.0
0.216484
-0.127249
0.0
0.0
-0.047302
0.0
0.0
0.889011
1.0
1.0
1.0
0.999487
1.0

0.579175
0.53696
-0.194803
0.073764
0.441662
1.0
0.521392
0.024249
0.081685
0.0
0.0
0.0
0.0
0.0
1.0
1.0
0.733846
0.76359
1.0
0.999194

0.583034
0.321062
-0.399116
0.0
0.282371
1.0
0.313919
0.047399
0.031575
0.0
0.0
0.034799
0.0
0.0
0.540293
1.0
1.0
0.533553
1.0
0.999194

