4
Left

0.282324
0.695364
0.097722
-0.298739
-0.849977
1.0
1.0
0.062051
-0.080437
0.0
0.0
-0.10155
0.0
0.0
-0.098972
0.0
0.0
-0.005263
0.0
0.0

0.218722
0.68014
0.019584
-0.324885
-0.48489
1.0
1.0
0.010183
-0.08008
0.0
0.0
-0.101675
0.0
0.0
-0.05961
0.0
0.0
0.0
0.0
0.0

0.255827
0.410047
0.122847
-0.18806
-0.374139
1.0
0.820293
0.000806
0.0
0.0
0.0
-0.016634
0.0
0.0
-0.016028
0.0
0.0
0.0
0.0
0.0

0.300923
0.410047
-0.090777
0.048011
-0.262984
1.0
1.0
0.0
-0.072449
0.0
0.0
-0.098536
0.0
0.0
-0.098972
0.0
0.0
0.0
0.0
0.0

0.454081
0.508406
0.08028
0.259637
-0.429383
1.0
1.0
0.0
0.0
0.0
0.0
0.0
0.0
0.0
0.0
0.0
0.0
0.0
0.0
0.0

-0.183329
0.569384
0.024886
-0.150376
-0.633799
1.0
1.0
0.062051
0.0
0.0
0.0
0.094872
0.0
0.0
0.0
0.0
0.0
-0.026878
0.0
0.0

0.194671
0.543521
0.343849
0.291674
-0.387214
1.0
1.0
0.029817
0.0
0.0
0.0
0.0
0.0
0.0
-0.107773
0.0
0.0
0.0
0.0
0.0

0.255827
0.575232
0.098614
-0.199788
-0.183841
1.0
0.693407
0.006081
-0.08008
0.0
0.0
0.42718
0.0
0.0
0.085026
0.0
0.0
0.00315
0.0
0.0

-0.538393
0.628264
0.246233
-0.15526
-0.359704
1.0
1.0
0.0
0.0
0.0
0.0
0.0
0.0
0.0
0.0
0.0
0.0
0.0
0.0
0.0

0.325909
0.321155
0.073056
-0.298739
-0.168893
1.0
1.0
0.076117
0.035678
0.0
0.0
0.0
0.0
0.0
-0.132931
0.0
0.0
0.018388
0.0
0.0

0.434647
0.527065
-0.131435
-0.069056
0.035855
1.0
1.0
0.464396
0.0
0.0
0.0
-0.056885
0.0
0.0
0.0
0.0
0.0
0.0
0.0
0.0

0.117031
1.068
0.017666
-0.149972
-0.262984
1.0
1.0
0.025714
-0.080437
0.0
0.0
-0.027583
0.0
0.0
-0.14733
0.0
0.0
0.07641
0.0
0.0

0.565056
0.094417
0.234576
0.291674
-0.382438
1.0
1.0
0.456923
0.0
0.0
0.0
0.0
0.0
0.0
0.0
0.0
0.0
0.0
0.0
0.0

0.436712
0.541869
-0.029871
0.259637
-0.450129
1.0
0.936484
0.072015
0.0
0.0
0.0
-0.000247
0.0
0.0
0.0
0.0
0.0
0.013114
0.0
0.0

0.549505
0.423788
0.062088
-0.055708
-0.394286
1.0
0.820293
0.314359
0.014286
0.0
0.0
-0.068132
0.0
0.0
0.0
0.0
0.0
0.0
0.0
0.0

0.993769
0.367673
0.070111
-0.18706
-0.185446
1.0
1.0
0.123297
0.0
0.0
0.0
0.030989
0.0
0.0
0.031575
0.0
0.0
0.0
0.0
0.0

0.995942
0.321155
0.019584
-0.297069
-0.147673
1.0
1.0
1.0
-0.102816
0.0
0.0
0.0
0.0
0.0
0.0
0.0
0.0
0.0
0.0
0.0

0.356798
0.410047
0.085583
-0.069056
-0.057446
1.0
1.0
0.049158
0.0
0.0
0.0
-0.005888
0.0
0.0
0.0
0.0
0.0
0.0
0.0
0.0

