5
Left

0.406435
0.404568
0.058342
-0.089161
-0.704083
0.137279
0.0
0.0
-0.103463
0.0
0.0
-0.060794
0.0
0.0
-0.173262
0.007546
0.007546
-0.050472
0.0
0.0

0.604301
0.484851
0.062948
-0.237192
-0.532996
0.105929
0.0
0.0
-0.09722
0.0
0.0
-0.05623
0.0
0.0
-0.145746
0.0
0.0
-0.088488
0.0
0.0

0.527062
0.698351
0.118505
-0.011103
-0.489187
0.154923
0.0
0.0
-0.138143
0.0
0.0
-0.099544
0.0
0.0
-0.21207
0.0
0.0
-0.162297
0.0
0.0

-0.201132
0.484851
0.089331
0.943201
-0.460859
0.125554
0.0
0.0
0.0
0.0
0.0
0.0
0.0
0.0
-0.028301
0.0
0.0
-0.215788
0.0
0.0

-0.178277
0.677355
0.080286
-0.225597
-0.435403
0.0
0.015007
0.011941
-0.138143
0.0
0.0
0.014286
0.0
0.0
-0.10628
0.0
0.0
-0.091934
0.0
0.0

-0.119736
0.500666
0.53726
-0.069233
-0.37368
0.0
0.0
0.0
0.0
0.0
0.019267
-0.000247
0.0
0.0
-0.027572
0.0
0.000513
-0.109316
0.0
0.0

0.092139
0.371591
-0.052944
0.826598
-0.945313
0.186148
0.0
0.0
0.0
0.0
0.0
-0.127448
0.0
0.0
0.0
0.0
0.0
-0.094093
0.0
0.0

0.30099
0.450308
-0.072781
-0.011103
-0.746362
0.0
0.0
0.0
0.018974
0.004908
0.0
-0.061885
0.0
0.0
-0.015115
0.000513
0.0
-0.072518
0.0
0.0

-0.201132
0.221984
0.222163
-0.403546
-0.59414
0.118171
0.0
0.0
-0.112979
0.0
0.0
0.0
0.0
0.0
-0.070031
0.0
0.0
0.0
0.0
0.015458

0.287416
0.77544
-0.070069
-0.174569
-0.728454
0.137279
0.055897
-0.004741
-0.108794
0.0
0.0
0.0
0.0
0.0
0.0
0.0
0.0
-0.17259
0.015458
0.0

-0.200043
0.372027
-0.241753
-0.149671
-0.782722
0.125554
-0.023583
0.0
-0.040814
0.007253
0.005788
-0.016208
0.0
0.0
-0.123289
0.0
0.0
-0.134751
0.0
0.0

0.092139
0.597367
-0.228596
-0.403546
0.858823
0.008295
-0.045696
-0.004462
0.0
0.0
0.007253
-0.061885
0.0
0.0
-0.130806
0.0
0.0
-0.204543
0.0
0.0

0.043068
0.197069
-0.153978
-0.617057
-0.86232
0.501143
0.088425
0.0
0.0
0.0
0.037729
0.195096
0.0
0.0
-0.081321
0.007546
0.0
-0.109316
0.0
0.0

-0.0041
0.652082
-0.129389
-0.390685
0.471429
0.0
-0.226118
0.054432
-0.027744
0.0
0.005788
0.010387
0.0
0.0
0.0
0.0
0.0
-0.120717
0.0
0.0

1.0
0.414938
0.001399
-0.329133
0.063313
0.125554
0.015007
-0.044986
-0.056448
0.0
0.0
0.010476
0.0
0.0
-0.081008
0.0
0.004615
-0.042819
0.0
0.0

0.099691
0.363376
0.204983
-0.156282
-0.460859
0.032871
0.0
0.0
-0.086288
0.0
0.011648
-0.021874
0.0
0.0
-0.124956
0.0
0.0
-0.158191
0.0
0.0

-0.200043
0.390676
0.046741
-0.174569
0.858823
0.0
0.0
0.0
-0.090386
0.011648
0.0
-0.061885
0.0
0.0
0.036164
0.0
0.0
0.0
0.0
0.0

-0.119736
0.591983
-0.122196
-0.227255
-0.495046
0.158395
0.104835
0.054432
-0.01408
0.0
0.0
0.0
0.0
0.0
-0.204812
0.0
0.0
0.0
0.0
0.0

