7
Left

0.767765
0.715806
0.04029
-0.250911
-0.294633
1.0
0.441538
0.0
-0.156451
0.0
0.0
0.015751
0.0
0.0
0.436557
0.660147
0.660147
0.016923
0.0
0.0

0.560854
0.665567
0.048495
-0.133838
-0.170664
1.0
0.507766
0.065275
-0.125336
0.0
0.0
0.006667
0.0
0.0
0.246081
0.884908
0.884908
0.0
0.0
0.0

0.596093
0.224074
0.056195
-0.023366
-0.11812
1.0
0.355678
0.0
0.0
0.0
0.0
0.033626
0.0
0.0
0.270989
0.688571
0.688571
0.000806
0.0
0.0

-0.11982
0.463215
0.081275
0.382671
0.060257
1.0
1.0
0.083443
-0.168076
0.0
0.0
0.242271
0.0
0.0
0.308938
1.0
0.491062
0.006667
0.0
0.0

0.860334
0.727883
0.099045
0.421509
-0.023532
1.0
0.179267
0.0
-0.104445
0.003736
0.0
0.080513
0.0
0.0
0.183956
1.0
0.201245
0.0
0.015751
0.0

0.767765
0.348848
-0.173853
0.003763
-0.1261
1.0
1.0
0.0
0.023663
0.0
0.0
0.043297
0.0
0.0
0.186154
0.839487
1.0
0.00696
0.0
0.0

0.740871
0.416411
0.211927
-0.098557
0.200557
1.0
1.0
0.336923
0.0
0.0
0.0
0.057949
0.0
0.0
0.958755
1.0
1.0
0.0
0.0
0.0

0.658763
0.709868
0.141938
0.039038
0.256897
1.0
0.287106
0.012821
-0.077712
0.0
0.0
0.0
0.0
0.0
0.397289
1.0
1.0
0.0
0.0
0.0

0.105996
0.152371
0.099045
-0.063421
0.271232
1.0
1.0
0.083443
0.0
0.0
0.0
0.114945
0.0
0.0
0.845934
1.0
1.0
0.048864
0.0
0.0

0.684021
0.727883
0.07501
0.382671
-0.037734
1.0
0.282564
1.0
0.0
0.0
0.0
0.015751
0.002271
0.0
0.311722
1.0
1.0
0.0
0.06
0.0

0.860372
0.306852
-0.140615
0.185715
-0.294633
1.0
0.390696
0.353919
-0.120515
0.0
0.003736
0.0
0.0
0.0
0.37326
1.0
1.0
0.050623
0.023956
0.0

0.860334
-0.0363
0.128973
0.0
0.056024
1.0
1.0
0.065275
-0.151031
0.0
0.0
0.0
0.0
0.0
0.397289
1.0
1.0
0.0
0.0
0.0

0.777425
0.306852
-0.140615
-0.107209
-0.137328
1.0
1.0
0.0
-0.086293
0.0
0.003736
0.0
0.0
0.0
0.270403
0.6663
0.676557
0.00696
0.0
0.0

0.776756
0.25898
0.048427
0.269565
-0.132221
1.0
1.0
0.014579
0.0
0.0
0.0
0.021612
0.0
0.0
0.270989
1.0
1.0
0.034505
0.010183
0.0

0.32935
0.69651
-0.008276
0.0
0.117605
1.0
0.636703
0.0
0.001685
0.0
0.0
-0.011329
0.0
0.0
0.908059
1.0
0.267619
0.037436
0.0
0.0

0.776756
0.345852
0.207366
0.116601
0.036837
1.0
0.282564
0.310256
0.0
0.0
0.0
0.018388
0.0
0.0
1.0
1.0
0.676557
0.000806
0.024835
0.0

-0.11982
0.727883
0.141938
-0.063421
-0.050615
1.0
0.274212
0.166374
-0.120515
0.0
0.0
0.069963
0.0
0.0
0.349231
1.0
1.0
0.0
0.023956
0.035092

0.664543
0.512927
-0.063667
-0.045622
0.013918
1.0
0.388791
0.014579
0.0
0.0
0.0
0.052674
0.0
0.0
0.151136
1.0
1.0
0.002857
0.0
0.0

