a
Left

0.491351
0.0
-0.000459
0.0
0.0
0.141833
0.009304
0.0
1.0
1.0
1.0
0.99978
0.998608
0.998608
1.0
1.0
1.0
1.0
1.0
1.0

0.592547
0.0
-0.000336
0.0
0.0
0.304096
0.0
0.0
1.0
1.0
1.0
0.99978
0.998608
0.998608
1.0
1.0
1.0
1.0
1.0
1.0

0.521801
0.0
-0.000307
0.0
0.042329
0.279935
0.017509
0.0
1.0
1.0
1.0
0.99978
0.998608
0.998608
1.0
1.0
1.0
0.91011
1.0
1.0

0.347793
0.0
0.0
0.0
0.0
0.304096
-0.35536
0.75569
1.0
1.0
1.0
1.0
1.0
1.0
1.0
1.0
1.0
0.705861
0.678901
1.0

0.51564
0.0
0.0
0.0
0.0
0.0
-0.038486
0.007839
1.0
1.0
1.0
1.0
1.0
1.0
1.0
0.99685
1.0
0.99978
0.99978
1.0

-0.073328
0.0
0.0
0.0
0.003062
0.0
0.0
0.372827
1.0
1.0
1.0
1.0
0.99978
0.998022
1.0
1.0
1.0
1.0
1.0
1.0

-0.631722
0.0
0.0
0.0
0.075349
0.0
-0.306216
0.056777
1.0
1.0
1.0
1.0
0.998608
1.0
1.0
1.0
1.0
0.997143
1.0
1.0

-0.284073
0.0
0.0
0.0
0.0
0.0
-0.260211
0.0
1.0
1.0
1.0
1.0
0.998608
1.0
1.0
0.80315
0.999194
0.978242
1.0
1.0

-0.073328
0.0
0.0
0.0
0.0
0.0
-0.039461
-0.1875
1.0
1.0
1.0
1.0
1.0
1.0
1.0
1.0
1.0
0.705861
0.999194
1.0

0.002154
0.0
0.0
0.0
0.0
0.0
-0.011716
-0.064076
0.999487
1.0
1.0
1.0
0.99978
1.0
1.0
1.0
1.0
0.978242
1.0
0.99978

-0.304466
0.0
0.0
0.0
0.0
0.0
-0.070416
0.164322
1.0
1.0
1.0
1.0
1.0
0.998022
1.0
1.0
1.0
1.0
0.67978
0.821612

-0.305969
0.0
0.0
0.0
0.0
0.0
-0.20958
0.003701
1.0
1.0
1.0
1.0
1.0
1.0
1.0
0.961392
1.0
1.0
0.997729
1.0

0.970639
0.0
0.0
0.0
0.0
0.075228
-0.306216
-0.144086
1.0
1.0
1.0
1.0
1.0
1.0
1.0
1.0
1.0
1.0
0.998901
0.629084

0.179946
-0.001151
0.0
0.0
0.001546
0.0
-0.184405
-0.107329
1.0
1.0
1.0
1.0
0.998608
1.0
1.0
1.0
0.999487
1.0
1.0
1.0

-0.056979
0.0
0.0
0.0
0.042329
0.474698
-0.363636
-0.081325
1.0
1.0
1.0
1.0
1.0
0.998022
1.0
1.0
1.0
0.998022
0.999487
1.0

0.663291
0.0
0.0
0.0
0.0
0.0
0.0
0.091648
1.0
1.0
1.0
1.0
1.0
1.0
1.0
1.0
1.0
1.0
0.99978
1.0

0.002154
0.0
0.0
0.0
0.0
0.0
-0.294253
-0.033387
1.0
1.0
1.0
1.0
0.998022
1.0
1.0
1.0
1.0
0.998022
1.0
1.0

-0.205513
0.0
0.0
0.0
0.0
0.0
0.0
0.282487
1.0
0.99978
1.0
1.0
1.0
1.0
1.0
1.0
0.80315
0.997143
1.0
1.0

