bent_v
Left

0.405462
0.597481
-0.203195
-0.067497
0.239132
1.0
0.692088
0.023663
-0.047441
1.0
1.0
-0.055324
0.449451
0.449451
0.625568
1.0
1.0
0.794359
1.0
1.0

0.282964
0.449603
-0.282061
0.003385
0.483693
1.0
0.905714
0.039487
0.005922
1.0
1.0
-0.0337
0.326374
0.326374
0.43978
1.0
1.0
0.591722
1.0
1.0

0.263186
0.501769
-0.148073
0.209504
0.644209
1.0
0.448571
0.082271
0.044176
1.0
1.0
0.020147
0.461465
0.461465
0.575311
1.0
1.0
0.710696
1.0
1.0

0.282964
0.273663
-0.102574
-0.043317
0.007885
1.0
1.0
0.27685
0.023782
1.0
1.0
0.0
0.998315
0.54967
1.0
1.0
1.0
0.696777
0.848278
0.999487

0.83697
0.742119
-0.439855
0.0
0.137144
1.0
1.0
0.570183
0.053553
1.0
1.0
-0.045426
1.0
0.779414
0.809597
1.0
1.0
0.360366
1.0
1.0

0.566439
0.329134
-0.169785
-0.067497
0.502846
1.0
1.0
1.0
-0.081822
1.0
1.0
0.0
0.47685
0.869377
0.83392
1.0
1.0
1.0
0.99978
1.0

0.498146
0.465133
-0.130814
0.131988
0.151517
1.0
1.0
0.071429
0.035092
0.770037
0.691062
0.020147
0.54967
0.804322
1.0
0.935458
1.0
0.511575
1.0
1.0

0.210883
0.150171
-0.32599
0.0
0.333433
1.0
1.0
0.834799
-0.137307
0.847985
1.0
-0.095029
0.563297
0.709963
0.963443
1.0
1.0
0.573407
1.0
1.0

0.361816
0.215465
0.178838
0.0
0.0
1.0
1.0
0.51978
0.017802
1.0
1.0
-0.055324
1.0
1.0
1.0
1.0
1.0
0.674506
0.999194
1.0

0.17441
0.490249
-0.275376
0.131988
0.681302
1.0
1.0
1.0
0.053553
0.875824
1.0
-0.371101
1.0
1.0
1.0
1.0
1.0
1.0
1.0
1.0

-0.24124
0.465133
-0.2605
0.0
0.0
1.0
0.496044
0.089011
0.0
1.0
0.876117
0.0
1.0
1.0
0.851209
1.0
1.0
0.663517
1.0
1.0

0.540377
0.249486
-0.440704
-0.016731
0.333433
1.0
1.0
1.0
-0.032104
0.753333
1.0
0.0
0.998022
0.656044
0.605055
1.0
1.0
1.0
1.0
1.0

0.248365
0.658907
-0.203195
0.0
0.465197
1.0
0.905714
0.077582
0.025714
1.0
0.99978
-0.066648
1.0
1.0
0.577802
1.0
1.0
0.710696
0.848278
1.0

0.531203
0.449603
-0.032611
0.0
0.644209
1.0
0.665275
0.0
0.157465
1.0
1.0
0.0
0.357729
0.656044
1.0
1.0
1.0
0.520073
0.889597
1.0

0.337722
0.362763
-0.100009
0.110331
0.399063
1.0
1.0
0.071429
0.030403
1.0
1.0
-0.027617
0.96696
0.563297
0.897216
1.0
1.0
0.907326
0.999194
1.0

0.248365
0.597481
0.178729
0.0
0.317423
1.0
0.424396
0.669231
-0.047035
1.0
0.672747
-0.037853
0.998022
0.546154
0.63011
1.0
1.0
0.520073
0.999487
1.0

0.395611
0.449603
0.022771
0.0
0.0
1.0
0.448571
1.0
-0.125613
1.0
1.0
-0.025077
0.813553
0.998315
0.966081
1.0
0.907766
1.0
0.999487
1.0

0.313188
0.674662
-0.196933
0.053843
-0.425155
1.0
1.0
0.185714
-0.104096
1.0
0.99978
0.0
0.54967
0.998315
1.0
1.0
0.999487
0.991942
1.0
0.998901

