bent_1
Left

0.644363
0.217572
-0.271303
0.061864
0.039529
1.0
0.617656
0.074652
0.084714
1.0
1.0
0.639634
0.998608
0.998608
0.875092
1.0
1.0
0.979487
1.0
1.0

0.715544
0.041137
-0.149961
0.061086
0.121135
1.0
0.545128
0.06293
0.175947
1.0
1.0
0.699707
0.998608
0.998608
0.896483
1.0
1.0
0.934139
1.0
1.0

0.860988
-0.219556
-0.039638
0.116687
0.179306
1.0
0.557289
0.081978
0.181905
1.0
1.0
0.870549
0.998608
0.998608
0.832161
1.0
1.0
0.900733
1.0
1.0

0.725733
0.100825
-0.029927
0.0
0.003613
1.0
1.0
0.0
0.114945
1.0
0.49326
0.932234
1.0
1.0
1.0
1.0
1.0
1.0
0.998901
1.0

0.722752
0.266447
-0.161415
0.116687
0.179306
1.0
0.920952
1.0
0.222259
1.0
0.815751
0.707033
1.0
1.0
1.0
1.0
0.999194
0.792894
1.0
1.0

0.85383
0.131407
0.123675
0.595175
-0.261304
1.0
0.0
0.173114
0.122261
1.0
1.0
0.801099
1.0
1.0
1.0
1.0
0.999194
0.952601
1.0
1.0

0.604088
-0.757131
0.0
0.165298
0.000251
1.0
0.705275
0.074652
0.289451
0.99978
0.973113
1.0
0.998022
1.0
1.0
1.0
1.0
1.0
1.0
1.0

0.794852
0.069592
0.0
-0.032583
0.816842
1.0
0.52359
1.0
0.515385
1.0
1.0
1.0
1.0
1.0
1.0
1.0
1.0
0.555531
1.0
1.0

0.20555
0.352997
0.0
0.0
0.008088
1.0
0.808718
0.462198
0.017509
0.99978
0.794652
0.699707
1.0
0.99978
1.0
1.0
1.0
0.996557
1.0
1.0

0.677882
0.387893
-0.080899
0.0
-0.005144
1.0
1.0
1.0
0.152308
1.0
0.49326
1.0
1.0
1.0
1.0
1.0
1.0
0.78674
1.0
1.0

0.797845
0.219706
0.0
0.001776
0.220141
0.928299
1.0
0.080513
0.364469
0.254286
1.0
1.0
0.99978
1.0
1.0
1.0
1.0
0.999707
0.998901
1.0

0.860988
0.041137
0.0
0.0
0.130824
1.0
0.457656
0.690916
0.032747
1.0
1.0
1.0
1.0
0.998315
0.861758
1.0
1.0
0.512454
0.787033
1.0

0.630758
-0.031272
-0.029927
0.0
0.145433
1.0
1.0
0.0
0.29326
0.254286
0.973113
0.699707
1.0
1.0
1.0
1.0
1.0
1.0
1.0
1.0

0.860988
0.572166
0.0
-0.193973
0.063996
1.0
0.38293
0.137656
0.453553
0.504249
1.0
1.0
1.0
1.0
1.0
1.0
1.0
0.728718
1.0
0.99978

0.695491
0.219706
-0.150116
0.595175
0.10557
1.0
0.545128
0.312161
0.122261
1.0
0.815751
0.972234
1.0
1.0
0.787912
1.0
1.0
0.671282
1.0
1.0

0.804513
-0.080354
0.0
0.116687
-0.209546
1.0
0.219707
0.658974
0.014579
1.0
1.0
1.0
0.999194
1.0
0.554066
1.0
1.0
1.0
1.0
1.0

0.889434
-0.016975
0.0
0.0
0.0
1.0
0.26337
0.169304
0.032747
0.507766
1.0
0.922418
1.0
1.0
1.0
1.0
1.0
1.0
1.0
1.0

0.766881
-0.418858
0.0
-0.032583
0.0
1.0
1.0
0.94381
0.282711
1.0
1.0
1.0
1.0
1.0
1.0
1.0
1.0
0.953114
0.998901
1.0

