closed_b
Left

0.362363
0.004196
0.057451
0.295651
0.338578
1.0
0.937363
0.000513
-0.003727
0.0
0.0
0.007839
0.0
0.0
0.072308
0.0
0.0
0.005495
0.0
0.0

0.365823
0.066058
0.003128
0.227525
0.269572
1.0
1.0
0.006667
-0.022857
0.0
0.0
0.003443
0.0
0.0
0.002857
0.0
0.0
0.0
0.0
0.0

0.35223
0.062839
-0.026798
0.171645
0.203325
1.0
0.974579
0.0
-0.034335
0.0
0.0
0.0
0.0
0.0
0.00022
0.0
0.0
0.0
0.0
0.0

0.424325
-0.104698
0.188725
-0.102297
0.285377
1.0
1.0
0.314359
0.0
0.0
0.0
0.025128
0.0
0.0
0.0
0.0
0.0
0.0
0.0
0.0

0.6259
0.688159
-0.01349
0.394499
0.209179
1.0
1.0
0.009011
0.010476
0.0
0.0
0.045348
0.0
0.0
0.0
0.0
0.0
0.0
0.0
0.0

0.442235
-0.053113
0.080292
0.324362
0.121888
1.0
1.0
0.117143
-0.016246
0.0
0.0
0.0
0.0
0.0
0.0
0.0
0.0
0.0
0.0
0.0

0.35223
0.0802
0.243513
0.223214
0.203325
1.0
0.937363
1.0
0.0
0.0
0.0
0.0
0.0
0.0
0.011062
0.0
0.0
0.0
0.0
0.0

0.362363
-0.075752
0.217054
0.159138
0.182873
1.0
1.0
0.014286
0.0
0.0
0.0
0.0
0.0
0.0
0.072308
0.0
0.0
0.0
0.0
0.0

0.353479
-0.218076
0.057451
0.047519
0.354146
1.0
1.0
0.17707
0.051795
0.0
0.0
0.042125
0.0
0.0
0.0
0.0
0.0
0.0
0.0
0.0

0.463699
-0.275765
-0.06697
0.295651
0.47262
1.0
1.0
0.326374
0.009597
0.0
0.0
0.0
0.0
0.0
0.034212
0.0
0.0
0.0
0.0
0.0

0.101473
0.171428
0.084066
0.226169
0.38399
1.0
0.937363
0.262784
0.018974
0.0
0.0
0.080513
0.0
0.0
0.0
0.0
0.0
0.0
0.004322
0.0

0.103927
0.02048
0.030631
-0.055989
0.299419
1.0
1.0
0.0
0.0
0.0
0.0
0.025128
0.0
0.0
0.0
0.0
0.0
0.0
0.0
0.0

0.254311
-0.035937
-0.095227
0.156012
0.209973
1.0
1.0
0.0
0.081392
0.0
0.0
0.0
0.0
0.0
0.024249
0.0
0.0
0.0
0.0
0.0

0.345306
0.062839
0.668073
-0.055989
0.176794
1.0
1.0
0.006081
0.004029
0.0
0.0
0.0
0.0
0.0
0.010769
0.0
0.0
0.0
0.0
0.0

0.191957
-0.054429
0.115069
0.456222
0.297608
1.0
1.0
0.200513
0.021319
0.0
0.0
0.222955
0.0
0.0
0.0
0.0
0.0
0.0
0.0
0.004322

0.493906
0.062839
0.343762
0.171645
0.197504
1.0
0.974579
0.067326
-0.022857
0.0
0.0
0.0
0.0
0.0
0.0
0.0
0.0
0.0
0.0
0.0

0.424325
-0.065634
-0.095227
0.060926
0.19977
1.0
1.0
0.496337
0.018974
0.0
0.0
0.009011
0.0
0.0
0.006667
0.0
0.0
0.0
0.0
0.0

0.289458
0.014368
0.040445
0.091544
0.17924
1.0
1.0
0.470256
0.0
0.0
0.0
0.222955
0.0
0.0
0.052088
0.0
0.0
0.0
0.0
0.0

