curved_1
Left

0.961604
0.063362
0.040577
0.0
0.033159
1.0
0.927692
0.171648
0.221087
0.535897
0.535897
0.88696
0.998608
0.998608
1.0
1.0
1.0
0.962711
1.0
1.0

0.853875
-0.242196
-0.051658
0.018133
0.102236
1.0
0.689744
0.148352
0.201245
0.474359
0.474359
0.935604
0.998608
0.998608
0.88696
1.0
1.0
0.808718
1.0
1.0

0.946891
-0.134126
-0.225495
0.008873
0.184878
1.0
0.89956
0.247839
0.177509
0.780586
0.780586
0.720513
0.998608
0.998608
0.773846
1.0
1.0
0.876703
1.0
1.0

0.574184
-0.038101
0.0
0.003749
0.302575
1.0
1.0
0.671429
0.115092
1.0
0.834212
0.785861
1.0
1.0
1.0
1.0
1.0
0.955531
1.0
0.997729

0.92943
0.306877
0.0
0.0
0.027245
1.0
0.770476
1.0
0.086733
0.488718
0.831282
1.0
1.0
1.0
0.814432
1.0
1.0
0.847546
1.0
1.0

0.941831
0.063362
-0.173693
-0.032394
0.531478
1.0
0.711136
1.0
0.3
0.232015
0.232015
0.843004
0.99978
0.998315
0.869231
1.0
1.0
0.709963
1.0
1.0

0.548436
0.306877
-0.644766
-0.004325
0.161775
1.0
1.0
0.0
0.011648
0.874066
0.590842
0.237943
1.0
1.0
1.0
0.999487
1.0
0.808718
0.999194
1.0

0.197037
0.578863
0.0
0.0
-0.324598
1.0
1.0
0.025714
0.43978
0.834212
0.488718
0.681245
0.99978
0.998608
1.0
1.0
1.0
1.0
0.99978
0.999487

0.409003
0.5633
0.0
0.454818
0.0
1.0
1.0
1.0
0.225487
0.659121
0.232015
0.778828
1.0
1.0
0.951429
1.0
1.0
0.509524
0.85326
0.999487

0.560933
0.160468
0.0
0.407057
0.0
1.0
0.925934
0.711722
0.176205
0.278608
1.0
0.971648
1.0
1.0
1.0
1.0
1.0
0.915092
1.0
0.999487

0.548436
0.277238
-0.087441
0.0
-0.251233
1.0
0.999487
0.62
0.042711
0.831282
0.523004
1.0
0.998608
1.0
0.481099
1.0
1.0
0.413407
1.0
1.0

1.0
-0.134126
-0.368603
0.0
0.179026
1.0
1.0
1.0
0.301465
0.295018
0.326081
1.0
1.0
1.0
1.0
1.0
1.0
1.0
1.0
0.998901

0.197037
-0.038101
-0.068207
0.0
0.531478
0.926006
1.0
0.174432
0.549817
0.234945
0.720806
1.0
1.0
0.998608
0.441538
1.0
1.0
0.912015
1.0
0.99978

0.737018
0.396503
-0.087441
0.046951
0.131811
1.0
1.0
0.188352
0.346886
0.72989
0.196557
1.0
1.0
0.999194
1.0
1.0
1.0
0.961538
1.0
1.0

0.92943
0.110446
0.250913
0.0
0.0
1.0
1.0
1.0
0.359487
0.559634
0.535897
0.935604
1.0
1.0
1.0
1.0
1.0
0.509524
1.0
1.0

1.0
-0.07012
0.0
0.0
0.055399
1.0
1.0
0.452381
0.225487
0.646081
0.72989
1.0
0.999194
1.0
1.0
0.999487
1.0
0.834213
0.129744
1.0

0.422432
-0.038101
0.0
0.0
0.105408
1.0
0.689744
0.62
0.43978
0.291502
0.278608
1.0
1.0
1.0
0.814432
1.0
1.0
0.642271
1.0
1.0

0.614631
-0.073798
0.0
0.454818
0.0
1.0
0.545568
0.877875
0.28696
0.290623
0.809011
0.832161
1.0
1.0
1.0
1.0
1.0
0.876703
1.0
1.0

