curved_5
Left

0.813632
0.242279
-0.007531
-0.2204
-0.199069
1.0
0.20359
0.0
0.008132
0.607985
0.607985
0.016337
0.389963
0.389963
0.048864
0.065568
0.065568
0.503663
0.0
0.0

0.791224
0.327581
0.109715
-0.026943
0.090139
1.0
0.217656
0.0
0.025714
0.688571
0.688571
0.008718
0.425861
0.425861
0.0
0.085495
0.085495
0.557582
0.0
0.0

0.814762
0.2274
0.05943
-0.168488
-0.053867
1.0
0.068498
0.0
0.020147
0.614725
0.614725
0.0
0.320806
0.320806
0.0
0.082857
0.082857
0.533553
0.0
0.0

0.851831
0.312766
-0.08564
-0.136665
-1.192626
1.0
0.066447
0.628791
0.010615
0.392308
1.0
-0.018553
0.317436
0.504835
0.048864
0.94989
0.324615
0.299121
0.164029
0.125494

0.231496
0.181628
-0.047023
1.187084
-1.057326
1.0
0.31641
0.0
0.0
0.552601
0.67011
0.08989
0.302051
0.144103
0.0
0.035971
1.0
0.533553
0.928864
0.081685

0.814762
0.559119
0.145478
0.025315
-0.433932
0.988469
0.24989
0.0
0.0
0.971941
1.0
0.030696
0.425128
0.191282
0.0
0.390549
0.26044
0.455897
0.003736
0.196703

0.700256
0.337147
-0.047023
1.187084
-0.698516
0.841879
0.167839
0.426593
0.035385
0.238608
0.958169
0.0
0.418681
0.600952
0.35011
0.258388
1.0
0.305861
0.023077
0.200952

0.8305
0.262228
-0.452222
-0.075123
0.002525
1.0
0.143223
0.035678
0.0
0.324322
0.986886
-0.053059
0.292088
0.432454
0.0
0.448864
0.993114
0.038022
0.482857
0.341319

0.782674
-0.084729
0.137533
-0.178851
-0.618014
1.0
0.234652
0.051209
0.261612
0.584689
0.324322
0.003443
0.331062
0.425128
0.0
1.0
0.718462
0.0
0.081685
0.081685

0.670599
-0.344738
-0.018023
-0.211763
-0.380994
1.0
0.057656
0.0
0.010615
0.83348
0.958169
0.0
0.34337
0.30967
0.048864
0.233187
0.328132
0.081099
0.14381
0.144103

0.816926
-1.199657
-0.155207
-0.019683
-0.293333
1.0
0.360073
0.825128
0.007253
0.786447
0.148498
0.0
0.302051
0.471868
0.0
0.263517
0.189084
0.120659
0.482857
0.195971

0.798155
0.399924
-0.426679
-0.168575
-0.378262
1.0
0.234652
0.675678
0.066154
0.392308
0.046227
0.055551
0.397582
0.422491
0.0
0.189084
0.233187
0.1863
0.125494
0.0

1.0
-0.254598
-0.094132
-0.342378
0.011646
0.653384
1.0
0.0
0.0
0.464835
0.60315
0.08989
0.474945
0.389963
0.272747
0.274212
1.0
0.162857
0.051795
0.14381

0.897245
0.508534
0.143389
1.187084
-0.367625
0.706846
0.05707
0.035678
-0.050083
1.0
0.688571
0.0
0.412528
0.422491
0.0
0.799634
0.277143
0.196557
0.176337
1.0

0.928644
0.408243
0.14816
-0.065835
-0.566252
1.0
0.001978
0.111282
0.0
1.0
0.278901
0.044762
0.51304
0.191282
0.0
1.0
0.258388
0.246667
0.129744
1.0

0.82325
0.115813
0.134026
-0.008443
-0.227613
0.800284
0.181905
0.825128
0.0
0.278901
0.238608
0.0
0.36359
0.331062
0.0
0.26044
0.216777
0.120659
0.124176
0.394359

0.718279
0.195666
-0.249377
-0.282701
-0.042879
1.0
0.061465
0.452967
0.261612
0.258974
0.631722
-0.019735
0.30967
0.507619
0.0
0.544396
0.964762
0.1863
0.928864
0.482857

0.720007
0.03467
-0.250027
-0.110894
-0.890002
0.782409
0.242564
0.245055
0.046813
0.755678
0.278901
0.051795
0.389963
0.481392
0.35011
0.625568
1.0
0.115971
0.106007
0.189817

