curved_h
Left

0.969001
-0.601304
-0.686331
0.097676
0.64004
1.0
0.454432
0.074652
0.14967
0.404615
0.404615
0.141465
0.263663
0.263663
0.901172
1.0
1.0
0.564908
1.0
1.0

0.886457
-0.584543
-0.434626
0.167949
0.553047
1.0
0.850916
0.141465
0.130769
0.600366
0.600366
0.25663
0.274213
0.274213
0.74381
1.0
1.0
0.507179
1.0
1.0

0.872483
-0.679301
-0.570702
0.061301
0.428786
1.0
0.878755
0.095165
0.171355
0.331062
0.331062
0.237289
0.199341
0.199341
0.711868
1.0
1.0
0.632894
1.0
1.0

1.0
-0.243816
-0.069068
0.0
0.547714
1.0
0.365641
0.072015
0.162857
0.881978
0.067033
0.498388
0.072308
0.149084
1.0
1.0
1.0
0.548205
0.998901
1.0

0.826745
-0.162686
-0.270908
0.0
0.496567
1.0
0.597729
1.0
0.475824
0.663077
0.096337
0.116264
0.022491
0.010769
1.0
1.0
1.0
0.490476
0.999487
0.99978

0.872483
-0.43495
-0.455664
0.05245
0.603293
1.0
1.0
0.704396
0.082564
1.0
1.0
0.58337
0.130623
0.274213
1.0
1.0
1.0
0.860293
1.0
0.997729

0.763717
-0.100613
-0.249104
0.0
0.447659
1.0
0.993919
0.0
0.174872
0.188645
1.0
0.167546
0.523883
0.605934
0.99978
0.875531
1.0
0.624982
1.0
1.0

0.845951
-0.271772
-0.434626
0.202488
0.553171
1.0
0.950403
0.0
0.475824
0.332528
0.331062
0.150989
0.603004
0.352747
0.602857
0.999487
1.0
0.524176
1.0
0.99978

0.445809
-0.408719
-0.321701
0.0
0.277459
1.0
0.454432
0.040952
0.185421
0.690916
0.332528
0.213846
0.724322
0.937656
0.693553
1.0
1.0
0.632601
0.99978
1.0

0.856107
-0.422884
0.710553
0.023947
0.722133
1.0
1.0
0.072015
0.250623
0.166081
0.664835
0.245788
0.023663
0.755678
1.0
1.0
1.0
0.67978
0.46
1.0

0.862874
-0.418856
-0.061932
0.0
0.0
1.0
0.822637
0.013993
0.081685
1.0
0.480659
0.0
1.0
0.750989
1.0
1.0
1.0
0.789963
1.0
1.0

0.328657
0.0
-0.033096
0.0
0.0
1.0
0.994725
0.152308
0.306154
0.664835
0.15348
0.014579
0.750989
0.790549
0.693553
1.0
1.0
0.862784
1.0
1.0

0.757625
-0.407197
-0.069068
0.0
0.0
1.0
1.0
0.089304
0.364762
0.296191
0.19978
0.159634
0.381758
0.017802
0.918315
1.0
1.0
0.490476
1.0
0.998901

0.826745
-0.366849
-0.475596
0.05245
0.467071
1.0
1.0
0.20359
0.310696
1.0
0.263663
0.0
0.49707
0.423956
1.0
1.0
1.0
0.794945
0.998901
1.0

0.390316
-0.329745
-0.325615
0.0
0.0
1.0
1.0
0.34337
0.055018
1.0
0.296191
0.529744
0.035092
0.532381
0.98337
1.0
1.0
0.640513
1.0
1.0

0.671379
-0.187448
0.050452
0.061301
0.215007
1.0
1.0
0.704396
0.390843
0.520073
0.15348
0.0
0.748938
0.069963
1.0
1.0
1.0
0.961758
1.0
1.0

0.825009
0.344589
0.013353
0.0
0.297005
1.0
0.860586
0.178681
0.185924
0.855311
0.331062
0.116264
0.352747
0.603004
0.823516
1.0
1.0
1.0
0.758608
1.0

0.783852
-0.163741
-0.325755
0.083368
0.614076
1.0
1.0
0.561392
0.112747
0.219414
0.406081
0.004615
0.843297
0.748938
1.0
1.0
1.0
1.0
0.997729
1.0

