e
Left

0.83458
0.005233
-0.322556
-0.20203
0.0
1.0
1.0
1.0
-0.03344
1.0
1.0
0.035092
0.998608
0.998608
0.059521
0.572821
0.572821
0.031868
0.396996
0.396996

0.815378
0.082664
-0.244632
-0.165391
0.048079
1.0
1.0
1.0
-0.049896
1.0
1.0
0.008132
0.998608
0.998608
0.051743
0.521685
0.521685
0.041832
0.2937
0.2937

0.779424
0.152149
-0.215523
-0.176993
-0.045889
1.0
1.0
1.0
-0.157355
1.0
1.0
-0.021432
0.998608
0.998608
0.018968
0.504835
0.504835
0.039194
0.316117
0.316117

0.81175
-0.326839
-0.044915
-0.496709
-0.166239
1.0
1.0
1.0
-0.210761
1.0
1.0
-0.042388
0.996264
1.0
0.035678
0.464103
0.773846
0.039194
0.999194
1.0

0.806028
0.108782
0.030954
0.003955
0.116276
1.0
1.0
1.0
-0.102257
1.0
1.0
0.181612
0.987692
0.99978
0.018095
1.0
1.0
0.205348
1.0
1.0

0.83458
0.017953
-0.151449
-0.38378
-0.05282
1.0
1.0
1.0
0.006667
1.0
0.99978
0.0
1.0
1.0
0.0
1.0
1.0
0.154945
0.99978
1.0

1.0
0.301551
-0.30437
-0.270328
-0.193704
1.0
1.0
1.0
-0.049896
1.0
1.0
-0.004988
1.0
0.99978
0.018095
1.0
1.0
0.062344
0.99978
0.669817

0.779424
0.349175
0.13248
-0.496709
-0.005118
1.0
1.0
1.0
-0.137179
1.0
1.0
0.001099
0.78674
1.0
0.236809
1.0
1.0
0.041832
1.0
1.0

0.844045
-0.382738
-0.357831
0.005262
-0.110131
1.0
1.0
1.0
-0.187197
1.0
1.0
-0.149838
1.0
1.0
0.035495
0.606227
1.0
0.055897
1.0
1.0

0.647461
0.084316
-0.05845
-0.270328
0.078212
1.0
1.0
1.0
-0.206429
1.0
1.0
0.0
1.0
1.0
0.171825
1.0
1.0
0.183956
0.869377
0.92696

0.953973
0.292891
0.062605
-0.035899
-0.139182
1.0
1.0
1.0
-0.232444
1.0
1.0
-0.076242
1.0
0.99978
0.419267
0.652967
0.999194
0.061758
0.541905
1.0

0.997554
-0.168607
-0.109256
-0.217315
-0.430338
1.0
1.0
1.0
0.045818
1.0
1.0
-0.130751
1.0
0.99978
0.110403
1.0
0.585714
0.033333
0.2937
0.688278

0.873224
0.017953
-0.219194
-0.496709
-0.288434
0.496038
1.0
1.0
-0.161576
0.99978
1.0
-0.016431
0.99978
1.0
0.04664
1.0
1.0
0.039194
1.0
1.0

0.778131
0.014537
-0.089616
-0.224662
-0.139182
1.0
1.0
1.0
-0.087538
1.0
1.0
-0.057138
1.0
0.999487
0.055782
1.0
1.0
0.046988
1.0
1.0

0.696715
-0.045346
-0.318132
-0.096797
0.078212
1.0
1.0
1.0
-0.07173
1.0
1.0
0.0
0.99978
1.0
-0.051636
1.0
0.606227
0.011941
1.0
0.92696

0.778131
0.754981
-0.109256
-0.270328
0.070344
1.0
1.0
1.0
0.00022
1.0
1.0
-0.042845
0.832308
1.0
-0.042539
1.0
1.0
0.020459
1.0
0.341612

0.30387
0.053088
-0.082235
-0.096797
-0.022026
1.0
1.0
0.977326
-0.065434
1.0
1.0
0.035092
0.998608
0.998315
0.108627
0.945568
1.0
0.013645
0.707326
1.0

0.217713
0.021168
0.069638
0.03701
-0.430338
1.0
1.0
1.0
0.0
1.0
1.0
0.006374
1.0
1.0
0.051743
0.761245
0.761245
0.183956
1.0
0.396996

