flat_h
Left

0.587963
-0.515564
-0.027084
0.179809
0.473205
1.0
1.0
0.096777
0.25663
0.142051
0.142051
0.600952
0.034505
0.034505
0.726081
1.0
1.0
0.674506
1.0
1.0

0.551667
-0.772305
-0.206257
0.08233
0.475225
1.0
1.0
0.153626
0.182491
0.072894
0.072894
0.47641
0.011062
0.011062
0.689451
1.0
1.0
0.648718
1.0
1.0

0.565583
-0.746282
-0.186922
0.146778
0.514575
1.0
1.0
0.148205
0.154213
0.067033
0.067033
0.502784
0.00696
0.00696
0.666008
1.0
1.0
0.655897
1.0
1.0

0.893817
0.0
0.134541
0.316932
0.0
1.0
0.649011
0.422198
0.54
0.0
0.111282
1.0
0.034505
0.01663
0.996557
1.0
1.0
0.933553
1.0
1.0

0.988505
-0.266281
0.0
0.0
0.0
1.0
1.0
0.040366
0.544689
0.116264
0.171941
1.0
0.011648
0.004615
0.666008
1.0
1.0
0.806081
0.999487
1.0

0.665967
-0.34278
-0.153048
0.0
0.542763
1.0
1.0
0.351282
0.193626
0.084615
0.189524
1.0
0.0
0.028059
0.651355
1.0
1.0
0.795238
0.99978
0.999194

0.893817
-0.61228
-0.047484
0.0
0.237932
1.0
1.0
1.0
0.795531
0.072015
0.084615
1.0
0.045348
0.0
1.0
1.0
1.0
0.816337
1.0
1.0

0.665967
-0.620688
-0.06862
0.0
0.542763
1.0
1.0
0.242857
1.0
0.064982
0.0
1.0
0.034212
0.110989
1.0
1.0
1.0
0.712308
1.0
1.0

0.397743
0.0
0.0
0.0
0.0
1.0
1.0
1.0
1.0
0.063516
0.0
1.0
0.053846
0.0
1.0
1.0
1.0
0.75978
1.0
1.0

0.618357
-0.55834
0.0
0.179809
0.0
1.0
1.0
1.0
0.403004
0.154359
0.052381
1.0
0.053846
0.0
1.0
1.0
0.999194
0.442564
0.998901
1.0

0.988505
0.2253
-0.077732
0.0
0.274581
1.0
1.0
0.015751
1.0
0.091648
0.062344
1.0
0.067033
0.075531
1.0
1.0
1.0
1.0
1.0
1.0

0.537339
0.0
-0.35705
0.0
0.31426
1.0
1.0
0.072308
0.879341
0.084615
0.075824
0.734286
0.015165
0.032161
1.0
1.0
1.0
0.917143
0.99978
1.0

0.397743
0.069774
0.0
0.146778
0.299969
1.0
1.0
0.153626
0.390549
0.075824
0.056777
0.678022
0.015165
0.001685
1.0
1.0
1.0
1.0
0.999194
1.0

0.906059
0.307242
0.0
0.0
0.0
1.0
1.0
0.156996
1.0
0.08989
0.096337
0.359487
0.030403
0.030403
0.912454
0.999194
1.0
0.967692
1.0
1.0

0.43653
-0.330672
-0.116289
0.0
0.331671
1.0
0.649011
0.13033
0.904835
0.084615
0.0
1.0
0.013993
0.011355
1.0
1.0
1.0
0.655897
1.0
1.0

0.224159
-0.138247
0.0
0.0
0.335079
1.0
1.0
0.153626
0.182491
0.080513
0.096337
1.0
0.038608
0.014579
1.0
1.0
1.0
1.0
1.0
0.956703

0.111236
-0.330672
0.0
0.209814
0.514864
1.0
1.0
1.0
0.54
0.0
0.088425
1.0
0.015165
0.045641
0.666008
1.0
1.0
1.0
1.0
1.0

0.677335
-0.697159
0.0
0.0
0.0
1.0
0.382491
0.449158
0.254872
0.0
0.092527
0.618535
0.017509
0.03011
0.912454
1.0
1.0
0.655897
1.0
1.0

