flat_4
Left

0.809952
-1.050681
-0.827464
-0.427417
-0.134266
1.0
1.0
0.287985
0.244908
0.097216
0.097216
0.324908
0.00696
0.00696
0.436264
0.0
0.0
0.408864
0.0
0.0

0.869126
-0.96769
-0.46362
-0.255055
0.088159
1.0
1.0
0.429231
0.216777
0.0937
0.0937
0.597729
0.005201
0.005201
0.388791
0.0
0.0
0.378095
0.0
0.0

0.819829
-0.751513
-0.275674
-0.036611
0.346585
1.0
0.898095
0.201539
0.222637
0.090476
0.090476
0.572528
0.0
0.0
0.258388
0.0
0.0
0.207106
0.0
0.0

0.577768
-0.452598
-0.849937
0.055937
-0.441636
1.0
1.0
0.287985
1.0
0.047399
0.052967
1.0
0.0
0.00696
1.0
0.0
0.001392
0.230256
0.024835
0.0

-0.11641
-0.880658
0.0
0.0
0.525395
1.0
1.0
0.321099
0.222637
0.049451
0.008718
1.0
0.0
0.005495
0.670696
0.021612
0.0
1.0
0.081392
0.024835

-0.212444
-0.10168
0.0
-0.214394
0.254121
1.0
1.0
0.423663
1.0
0.054725
0.152308
0.335898
0.0
0.0
0.259121
0.0
0.0
0.225128
0.021612
0.0

0.846327
-0.607862
0.0
-0.036611
0.342443
1.0
1.0
0.423663
1.0
0.049451
0.028938
1.0
0.0
0.0
0.960073
0.001099
0.0
0.631722
0.034505
0.035092

0.681171
-0.579356
-0.437645
-0.779681
0.622368
1.0
1.0
1.0
0.26718
0.054725
0.045641
0.931062
0.0
0.008425
0.153919
0.013993
0.0
0.935824
0.0
0.0

0.921654
-0.03952
0.053597
-0.374377
0.217114
1.0
1.0
0.685348
0.775018
0.091355
0.055897
1.0
0.0
0.013993
1.0
0.031575
0.0
0.195385
0.0
0.081392

0.538978
0.0
0.0
0.059385
-0.287503
1.0
1.0
1.0
0.718462
0.0
0.091355
1.0
0.004029
0.0
0.812821
0.0
0.0
0.278608
0.025128
0.0

0.046944
-0.607862
0.0
0.008266
0.682629
1.0
1.0
1.0
0.14674
0.055897
0.18967
0.384396
0.0
0.0
0.613846
0.0
0.021612
0.324615
0.000513
0.084908

0.703397
-1.011202
-0.827464
0.0
0.19772
1.0
1.0
1.0
1.0
0.055311
0.0
1.0
0.066447
0.0
0.851502
0.001392
0.0
0.378095
0.024835
0.0

0.633822
-1.714185
-0.849937
-0.255055
0.50074
1.0
1.0
0.297949
1.0
0.086081
0.052967
1.0
0.008425
0.070842
1.0
0.003443
0.060879
0.935824
0.0
0.011648

0.762037
-0.607862
-0.275674
0.060446
0.037261
1.0
1.0
1.0
0.0
0.097216
0.056484
1.0
0.0
0.00315
0.310256
0.0
0.0
0.225128
0.0
0.006667

-0.950427
-0.03952
0.0
0.0
0.20809
1.0
1.0
0.501026
0.440073
0.034799
0.075531
1.0
0.017509
0.007839
0.960073
0.0
0.0
0.408864
0.0
0.031575

0.768128
0.0
0.0
0.0
0.081237
1.0
1.0
0.80022
0.272747
0.028938
0.055311
1.0
0.0
0.005495
1.0
0.0
0.0
0.195385
0.0
0.016337

0.14101
-0.858361
0.053597
-0.139827
0.622368
1.0
1.0
0.685348
0.324322
0.034212
0.02044
0.711722
0.0
0.0137
0.682711
0.0
0.001099
0.483443
0.022784
0.0

0.762037
0.0
0.0
0.095422
0.090676
1.0
1.0
0.287985
0.369158
0.0137
0.008718
0.704689
0.0
0.0
0.828645
0.0
0.0
0.204176
0.084908
0.0

