flat_v
Left

0.413059
-0.534961
-0.676181
-0.360596
0.150993
1.0
0.550256
0.047985
0.337949
0.0
0.0
0.408425
0.0
0.0
0.549963
1.0
1.0
0.643443
1.0
1.0

0.484535
-0.522059
-0.64756
-0.316335
0.078829
1.0
0.697656
0.048864
0.248718
0.0
0.0
0.344835
0.0
0.0
0.708498
1.0
1.0
0.642271
1.0
1.0

0.466473
-0.571154
-0.521595
-0.486035
-0.033213
1.0
0.726081
0.092527
0.320073
0.023663
0.023663
0.450916
0.0
0.0
0.592454
1.0
1.0
0.629084
1.0
1.0

0.74974
-0.144648
0.0
-0.37521
-0.878628
1.0
1.0
0.268352
0.891355
0.0
0.0
0.354506
0.0
0.0
0.974579
1.0
1.0
0.792747
0.997729
0.99978

0.876325
-0.220267
0.0
-0.339965
0.113404
1.0
0.908205
0.653993
0.536191
0.047692
0.0
0.489011
0.0
0.006081
0.442271
1.0
1.0
0.160513
1.0
1.0

0.717459
-0.250885
0.19923
0.0
0.202316
1.0
0.282418
0.282711
0.857949
0.0263
0.01663
0.544396
0.0
0.0
0.767692
1.0
1.0
0.584689
1.0
0.999487

0.909608
-0.341005
-0.620345
-0.194746
0.0
1.0
0.354506
0.074652
0.27685
0.0
0.029231
0.468791
0.0
0.0
1.0
1.0
1.0
1.0
1.0
1.0

0.702582
-0.495477
0.020388
-0.193277
-0.513494
1.0
1.0
0.34
0.850037
0.0
0.088132
1.0
0.0
0.0
0.711136
1.0
1.0
0.288718
0.998901
1.0

0.830455
-0.571154
-0.053791
-0.15953
0.078829
1.0
1.0
0.0
0.668498
0.0
0.0
0.270403
0.009597
0.0
1.0
1.0
1.0
0.722271
0.999487
1.0

0.926473
-0.864606
-0.049471
0.0
0.143941
1.0
1.0
0.0
0.78674
0.0
0.0
0.468791
0.0
0.0
1.0
0.999194
1.0
0.643443
1.0
0.999487

0.645492
0.044202
-0.308153
0.0
0.111628
1.0
0.697656
0.092527
0.668498
0.029231
0.0
1.0
0.010183
0.009304
0.749231
1.0
1.0
0.677876
1.0
1.0

1.0
0.288102
0.262887
-0.233011
0.053251
1.0
0.691062
0.145568
0.284176
0.015165
0.021026
0.411062
0.0
0.0
1.0
1.0
1.0
0.741905
0.999487
1.0

0.4975
-0.571154
-0.506877
0.0
0.31571
1.0
0.480953
0.0
0.285055
0.022784
0.076703
0.409744
0.043883
0.0
1.0
0.999487
1.0
0.861905
1.0
0.99978

0.830455
-0.274266
-0.389671
-0.360596
0.347543
1.0
0.360073
0.115971
0.489597
0.088132
0.0263
0.844762
0.0
0.0
0.749231
1.0
1.0
0.264835
1.0
0.999487

0.28726
0.106773
-0.354198
-0.014462
0.232852
1.0
1.0
0.064689
0.442564
0.0
0.0
0.489011
0.0
0.0
0.881392
1.0
0.999487
0.878169
0.999487
1.0

0.757738
-0.522059
0.262887
0.0
0.111628
1.0
0.875531
0.191429
0.394945
0.01663
0.067033
0.570769
0.009597
0.0
0.895458
1.0
1.0
0.719634
1.0
1.0

0.69203
-0.534961
-0.324696
-0.156439
-0.513494
1.0
1.0
0.0
0.937656
0.0
0.0
0.344835
0.0
0.0
0.724615
1.0
1.0
0.264835
1.0
1.0

0.836853
-0.144648
0.0
0.0
0.058662
1.0
0.377656
0.064689
0.174432
0.309084
0.0
0.334872
0.0
0.0
0.768571
1.0
1.0
0.288132
0.94967
1.0

