flat_1
Left

0.379011
-0.66905
-0.362958
0.0
0.139946
1.0
0.821319
0.252528
0.63348
0.05707
0.05707
0.664249
0.998608
0.998608
1.0
1.0
1.0
0.70967
1.0
1.0

0.814943
-1.130693
-0.4772
-0.108742
0.043132
1.0
0.701758
0.22
0.340733
0.056777
0.056777
0.512601
0.998608
0.998608
0.868498
1.0
1.0
0.704835
1.0
1.0

0.829936
-1.106489
-0.421846
-0.188907
0.026539
1.0
0.865861
0.234945
0.352308
0.072015
0.072015
0.575311
0.998608
0.998608
0.757582
1.0
1.0
0.698828
1.0
1.0

0.865739
0.0
0.0
0.0
0.222239
1.0
1.0
0.016923
1.0
0.040366
0.062637
1.0
1.0
0.998608
1.0
0.999194
1.0
0.299561
1.0
1.0

0.552948
0.0
0.0
0.0
0.135892
1.0
0.795238
1.0
1.0
0.095165
0.051209
1.0
1.0
1.0
1.0
1.0
1.0
0.898535
1.0
0.99978

0.248762
-0.001669
0.0
0.0
0.149652
1.0
0.855604
0.191868
1.0
0.198901
0.043297
1.0
0.779707
0.876703
1.0
1.0
1.0
1.0
1.0
1.0

0.653896
0.0
0.0
0.0
0.19193
1.0
1.0
1.0
1.0
0.054139
0.0
1.0
0.998608
0.998608
1.0
1.0
0.999194
1.0
0.998901
1.0

0.708438
0.0
0.0
0.0
0.026539
1.0
1.0
0.018681
0.96022
0.043297
0.056777
0.649304
0.862344
0.872601
1.0
0.72696
1.0
0.698828
1.0
1.0

0.552948
-0.306101
0.0
0.0
0.0
1.0
0.855604
0.630256
0.374139
0.074945
0.046227
1.0
1.0
0.862344
1.0
1.0
1.0
0.658681
0.982491
1.0

0.734278
-0.291678
0.0
0.0
-0.052356
1.0
0.938242
0.274799
0.29707
0.011062
0.071136
1.0
0.998022
1.0
1.0
1.0
1.0
0.809011
1.0
1.0

0.653896
-3.039369
0.0
0.0
-0.009779
1.0
0.855604
0.432747
0.227766
0.039487
0.055018
1.0
1.0
0.99978
1.0
1.0
1.0
0.892235
1.0
0.997729

0.149202
0.0
0.0
0.0
0.004666
1.0
0.720073
0.465128
0.567839
0.055604
0.0
1.0
1.0
0.479927
1.0
0.72696
0.72696
0.752454
1.0
0.999487

1.0
0.0
0.0
0.0
0.0
1.0
1.0
0.478169
0.29707
0.0
0.05707
1.0
0.998608
0.862344
1.0
1.0
1.0
0.754506
0.997729
1.0

0.587696
0.014082
0.0
0.0
0.361541
1.0
0.541172
1.0
1.0
0.036557
0.072015
1.0
1.0
0.37033
1.0
1.0
1.0
0.60359
1.0
1.0

0.550657
-0.249656
0.0
0.0
-0.35768
1.0
0.745421
0.284176
0.87641
0.0
0.131502
0.715238
1.0
0.479927
1.0
1.0
1.0
0.966374
0.998901
0.99978

0.369204
0.0
0.0
0.0
0.182395
1.0
0.769744
0.594212
1.0
0.025421
0.046227
0.559927
1.0
0.479927
1.0
1.0
1.0
1.0
1.0
0.982491

0.756329
-0.107541
0.0
0.0
-0.027925
1.0
1.0
0.474359
1.0
0.126813
0.01663
1.0
1.0
0.998022
1.0
1.0
1.0
0.73326
1.0
0.99978

0.406383
-3.039369
0.0
0.0
0.654263
1.0
0.821319
0.432747
0.624103
0.055897
0.0
1.0
0.998608
0.872601
0.821172
1.0
1.0
0.702344
1.0
1.0

