flat_ily
Left

-0.456367
-0.721247
-0.000513
0.0
-0.102247
0.624765
0.117289
0.008132
0.622051
0.08315
0.08315
0.99978
0.746007
0.746007
1.0
0.455018
0.455018
0.821612
0.0
0.0

-0.418264
-0.755381
-0.000528
0.0
-0.051
0.36691
0.0
0.0
0.710256
0.05326
0.05326
0.99978
0.771941
0.771941
1.0
0.525788
0.525788
0.758168
0.0
0.0

-0.377651
-1.168705
-0.000545
0.0
-0.264045
0.551697
0.052967
0.0
0.485788
0.024249
0.024249
0.99978
0.832454
0.832454
1.0
0.515238
0.515238
0.668059
0.0
0.0

-0.764435
-0.834612
0.0
0.0
0.0
0.0
-0.130315
-0.005146
1.0
0.13326
0.134579
1.0
0.990769
1.0
1.0
1.0
1.0
0.241978
0.004322
0.017216

-0.184515
-0.688718
0.0
0.0
-1.00857
0.0
-0.152937
0.0
1.0
0.108059
0.13326
1.0
0.832454
0.468059
1.0
1.0
1.0
0.634945
0.0
0.0

-0.514133
0.0
0.0
0.0
0.0
0.17098
0.0
-0.089592
1.0
0.073187
0.0
1.0
0.669231
0.741905
1.0
1.0
0.525788
1.0
0.0
0.006374

-0.288195
0.0
0.0
0.0
-0.10841
0.0
-0.002496
0.163736
0.741612
0.023663
0.030403
1.0
0.65663
1.0
1.0
0.758901
0.869231
1.0
0.169597
0.000806

-0.323887
-0.566162
0.0
0.0
0.0
0.0
-0.049675
0.084615
1.0
0.13326
0.0
1.0
0.988864
1.0
1.0
0.449158
1.0
1.0
0.0
0.0

-0.283228
0.0
0.0
0.0
-0.494274
0.496518
-0.33418
0.008132
1.0
0.033626
0.0
1.0
1.0
0.988864
1.0
1.0
1.0
0.960952
0.004908
0.127692

-0.183023
0.0
0.0
0.0
-0.10841
0.143912
-0.152937
-0.069138
1.0
0.03978
0.0
1.0
1.0
0.931355
1.0
0.513626
0.572235
1.0
0.0
0.0

-0.718175
0.0
0.0
0.0
0.0
0.0
0.0
0.085788
1.0
0.019267
0.037436
1.0
0.998608
0.791429
1.0
1.0
0.513626
1.0
0.000806
0.0

-0.23884
0.0
0.0
0.0
-0.102247
0.023323
0.271282
0.01663
0.940293
0.045348
0.0
1.0
0.827766
0.671575
1.0
1.0
0.55348
0.713773
0.099121
0.270403

0.445067
0.0
0.0
0.0
0.0
0.0
0.0
0.0
0.830403
0.04652
0.148059
0.99978
0.75304
0.931355
1.0
1.0
1.0
0.821612
0.0
0.006374

-0.377651
-0.217179
0.0
0.0
0.0
0.367073
-0.182263
0.275385
1.0
0.108059
0.045348
1.0
0.574579
1.0
1.0
1.0
0.985128
0.0
0.127692
0.127692

-0.452817
0.0
-0.000367
0.0
-0.465946
0.28816
0.022491
0.02836
1.0
0.081392
0.010183
1.0
0.669231
0.931355
1.0
1.0
1.0
0.706886
0.0
0.03304

-0.370881
0.0
0.0
0.0
0.039923
0.0
0.195092
0.03011
1.0
0.0
0.045348
1.0
0.998608
0.797289
1.0
1.0
1.0
0.634945
0.006374
0.0

-0.713349
0.0
0.040575
0.0
0.0
0.095657
0.0
0.108645
1.0
0.362125
0.064982
1.0
1.0
1.0
1.0
1.0
0.92315
1.0
0.028645
0.0

-0.398294
0.0
0.0
0.0
0.0
0.25161
0.052967
0.085788
1.0
0.04652
0.0
1.0
0.702931
0.351868
1.0
0.92315
1.0
0.692088
0.017216
0.004908

