flat_b
Left

-0.317612
0.0
-0.108602
-0.513617
-0.137163
0.847658
0.205348
0.0
1.0
0.188938
0.188938
0.844469
0.012821
0.012821
0.589231
0.001099
0.001099
0.863956
0.0
0.0

-0.207897
-0.084572
-0.092597
-0.173536
0.0
0.837398
0.156557
0.0
0.901612
0.125934
0.125934
0.905275
0.012821
0.012821
0.91011
0.0
0.0
1.0
0.0
0.0

-0.294728
-0.827961
-0.457311
-0.700623
-0.352419
0.815063
0.258388
0.0
0.68652
0.115824
0.115824
0.812381
0.0
0.0
0.469377
0.0
0.0
0.620293
0.0
0.0

0.883537
-0.389393
0.0
0.0
0.081639
0.726915
0.0
0.093993
1.0
0.177216
0.184249
1.0
0.0
0.0
1.0
0.0
0.0
1.0
0.010476
0.034505

-0.531127
0.0
0.0
-0.700623
0.012548
0.204595
0.588645
0.210769
0.963736
0.144982
0.046227
1.0
0.101026
0.0
0.913773
0.0
0.0
1.0
0.035385
0.0

-0.582081
0.0
0.0
0.0
0.313741
0.578795
0.064396
0.0
0.99978
0.072015
0.144982
1.0
0.0
0.025714
1.0
0.0
0.0
0.592747
0.003443
0.0

-0.207897
0.0
-0.327666
0.029489
0.0
0.00316
-0.118148
0.629084
1.0
0.186593
0.009304
0.948205
0.101026
0.0
1.0
0.041245
0.090183
1.0
0.0
0.0

-0.325677
0.012473
0.0
0.0
0.019759
0.715042
0.254579
0.210769
1.0
0.079048
0.174579
0.806667
0.012821
0.0
1.0
0.0
0.0
0.748205
0.012234
0.0

-1.294405
-0.227566
-0.405763
0.0
0.098957
0.27876
0.0
0.0
0.950549
0.15348
0.098974
0.843883
0.036557
0.0
1.0
0.057363
0.018974
0.8263
0.049451
0.015751

-0.42171
-0.048463
0.0
-0.487011
-0.352419
0.913146
0.269084
-0.091653
1.0
0.143956
0.03685
0.886081
0.000806
0.0
0.716996
0.033333
0.054139
0.940293
0.0
0.069084

-0.618882
-0.511637
0.0
-0.624563
0.0
0.325545
-0.363636
0.0
1.0
0.184249
0.028059
0.888132
0.042711
0.038315
1.0
0.090183
0.0
1.0
0.040659
0.0

-0.597937
-0.075419
-0.513082
0.0
0.0
0.452826
0.0
0.030989
1.0
0.215311
0.046227
0.930037
0.011062
0.0
1.0
0.0
0.049744
0.767985
0.15348
0.028059

-0.138867
0.0
0.0
0.0
-0.137163
0.153221
0.202418
0.00022
0.999121
0.063223
0.178388
1.0
0.061758
0.015165
1.0
0.0
0.010183
1.0
0.0
0.0

-0.36577
0.0
0.0
-0.026561
0.012548
0.789401
0.0
0.0
1.0
0.0
0.186007
0.894286
0.0
0.022198
0.913773
0.049744
0.0
1.0
0.0
0.0

-0.448193
0.0
0.0
0.014991
0.0
0.215539
0.037436
0.011648
1.0
0.072015
0.215311
0.589231
0.119487
0.006081
0.758462
0.0
0.0
0.998535
0.049451
0.022198

0.591599
0.012473
-0.156988
0.0
0.050102
0.0
-0.363636
0.0
1.0
0.15348
0.089011
0.837729
0.012234
0.033333
0.618095
0.0
0.0
0.48652
0.0
0.031282

-0.112592
0.0
0.0
0.045563
0.000581
0.715042
0.0
0.0
0.67685
0.096923
0.062051
1.0
0.012821
0.012234
0.646667
0.0
0.0
0.864103
0.008425
0.0

-0.70016
0.0
0.0
0.0
0.0
0.491116
0.064396
0.026886
0.734872
0.138535
0.121245
0.888132
0.0
0.011062
1.0
0.0
0.0
0.592747
0.034505
0.0

