g
Left

0.6491
-1.105369
0.050492
0.004884
0.189204
1.0
0.279487
0.0
0.382051
0.027179
0.027179
0.662491
0.998608
0.998608
0.940586
1.0
1.0
0.83011
1.0
1.0

0.603328
-1.151478
0.025795
0.014172
0.214398
1.0
0.224689
0.0
0.322564
0.032454
0.032454
0.547033
0.998608
0.998608
0.950549
1.0
1.0
0.773407
0.918755
0.918755

0.555401
-1.279978
-0.283985
-0.01023
0.178088
1.0
0.291209
0.0
0.358315
0.010769
0.010769
0.635238
0.998608
0.998608
0.765055
0.958169
0.958169
0.776191
1.0
1.0

0.530055
-0.989856
-0.003168
0.0
0.0
0.818276
0.0
0.0
0.629377
0.0
0.0
1.0
1.0
1.0
0.762125
0.999487
1.0
0.930476
1.0
1.0

0.79099
-0.817508
0.131171
0.0
-0.157826
0.733003
0.0
0.0
0.410183
0.004322
0.178974
1.0
0.998608
1.0
1.0
1.0
1.0
1.0
0.999194
1.0

0.719705
-0.253014
0.0
0.014172
0.107833
1.0
0.0
0.0
0.989377
0.0
0.0
1.0
1.0
0.99978
1.0
1.0
1.0
1.0
1.0
0.99978

0.646052
0.0
0.0
0.0
0.059999
1.0
0.317289
0.0
0.857363
0.093407
0.178974
1.0
1.0
1.0
1.0
1.0
0.999194
0.959048
1.0
0.998901

0.290897
0.012693
0.0
0.0
0.0
1.0
0.910403
0.0
0.312015
0.0
0.004322
1.0
1.0
0.998608
0.950549
1.0
1.0
0.964469
1.0
0.999487

0.435919
-0.593572
0.0
0.0
0.00211
1.0
0.272454
0.18337
0.381172
0.032454
0.0
0.799341
1.0
1.0
0.562271
1.0
1.0
0.901172
1.0
1.0

1.0
-0.844702
0.0
0.0
0.0
1.0
0.620879
0.0
1.0
0.012527
0.012527
1.0
1.0
1.0
1.0
1.0
1.0
1.0
0.918755
1.0

0.646052
0.0
-0.045678
0.0
0.142984
0.738761
0.0
0.0
0.408132
0.0
0.054432
1.0
1.0
1.0
0.762125
0.999194
1.0
0.811648
1.0
1.0

0.961077
0.0
0.0
0.040023
0.035346
1.0
0.572234
0.0
0.560513
0.0
0.010769
0.635238
0.999194
1.0
1.0
1.0
1.0
0.817656
1.0
1.0

1.0
-0.077709
0.0
0.004884
0.0
1.0
0.450037
0.0
0.219854
0.053846
0.012821
0.829084
1.0
0.998608
1.0
1.0
1.0
1.0
0.99978
1.0

0.645034
0.0
-0.078847
0.0
-0.157826
1.0
1.0
0.114799
1.0
0.05707
0.0
0.750989
0.999194
1.0
1.0
1.0
1.0
1.0
1.0
0.99978

0.86775
0.0
0.0
0.0
0.051928
1.0
0.0
0.011062
0.595092
0.0
0.0
1.0
1.0
0.998608
1.0
0.999194
1.0
1.0
1.0
1.0

0.574776
-0.219607
0.0
0.0
-0.893341
1.0
1.0
0.0
0.554799
0.0
0.087546
0.72315
1.0
1.0
1.0
0.999487
1.0
0.29326
1.0
1.0

1.0
0.0
-0.003168
0.0
0.0
1.0
0.064103
0.0
0.392308
0.012527
0.091648
1.0
0.99978
1.0
1.0
1.0
0.999487
0.961392
1.0
1.0

0.88058
-0.253014
0.0
0.0
0.198446
1.0
0.813846
0.0
1.0
0.0
0.0
1.0
1.0
1.0
0.985714
1.0
1.0
1.0
1.0
1.0

