goody_goody
Left

0.375685
-0.320905
-0.116236
-0.00934
-0.058274
0.241099
0.060879
0.0
0.023663
0.0
0.0
0.047399
0.0
0.0
0.380879
1.0
1.0
0.034212
0.0
0.0

0.267978
-0.078461
-0.013847
-0.08955
-0.073364
0.337617
0.071429
0.0
0.0
0.0
0.0
0.007253
0.0
0.0
0.239634
1.0
1.0
0.0
0.0
0.0

0.13755
-0.209637
-0.06139
0.054677
-0.11089
0.326698
0.0
0.0
0.0
0.0
0.0
0.0
0.0
0.0
0.14
1.0
1.0
0.0
0.0
0.0

0.507105
-0.059425
0.170185
-0.08955
-0.367031
0.187252
0.349231
0.0
0.0
0.0
0.0
0.0
0.0
0.0
0.239634
0.725788
0.999487
0.043883
0.008718
0.0

0.807104
-0.058426
-0.093638
0.178531
-0.583483
0.654313
0.194506
0.0
0.0
0.0
0.0
0.034799
0.0
0.0
0.334286
0.548498
1.0
0.061172
0.0
0.0

0.062904
0.559813
-0.201605
-0.161493
0.382319
0.115684
0.151722
0.058535
0.425421
0.0
0.0
0.201245
0.0
0.0
1.0
1.0
1.0
0.080513
0.0
0.0

0.050263
0.032476
0.289184
0.0
0.20715
0.376161
0.349231
0.003443
0.0
0.0
0.0
0.041832
0.0
0.0
1.0
1.0
1.0
0.0
0.0
0.0

0.559384
-0.001978
-0.064328
0.0
0.022793
0.0
0.178388
0.0
0.0
0.0
0.0
0.0
0.000513
0.0
0.334286
1.0
1.0
0.001685
0.0
0.0

0.223709
-0.122438
0.504053
0.0
-0.180392
0.08527
0.0
0.0
0.0
0.0
0.0
0.0
0.0
0.0
0.426007
0.999487
1.0
0.087253
0.0
0.035092

0.267978
-0.059241
0.074999
-0.029302
0.262386
0.0
0.0
0.0
0.081978
0.0
0.0
0.001099
0.0
0.0
1.0
1.0
1.0
0.128571
0.0
0.0

-0.181012
0.001398
-0.201605
0.379085
0.134266
0.163669
0.095458
-0.066593
0.383223
0.0
0.0
0.0
0.0
0.0
1.0
1.0
1.0
0.0
0.0
0.0

0.239516
-0.082094
0.191014
0.0
0.15957
0.125121
0.13326
0.0
0.0
0.0
0.0
0.195385
0.0
0.0
1.0
1.0
1.0
0.074652
0.058535
0.0

0.599253
-0.06017
0.22585
0.272765
0.382319
0.214807
0.0
0.058535
-0.203415
0.0
0.0
0.018974
0.0
0.0
1.0
1.0
0.706154
-0.104684
0.0
0.0

0.139748
-0.122438
0.170185
-0.310419
-0.112974
0.429435
0.178388
0.0
0.0
0.0
0.0
0.24315
0.0
0.0
1.0
1.0
1.0
0.043883
0.093114
0.0

0.203948
0.317955
0.23954
0.226867
0.339766
0.47037
0.0
0.0
0.425421
0.005201
0.0
0.366227
0.0
0.0
0.379121
1.0
1.0
0.033919
0.0
0.0

0.296852
-0.199294
-0.096865
0.0
0.022793
0.169494
0.116996
-0.032163
0.0
0.0
0.005201
0.73956
0.0
0.0
0.942051
0.592454
0.548498
0.125641
0.0
0.004322

0.807104
0.233375
-0.064328
0.0
0.134266
0.588495
0.00989
0.0
0.0
0.0
0.0
0.170476
0.0
0.0
1.0
1.0
1.0
0.0
0.0
0.0

0.311251
-0.04903
0.103313
0.0
0.382319
0.187252
0.254579
0.0
0.157473
0.0
0.0
0.23348
0.000806
0.0
1.0
1.0
1.0
0.018681
0.0
0.093114

