horns
Left

0.628189
-0.058514
-0.097407
0.044268
0.048937
1.0
0.570037
0.178974
0.025128
0.000513
0.000513
0.487985
0.998608
0.998608
0.428938
1.0
1.0
0.025714
0.0
0.0

0.562552
-0.040602
-0.288105
-0.008358
0.108566
1.0
0.570183
0.21619
0.038608
0.0
0.0
0.486667
0.998608
0.998608
0.413993
1.0
1.0
0.014579
0.0
0.0

0.524188
-0.093827
-0.272829
0.010168
0.02275
1.0
0.623663
0.190989
0.024249
0.0
0.0
0.556996
0.998608
0.998608
0.334579
1.0
1.0
0.0
0.0
0.0

1.0
0.019537
0.0
0.283182
0.253081
1.0
0.90337
0.0
0.059707
0.0
0.0
0.631429
0.850916
1.0
1.0
1.0
1.0
0.028059
0.0
0.0

-0.026252
0.294663
-0.03765
0.0
-0.151746
1.0
0.745421
0.133846
0.09663
0.000513
0.0
0.973407
0.99978
0.99978
0.413993
1.0
1.0
0.153773
0.0
0.0

0.790662
-0.052059
0.023583
0.271726
0.251863
1.0
0.512161
0.991502
0.156996
0.0
0.0
1.0
1.0
0.998608
1.0
1.0
1.0
0.092821
0.0
0.033626

0.562552
0.294663
0.081613
0.0
0.805726
1.0
0.81956
1.0
0.074945
0.0
0.0
0.487985
0.998315
1.0
0.961392
1.0
0.964322
0.02337
0.00696
0.0

0.790662
0.019537
0.028248
0.0
0.263546
1.0
0.896337
0.190989
0.026593
0.0
0.005495
1.0
1.0
1.0
0.345714
1.0
1.0
0.095165
0.0
0.0

0.740689
-0.091065
0.275509
0.078316
-0.175944
1.0
0.417949
0.173114
0.191093
0.0
0.006374
1.0
1.0
1.0
0.838022
1.0
1.0
0.071429
0.0
0.0

0.628189
0.212684
0.0
0.0
0.021484
1.0
1.0
0.459707
0.008425
0.0
0.0
1.0
1.0
0.998608
1.0
1.0
1.0
0.16315
0.055311
0.0

1.0
0.086337
0.06903
0.067004
0.20256
1.0
1.0
0.73663
0.191093
0.0
0.0
1.0
0.771502
0.999194
0.574872
0.671575
1.0
0.078169
0.0
0.0

0.935538
-0.269408
-0.181964
0.109981
-0.119836
1.0
0.570183
0.58044
0.065568
0.0
0.0
0.914212
0.998608
0.998608
0.496777
1.0
1.0
0.0
0.0
0.005495

0.753692
-0.218033
0.028248
0.0
0.300238
1.0
0.623663
0.556117
0.009597
0.0
0.006374
0.88989
0.99978
1.0
1.0
1.0
1.0
0.062051
0.0
0.040952

0.790662
-0.003561
0.049934
0.0
0.211508
1.0
1.0
0.158169
0.191093
0.0
0.0
1.0
0.839487
1.0
0.925788
1.0
1.0
0.035678
0.0
0.0

0.654703
-0.277852
0.0
0.11249
-0.127844
1.0
0.754799
1.0
0.034212
0.084908
0.0
0.890183
0.998315
1.0
0.325788
0.999487
1.0
0.181905
0.00696
0.0

1.0
-0.10493
0.017346
0.19571
0.195886
1.0
1.0
0.3
0.072015
0.011648
0.0
0.439194
0.998315
1.0
0.628645
1.0
1.0
0.029817
0.0
0.0

0.632859
-0.091065
0.087748
0.0
-0.175944
1.0
0.63304
0.366374
0.076117
0.0
0.005495
0.631429
1.0
1.0
1.0
1.0
0.800806
0.040952
0.0
0.0

0.992289
-0.251381
0.034072
0.073372
0.033247
1.0
0.81956
0.200659
0.135024
0.0
0.002271
0.438169
0.999194
1.0
0.629377
1.0
1.0
0.034799
0.055311
0.0

