i
Left

0.794924
-0.063006
-0.128086
0.012457
0.030022
1.0
0.572088
0.075531
0.853553
1.0
1.0
0.750989
0.998608
0.998608
0.769158
1.0
1.0
0.265275
0.0
0.0

0.63089
-0.203811
-0.271213
-0.012409
0.099995
1.0
0.481392
0.086081
0.761392
1.0
1.0
0.681832
0.998608
0.998608
0.702637
1.0
1.0
0.224249
0.0
0.0

0.460744
-0.287952
-0.208477
0.060595
0.086211
1.0
0.508645
0.10674
0.615458
1.0
1.0
0.61663
0.998608
0.998608
0.51304
1.0
1.0
0.148791
0.0
0.0

0.587257
0.0
0.0
0.0
0.07829
1.0
1.0
0.637582
1.0
1.0
1.0
1.0
1.0
0.832747
1.0
0.972381
1.0
0.210769
0.0
0.0

0.9455
0.0
0.0
0.0
0.175352
1.0
0.942198
0.5
1.0
1.0
1.0
1.0
1.0
1.0
1.0
1.0
1.0
0.017509
0.0
0.0

0.586634
-0.232526
-0.102177
0.0
0.253027
1.0
0.696484
1.0
1.0
1.0
0.99978
1.0
0.998022
1.0
0.930037
1.0
1.0
0.322271
0.0
0.0

0.680437
-0.062459
0.0
0.0
-0.067374
1.0
0.809597
0.212381
1.0
1.0
1.0
1.0
1.0
0.998022
1.0
1.0
1.0
0.304103
0.0
0.0

0.579817
0.0
0.0
-0.010094
-0.095796
1.0
0.824689
0.169304
1.0
1.0
1.0
1.0
1.0
1.0
1.0
1.0
1.0
0.26337
0.0
0.0

0.299435
0.0
0.0
0.131466
0.254632
1.0
0.942198
0.058535
0.481099
1.0
1.0
0.804029
0.998608
0.99978
1.0
1.0
1.0
0.210769
0.0
0.0

0.534465
-0.153288
0.050965
0.003877
-0.202478
1.0
0.350989
1.0
0.744542
1.0
1.0
1.0
1.0
0.998608
0.898681
1.0
1.0
0.210769
0.0
0.0

0.680437
0.0
0.0
0.0
-0.235892
1.0
1.0
0.0937
1.0
1.0
1.0
1.0
1.0
1.0
1.0
1.0
1.0
0.161099
0.0
0.0

0.365307
-0.287952
0.0
0.023664
0.500195
1.0
1.0
1.0
1.0
1.0
1.0
1.0
1.0
1.0
0.77033
1.0
1.0
0.250769
0.0
0.0

0.665469
0.0
-0.336282
0.0
0.035928
1.0
1.0
0.063516
1.0
1.0
1.0
0.693846
0.999194
1.0
0.510696
1.0
1.0
0.19304
0.0
0.0

1.0
-0.110825
-0.154115
0.0
0.13598
1.0
1.0
0.329011
0.703223
1.0
0.99978
1.0
1.0
0.998315
1.0
1.0
1.0
0.337802
0.0
0.0

1.0
0.0
0.0
0.0
0.479145
1.0
0.824689
1.0
1.0
1.0
1.0
1.0
1.0
1.0
1.0
1.0
1.0
0.247253
0.0
0.022784

0.627434
-0.062459
0.0
0.0
0.306157
1.0
1.0
0.130916
1.0
1.0
1.0
1.0
0.998608
1.0
1.0
0.972381
1.0
0.041832
0.04652
0.0

0.431958
0.0
0.0
0.0
0.244951
1.0
0.940806
1.0
1.0
1.0
1.0
1.0
1.0
1.0
0.966667
1.0
1.0
0.337802
0.0
0.0

0.872696
-0.295496
0.0
0.0
0.010804
1.0
1.0
1.0
1.0
1.0
1.0
1.0
0.99978
1.0
1.0
1.0
1.0
0.265275
0.0
0.0

