ily
Left

0.005491
-0.160795
-0.109035
-0.140523
-0.03805
0.081132
0.0
0.0
0.040952
0.047399
0.047399
0.735165
0.998608
0.998608
0.316117
0.897949
0.897949
0.045641
0.0
0.0

0.214471
-0.110844
-0.19607
-0.078691
-0.061447
0.217825
0.001685
0.0
0.081685
0.014579
0.014579
0.752747
0.998608
0.998608
0.377363
0.991282
0.991282
0.050623
0.0
0.0

0.27027
-0.270088
-0.180535
-0.05511
-0.089173
0.194203
0.02337
0.0
0.038608
0.0
0.0
0.804029
0.998608
0.998608
0.436557
1.0
1.0
0.040659
0.0
0.0

0.214471
0.352662
-0.226464
0.0
0.155287
0.348331
0.0
-0.143354
0.0
0.0
0.0
1.0
0.998315
1.0
1.0
1.0
1.0
0.0
0.0
0.0

0.726045
-0.17017
0.0
0.0
-0.204204
0.301648
0.25956
0.002564
0.599048
0.047399
0.0
1.0
0.998608
0.671429
0.626154
1.0
0.487839
0.205641
0.0
0.13619

0.230471
-0.214319
0.0
-0.068067
0.167432
0.066025
0.0
0.0
-0.169607
0.0
0.014579
1.0
1.0
0.990183
1.0
0.991282
1.0
0.205788
0.0
0.0

1.0
-0.164858
-0.436087
0.167289
-0.042567
0.332479
-0.033051
0.028938
0.482564
0.0
0.0
1.0
0.99978
1.0
0.377363
1.0
1.0
0.063223
0.0
0.0

0.502395
-0.3514
0.0
0.0
-0.204204
0.062533
0.007253
0.0
0.446227
0.0
0.034799
0.924176
1.0
0.784689
0.224689
1.0
1.0
0.245201
0.040952
0.0

0.747198
-0.098068
0.0
-0.140523
0.198878
0.103753
0.019853
0.002564
0.376191
0.0
0.0
1.0
1.0
1.0
0.884322
0.90044
1.0
0.296191
0.0
0.025421

0.383758
0.0
0.0
-0.126881
0.198878
0.0
-0.102509
-0.1875
0.316117
0.0
0.0
0.040952
0.990183
0.99978
0.884322
0.998315
0.997656
0.229524
0.0
0.02337

0.631005
-0.363112
0.0
0.0
0.352772
0.0
-0.033051
0.002564
0.554799
0.0
0.0
1.0
0.999194
1.0
0.38381
0.999487
1.0
0.30293
0.0
0.021612

0.558271
-0.287183
0.0
-0.05511
-0.466674
0.212687
-0.034078
0.028938
0.482564
0.0
0.0
1.0
0.998315
0.999194
0.297656
0.89956
1.0
0.169011
0.0
0.0

0.726045
0.478278
0.0
0.016551
-0.056413
0.0
0.001685
0.215604
0.482564
0.0
0.0
1.0
0.572967
0.998022
1.0
1.0
1.0
0.0
0.032161
0.0

-0.025911
-0.160795
0.0
0.0
0.340255
0.0
0.0
-0.088301
0.319487
0.0
0.0
1.0
0.998315
1.0
0.078755
0.80652
1.0
-0.115624
0.0
0.01956

-0.40699
0.175739
0.0
0.0
0.410571
0.0
0.201245
0.006081
0.315678
0.00022
0.0
1.0
0.998608
0.998315
1.0
1.0
0.90044
0.090769
0.063516
0.0

0.209309
-0.194137
-0.283624
-0.03388
0.152456
0.301648
0.15641
-0.022723
0.20696
0.0
0.0
1.0
1.0
0.998315
1.0
0.83685
1.0
0.004908
0.024542
0.006081

0.738368
0.279448
0.0
0.240096
0.0822
0.066025
-0.363636
-0.052378
0.18408
0.0
0.0
1.0
0.998315
0.99978
1.0
1.0
0.83685
0.0
0.0
0.032161

0.955095
0.337102
0.0
0.0
0.169865
0.0
0.2263
0.0
0.562564
0.0
0.0
1.0
1.0
0.998608
1.0
0.991282
0.587766
0.0
0.025421
0.0

