k
Left

0.362332
0.111388
0.197763
0.023766
0.033421
1.0
0.120659
0.0
0.045934
0.0
0.0
0.705275
0.0
0.0
0.977802
1.0
1.0
0.978681
0.491062
0.491062

0.352472
0.311041
0.125757
0.083072
0.039802
1.0
0.220586
0.0
-0.065986
0.0
0.0
0.499854
0.0
0.0
0.83304
0.959634
0.959634
0.970183
0.72022
0.72022

0.384562
0.099901
0.098237
0.022092
0.0
1.0
0.216777
0.0
-0.023183
0.0
0.0
0.350989
0.0
0.0
0.906154
0.919194
0.919194
1.0
0.714652
0.714652

0.320502
-0.007207
0.269179
0.0
0.0
0.959264
0.208425
0.0
0.195092
0.0
0.0
0.488718
0.001099
0.0
0.776777
1.0
1.0
0.318755
0.999487
1.0

0.15388
-0.719525
-0.125017
0.0
0.193219
0.996923
0.609304
0.0
0.25956
0.0
0.0
0.441245
0.0
0.028938
1.0
1.0
1.0
0.973553
0.647839
1.0

0.478153
0.329285
0.0
0.0
0.0
0.753237
0.0
0.032161
0.767692
0.010769
0.0
0.596264
0.0
0.0
1.0
1.0
1.0
0.955531
1.0
0.385861

0.144797
0.005417
-0.029631
0.0
0.031545
1.0
0.011648
0.011355
0.068646
0.004908
0.0
0.51685
0.0
0.0
0.83304
0.999487
0.688864
0.796703
1.0
0.99978

0.320502
0.190646
0.036278
0.0
-0.005379
0.996652
0.035092
0.0
0.060293
0.0
0.0
1.0
0.0
0.0
1.0
0.886374
1.0
0.824542
1.0
0.659561

0.344355
0.208735
0.0
0.0
0.002544
0.995495
0.462051
0.0
0.073187
0.0
0.001685
1.0
0.098242
0.0
1.0
0.688864
1.0
1.0
0.998901
0.999194

0.15388
0.284603
0.0
0.023766
0.010921
1.0
0.016337
0.0
0.0
0.0
0.0
0.317583
0.0
0.0
0.901758
1.0
1.0
0.970183
0.99978
0.878462

0.157319
0.192985
0.197763
0.0
0.098834
1.0
0.21707
0.0
0.059796
0.0
0.0
0.363883
0.0
0.032161
1.0
0.886374
1.0
0.93707
0.915092
0.915092

0.338354
0.005417
-0.003385
0.0
0.0
1.0
0.24315
0.0
-0.026884
0.001392
0.0
0.212674
0.0
0.0
1.0
1.0
1.0
0.292088
1.0
1.0

0.363801
0.260588
0.098237
0.0
0.935858
1.0
0.208425
0.0
0.325495
0.0
0.0
0.678022
0.0
0.0
1.0
0.512161
1.0
0.92652
1.0
0.721099

0.372357
0.261021
-0.011233
0.0
0.0
0.755915
0.245348
0.0
0.028938
0.0
0.0
0.424835
0.0
0.0
1.0
1.0
1.0
0.65956
0.985714
1.0

0.223495
0.456866
0.0
0.08526
0.0
1.0
0.011648
0.0
0.170302
0.0
0.0
0.317583
0.0
0.0
1.0
1.0
1.0
0.973553
1.0
0.999487

0.246038
-0.719525
0.174365
0.0
0.216323
0.785311
0.245348
0.001392
0.132088
0.0
0.0
0.646667
0.008132
0.0
1.0
0.886374
1.0
0.796703
1.0
0.721099

0.293006
0.111388
0.09476
0.0
0.512684
1.0
0.078755
0.0
0.160246
0.0
0.0
0.570037
0.032161
0.0
1.0
1.0
1.0
1.0
1.0
1.0

0.488173
0.118885
-0.058723
0.106253
0.103497
1.0
0.208865
0.012234
-0.023183
0.0
0.0
0.350989
0.028938
0.0
0.83304
1.0
1.0
0.970476
1.0
0.985714

