l
Left

0.916467
-0.09748
-0.006819
0.0
0.155835
0.0
-0.147687
-0.101535
0.439487
0.0
0.0
0.970476
0.998608
0.998608
1.0
1.0
1.0
0.89956
0.767692
0.767692

0.956495
-0.27155
-0.005191
0.023462
0.212769
0.0
-0.087261
-0.059992
0.406081
0.0
0.0
0.976044
0.998608
0.998608
0.931062
0.999121
0.999121
0.702637
0.812527
0.812527

0.791207
-0.161954
-0.000103
0.045735
0.0
0.0
-0.005846
-0.004019
0.296777
0.0
0.0
0.99978
0.998608
0.998608
0.827766
0.709963
0.709963
1.0
0.867472
0.867472

0.892047
-0.118705
0.0
0.0
0.037466
0.067309
-0.252283
-0.13423
0.0
0.0
0.0
1.0
1.0
0.022784
0.995018
1.0
1.0
0.205934
0.815165
0.99978

0.514831
-0.145043
0.040523
0.0
-0.535812
0.0
0.0
0.0
0.199341
0.020733
0.0
0.859414
1.0
1.0
0.984249
1.0
1.0
0.825714
1.0
1.0

0.340741
-0.210607
0.0
-0.083671
0.0
0.0
0.0
0.0
0.348645
0.0
0.0
1.0
1.0
1.0
1.0
0.054725
1.0
1.0
1.0
1.0

0.581868
0.228564
0.0
0.0
0.005147
0.0
-0.005846
-0.1875
0.424249
0.0
0.001392
1.0
1.0
1.0
1.0
1.0
1.0
1.0
0.767692
1.0

-0.048762
-0.122468
0.0
0.021675
1.4e-05
0.0
-0.111218
-0.015116
0.216777
0.0
0.0
0.57663
1.0
1.0
1.0
1.0
0.709963
0.997143
1.0
1.0

0.139294
-0.205046
0.0
-0.028849
0.0
0.0
0.058527
-0.047501
0.692381
0.0
0.0
1.0
1.0
1.0
1.0
1.0
1.0
0.251648
0.812527
1.0

-0.048762
-0.205046
0.241257
0.0
0.0
0.0
-0.357816
-0.006072
0.424249
0.0
0.0
1.0
0.998022
1.0
0.77326
1.0
1.0
1.0
0.812527
1.0

0.629019
-0.118705
-0.121083
0.0
0.06894
0.033794
0.0
-0.096687
0.29033
0.0
0.0
1.0
1.0
0.99978
1.0
1.0
1.0
0.89956
0.826886
1.0

1.0
-0.226903
0.0
0.0
0.0
0.0
-0.110468
-0.1875
0.428352
0.0
0.0
1.0
0.998608
0.998608
1.0
1.0
1.0
0.937949
1.0
1.0

0.139294
-0.071983
0.019246
0.0
0.013863
0.0
-0.013878
-0.165254
0.111466
0.0
0.0
0.888278
1.0
0.998608
1.0
1.0
0.999121
1.0
1.0
1.0

0.470201
0.101615
0.0
0.0
0.396251
0.0
-0.363636
-0.133004
0.033626
0.001392
0.0
0.749524
1.0
0.998022
1.0
1.0
1.0
0.395824
1.0
0.991795

0.347302
-0.073444
0.0
0.0
0.00189
0.0
-0.125355
0.0
-0.245706
0.0
0.0
1.0
0.99978
1.0
1.0
1.0
0.885201
1.0
1.0
0.999487

0.754524
-0.02912
0.019246
-1.100848
0.140783
0.104841
-0.069093
0.0
0.111282
0.0
0.0
0.859414
1.0
0.998022
1.0
1.0
1.0
0.977289
1.0
0.998901

1.0
0.201474
-0.037282
0.0
0.005147
0.0
-0.079618
0.056976
0.33663
0.0
0.0
1.0
1.0
1.0
0.654872
1.0
1.0
0.64022
0.825128
1.0

0.956495
0.180965
0.0
0.0
0.0
0.0
-0.054683
-0.059992
0.406081
0.0
0.0
1.0
1.0
1.0
1.0
1.0
0.999487
1.0
1.0
1.0

