o
Left

0.76587
-1.257807
-0.204933
-0.519996
-0.37335
0.902416
0.239634
0.057363
0.458828
1.0
1.0
0.888278
0.672454
0.672454
0.612527
0.31348
0.31348
0.574139
0.093407
0.093407

0.742093
-0.974602
-0.547106
-0.742314
-0.592097
1.0
0.252234
0.027473
0.30337
1.0
1.0
0.710256
0.6537
0.6537
0.454579
0.289158
0.289158
0.284615
0.202711
0.202711

0.645317
-1.041905
-0.117035
-0.625097
-0.318815
1.0
0.126813
0.004908
0.338681
1.0
1.0
0.946154
0.657802
0.657802
0.496337
0.433919
0.433919
0.469963
0.357729
0.357729

0.810228
-0.446101
-0.571774
0.189606
0.332971
0.632113
0.059414
0.057363
0.230549
0.255897
0.683297
1.0
0.764029
0.408718
0.651795
0.86674
0.981099
0.0937
0.344835
0.566227

0.805036
-1.257807
-0.0274
0.092631
-0.210661
0.890215
0.028938
0.027473
0.434066
0.373993
0.855897
1.0
0.959341
0.672454
0.148498
1.0
0.627766
0.207399
0.862638
0.670549

0.693858
-0.099267
-0.01504
-0.409162
0.104229
1.0
0.415458
0.484029
0.663077
1.0
0.776484
0.946154
0.258242
0.998315
1.0
0.736337
1.0
0.170769
1.0
1.0

0.827373
-1.257807
-0.547106
0.0
-0.405098
0.885329
0.335458
0.242857
0.192454
1.0
1.0
1.0
0.99978
0.192454
0.491648
0.949377
0.86674
0.170769
1.0
0.324029

0.476203
-0.748644
-0.732383
0.457675
-0.397277
1.0
0.764469
1.0
0.57663
1.0
1.0
0.983883
0.796557
0.672454
0.612527
0.799048
0.799048
0.086081
0.175311
1.0

0.788731
-0.254292
-0.598305
0.1354
0.017905
1.0
0.298242
0.057363
0.51011
0.693846
1.0
0.793333
0.577509
0.496923
0.43978
0.31348
0.999194
0.210623
0.462491
0.491062

0.54958
-0.328849
-0.775984
-0.55762
-0.069197
0.843358
0.0
0.35978
0.568132
1.0
1.0
1.0
0.679194
0.5863
0.486813
0.86674
0.567986
0.169597
1.0
0.997729

0.822604
-0.49402
-0.673537
-0.048447
0.544514
1.0
0.041832
1.0
0.68359
0.973993
0.510403
0.770183
0.258242
0.484908
0.107766
1.0
0.627766
0.143516
0.269231
0.352747

0.805036
-0.769005
0.010099
-0.205161
0.389247
1.0
0.314799
0.299267
0.338681
1.0
1.0
0.662491
0.99978
0.752161
0.225421
0.722857
1.0
0.208278
0.192454
0.357729

0.667691
-0.372445
0.0
-0.519996
-0.095672
1.0
0.397289
0.577802
0.230549
1.0
0.741612
0.946154
0.825421
0.5863
0.803443
0.494872
0.433919
0.63011
1.0
0.306007

0.76587
-0.281592
0.066357
0.197022
0.026904
1.0
0.997436
0.520366
0.645495
1.0
1.0
1.0
0.99978
0.99978
0.496337
0.600366
1.0
0.244322
0.862638
0.38293

0.796232
-0.330258
-0.571774
0.02851
-0.121112
1.0
0.164029
1.0
0.338681
0.683297
1.0
1.0
0.703517
0.491648
0.416923
1.0
1.0
0.223223
0.152894
0.655165

0.737257
-0.409523
-0.08972
0.189606
-0.014413
0.677118
0.195092
0.270403
0.620586
1.0
0.874066
1.0
0.427326
0.464982
1.0
1.0
1.0
0.703956
1.0
0.901905

0.645021
-0.415338
0.010099
-0.108978
-0.397277
1.0
0.211502
1.0
0.338681
1.0
0.987839
0.657363
0.959341
1.0
0.148498
0.567839
1.0
0.030403
1.0
1.0

0.934652
-0.785261
-0.515078
0.288677
-0.25371
0.371242
0.580293
0.35978
0.654579
1.0
0.731649
0.662491
0.955531
0.840366
0.224982
1.0
0.397875
0.22718
1.0
0.28696

