open_e
Left

-0.037662
0.181918
-0.328612
-0.233759
-0.218251
0.849221
0.110989
0.0
-0.1284
1.0
1.0
0.041539
0.998608
0.998608
0.081021
0.727253
0.727253
0.053846
0.35304
0.35304

-0.045698
0.091832
-0.250847
-0.172624
-0.123923
0.777875
0.090769
0.0
0.001562
1.0
1.0
0.063516
0.998608
0.998608
0.045934
0.721099
0.721099
0.035971
0.472894
0.472894

0.096294
0.128495
-0.250964
-0.160213
-0.095237
0.889667
0.079634
0.0
-0.049328
1.0
1.0
0.043004
0.997729
0.997729
0.012821
0.456777
0.456777
0.007839
0.202711
0.202711

-0.116616
0.150276
-0.183258
-0.129871
0.049198
0.820255
0.089304
0.0
-0.081323
1.0
1.0
0.0
1.0
0.998315
0.520659
0.727253
0.391575
0.015458
0.769597
1.0

0.126129
0.09533
-0.203135
-0.234981
-0.015774
1.0
0.198608
0.0
0.102492
1.0
1.0
-0.023818
0.999194
1.0
0.066442
1.0
1.0
0.042125
0.679341
1.0

0.410613
0.249682
-0.082004
-0.289009
-0.156246
0.645738
0.028645
0.004322
1.0
1.0
1.0
0.050037
1.0
0.99978
-0.049334
0.934066
0.68652
0.361832
0.997729
1.0

0.122783
0.172065
-0.083018
0.210552
-0.3683
0.780336
0.344542
0.0
-0.209961
1.0
1.0
-0.089355
0.99978
1.0
0.012821
0.790843
0.934066
0.032161
1.0
1.0

-0.020577
-0.16093
-0.082004
-0.030699
-0.077039
0.843312
0.246081
0.0
0.083736
1.0
1.0
-0.042235
1.0
0.998315
0.056305
0.934066
1.0
0.042125
0.389817
1.0

0.051374
0.11829
0.030594
-0.132239
-0.307596
0.687678
0.138974
0.0
-0.171348
1.0
1.0
0.050037
1.0
0.801832
-0.018814
0.411648
1.0
0.041538
0.629963
0.909817

0.200751
0.11829
-0.031169
-0.261619
0.049198
0.804916
0.090769
0.012527
0.039599
1.0
1.0
0.027179
1.0
1.0
0.0
1.0
0.790843
0.192015
1.0
1.0

0.423101
0.612831
-0.624213
-0.040064
-0.095237
0.310242
0.181612
0.14967
0.038608
1.0
1.0
-0.052906
1.0
0.998315
-0.031726
0.934066
0.391575
0.0
1.0
0.769597

0.434951
0.292228
-0.048672
-0.167767
-0.022834
0.736379
0.1063
0.0
0.352161
1.0
1.0
0.606813
1.0
1.0
-0.049334
0.999194
0.942051
0.01956
1.0
1.0

-0.043873
-0.179747
-0.03521
-0.303935
0.064579
0.310242
0.517582
1.0
0.0
1.0
1.0
0.086667
0.659707
1.0
0.057502
1.0
1.0
0.011116
1.0
1.0

-0.285838
0.292228
-0.206688
-0.090658
-0.101123
0.8042
0.173114
0.246667
0.083736
1.0
1.0
-0.031331
0.999194
1.0
0.0
1.0
1.0
0.064982
0.791429
1.0

0.434951
0.091832
-0.038915
-0.172624
-0.193611
0.651939
0.001685
0.0
-0.153666
1.0
1.0
-0.063582
0.851062
0.851062
0.01663
1.0
1.0
0.0
0.4663
1.0

-0.037662
-0.511409
-0.250847
0.0
0.015078
0.570611
0.018681
0.014286
0.296923
1.0
0.759194
0.454432
1.0
1.0
0.130555
1.0
1.0
0.208571
1.0
0.629963

0.125805
-0.043078
-0.04083
-0.090658
-0.338349
0.804916
0.064103
0.246667
-0.175173
1.0
1.0
0.031868
1.0
1.0
0.031282
1.0
1.0
0.060586
1.0
0.295897

0.185902
0.119829
-0.37058
-0.112771
-0.101123
0.777485
0.128278
0.138681
0.020733
1.0
1.0
0.085201
1.0
1.0
0.037143
1.0
1.0
0.048278
1.0
0.785568

