open_h
Left

0.238029
-0.494832
-0.275149
0.0
0.174337
0.0
-0.00723
-0.00497
0.24989
0.0
0.0
0.128864
0.0
0.0
1.0
0.815751
0.815751
0.90337
0.765348
0.765348

0.468011
-0.642601
-0.39131
0.012501
0.0
0.151614
0.029817
0.0
0.396996
0.0
0.0
0.318169
0.0
0.0
0.98718
0.84359
0.84359
1.0
0.858535
0.858535

0.371946
-0.703952
-0.396499
0.0
0.062984
0.0
-0.013765
-0.009463
0.321978
0.0
0.0
0.311136
0.0
0.0
1.0
0.872308
0.872308
0.965861
0.810037
0.810037

0.371946
-0.279294
-0.132105
0.0
0.323899
0.0
0.0
0.0
0.0
0.0
0.0
0.299121
0.0
0.0
1.0
1.0
0.964615
1.0
0.999487
0.858535

0.459951
-0.186602
0.051059
0.0
0.0
0.0
0.00315
0.0
0.147473
0.0
0.0
0.028645
0.0
0.0
1.0
0.501612
0.999487
1.0
0.765348
0.99978

0.412186
-0.193363
0.130052
0.260793
0.115927
0.168773
-0.022311
0.0
0.290916
0.0
0.0
0.318169
0.0
0.0
1.0
1.0
1.0
1.0
0.998901
1.0

-0.258048
-0.279294
-0.357768
0.068419
0.0
0.258091
0.0
0.0
0.33956
0.0
0.0
0.195092
0.0
0.0
0.918022
0.68989
1.0
1.0
1.0
1.0

-0.283083
-0.122983
-0.142062
0.260793
0.0
0.042878
-0.022311
0.0
0.42293
0.0
0.0
0.0
0.0
0.0
0.920659
1.0
0.999487
1.0
0.998901
0.72315

-0.122323
-0.666196
-0.03407
0.0
0.0
0.227981
0.00315
0.0
-0.025983
0.0
0.0
0.318169
0.0
0.0
1.0
1.0
1.0
1.0
1.0
0.765348

-0.164717
0.037293
-0.394002
0.253094
0.0
0.0
0.0
0.0
0.0
0.0
0.0
0.36315
0.0
0.0
0.848864
1.0
1.0
1.0
1.0
1.0

-0.5251
-0.279294
-0.155229
0.0
0.204874
0.008619
0.0
0.001099
0.697509
0.0
0.0
0.319048
0.0
0.0
1.0
1.0
1.0
0.99978
1.0
1.0

0.371946
-0.085369
-0.543741
0.0
0.0
0.0
0.006081
-0.021224
-0.227605
0.0
0.0
0.532088
0.0
0.0
0.743663
1.0
1.0
0.744835
0.645934
1.0

-0.472494
-0.324782
-0.326885
0.0
0.0
0.285786
0.047985
0.0
0.372674
0.0
0.0
0.339267
0.0
0.0
1.0
1.0
1.0
1.0
0.998901
1.0

-0.792856
-0.145893
-0.394002
0.0
0.004871
0.0
0.0
0.0
0.630843
0.0
0.0
0.001685
0.0
0.0
0.647839
1.0
1.0
1.0
1.0
0.998901

-0.160063
-0.24242
-0.11157
0.0
0.0
0.139839
0.0
-0.030381
0.64022
0.0
0.0
0.431575
0.0
0.0
1.0
1.0
0.815751
1.0
0.567253
1.0

-0.792856
-0.186602
-0.001713
0.0
0.0048
0.111838
0.077875
-0.147757
0.0137
0.0
0.0
0.0
0.0
0.0
1.0
1.0
1.0
1.0
1.0
1.0

-0.472494
-0.261098
-0.013577
0.0
0.0
0.142277
0.061172
0.0
-0.025983
0.0
0.0
0.38293
0.0
0.0
1.0
0.999487
0.680659
0.99978
1.0
0.567253

0.159543
-0.201417
-0.018158
0.0
0.0
0.197597
0.0
0.0
0.291502
0.0
0.0
0.001685
0.0
0.0
1.0
1.0
1.0
0.997143
0.999487
0.999194

