open_8
Left

0.070782
-0.146268
-0.142312
0.156539
0.040659
0.349556
0.032454
0.0
0.20359
0.0
0.0
0.645055
0.747473
0.747473
0.229377
0.0
0.0
0.031282
0.0
0.0

0.0032
-0.051703
-0.13421
0.121779
-0.026886
0.382419
0.056484
0.0
0.277436
0.0
0.0
0.742931
0.763297
0.763297
0.287106
0.0
0.0
0.027766
0.0
0.0

-0.119835
-0.143836
-0.143258
0.12508
-0.066235
0.500729
0.038022
0.0
0.222344
0.0
0.0
0.690037
0.80989
0.80989
0.238169
0.0
0.0
0.0
0.0
0.0

0.144111
-0.118342
-0.00628
0.319869
-0.244174
0.424872
0.115971
0.0
0.624689
0.0
0.0
0.656923
0.378535
0.747473
-0.009713
0.0
0.0
-0.054233
0.0
0.0

0.031002
0.049661
0.0
0.206818
0.040659
0.807094
0.172821
0.03011
0.430549
0.0
0.0
0.430403
0.355092
0.998608
0.207106
0.0
0.0
-0.143075
0.0
0.0

0.312514
-0.025106
-0.326854
0.30233
0.033761
0.294887
0.176337
0.0
0.157436
0.0
0.0
0.645055
0.027179
0.378535
0.0
0.0
0.0
0.054432
0.0
0.0

0.49178
0.553747
-0.386388
0.121779
-0.084409
0.652801
0.038022
0.0
0.215311
0.0
0.0
0.694432
0.355092
0.064396
0.557582
0.0
0.0
0.096923
0.0
0.0

0.020083
0.071301
-0.516284
0.163507
-0.255697
0.3462
0.178974
0.0
0.0
0.0
0.0
1.0
0.961978
0.994506
0.567692
0.0
0.005201
0.0
0.0
0.0

0.156915
0.150512
0.0
0.160467
0.023175
0.617205
0.308791
0.001099
0.20359
0.0
0.0
0.750403
0.46293
0.493553
0.515678
0.0
0.0
-0.054233
0.0
0.009011

0.156915
-0.266195
-0.237327
0.291512
-0.252673
0.89148
0.0
0.0
0.207253
0.0
0.0
0.287253
1.0
0.043883
1.0
0.0
0.008718
0.026886
0.0
0.0

0.042744
0.071351
-0.019644
0.250986
0.16619
0.963681
0.013993
0.0
0.430549
0.0
0.002564
0.645055
0.461172
0.027179
0.212381
0.0
0.0
0.0
0.0
0.0

0.144111
0.723511
0.113025
0.114719
-0.087003
0.4228
0.07348
0.0
0.322271
0.0
0.0
0.784689
0.699121
0.025128
0.80022
0.004322
0.0
0.015751
0.0
0.0

0.294105
0.080259
-0.208604
0.0
-0.060528
0.467812
0.013993
0.0
0.202564
0.0
0.019267
0.183663
0.289158
1.0
0.318755
0.002857
0.001392
0.0
0.02044
0.0

0.406015
-0.306508
-0.13421
0.273706
-0.684749
0.591352
0.210916
0.0
0.157436
0.0
0.0
0.742931
0.46381
0.461172
0.276996
0.0
0.0
-0.055773
0.0
0.0

0.040582
-0.492113
-0.192091
-0.090172
-0.206137
0.595339
0.115971
0.021612
0.0
0.016923
0.0
0.656923
0.064396
0.699121
0.195385
0.0
0.0
0.0
0.065568
0.0

0.604732
0.063939
-0.316407
0.177582
0.033761
0.346571
0.0
0.0
0.215311
0.0
0.0
0.598168
0.709084
0.355092
0.0
0.0
0.0
-0.132843
0.0
0.0

0.060193
0.080259
-0.002265
0.36129
0.386811
0.294887
0.202711
0.005201
0.064396
0.0
0.0
0.669377
0.32989
0.064396
0.548498
0.0
0.0
0.026886
0.0
0.009011

0.092104
-0.330954
0.0
0.134153
-0.207312
0.483087
0.123883
0.00022
0.396117
0.0
0.0
1.0
0.768278
0.053553
0.614432
0.005201
0.0
0.028352
0.0
0.0

