q
Left

1.0
-0.801142
0.196367
0.3354
0.412256
1.0
0.225275
0.0
0.173407
0.103077
0.103077
0.562271
0.998608
0.998608
0.685641
1.0
1.0
0.766227
1.0
1.0

1.0
-0.908881
0.041628
0.308788
0.453928
1.0
0.228205
0.0
0.207399
0.059414
0.059414
0.644322
0.998608
0.998608
0.681245
1.0
1.0
0.753626
1.0
1.0

1.0
-0.93405
0.118519
0.251494
0.437162
1.0
0.165055
0.0
0.232894
0.058828
0.058828
0.606813
0.998608
0.998608
0.777949
1.0
1.0
0.72696
1.0
1.0

1.0
0.0
0.316195
0.0
-0.067969
1.0
0.0
0.0
0.37033
0.010183
0.0
0.62967
1.0
0.942344
1.0
0.999194
1.0
0.96022
0.999194
1.0

1.0
-0.690209
0.0
0.0
0.656115
0.734546
0.368865
0.0
0.207399
0.028938
0.0
0.562271
0.998608
0.751868
1.0
1.0
1.0
0.542051
0.997729
1.0

1.0
0.0
0.331019
0.0
0.793596
1.0
0.30044
0.0
0.218535
0.175751
0.020733
0.973113
1.0
0.759487
1.0
1.0
1.0
0.590549
0.940293
1.0

1.0
-0.489174
0.051076
0.0
0.317413
0.920158
0.132821
0.0
0.155238
0.067619
0.0
0.93663
1.0
1.0
1.0
1.0
1.0
0.742198
1.0
1.0

1.0
-0.93405
0.0
0.0
0.321161
0.734546
0.0
0.0
0.124029
0.0
0.010183
0.474359
0.977875
1.0
1.0
1.0
1.0
0.628059
1.0
0.998901

1.0
-0.083457
0.0
-0.204822
0.085824
1.0
0.0
0.0
0.292088
0.0
0.050623
0.765348
1.0
1.0
0.777949
0.999194
1.0
0.299414
1.0
1.0

1.0
-0.464719
0.275393
0.092766
0.606111
1.0
0.106593
0.0
0.59685
0.0
0.011355
0.562271
1.0
1.0
0.91392
1.0
1.0
0.528278
1.0
1.0

1.0
-0.542378
0.0
0.0
0.221585
0.440528
0.441538
0.0
0.571648
0.040073
0.0
0.433919
0.998608
1.0
0.685641
1.0
1.0
0.205641
1.0
1.0

1.0
-1.043307
0.009365
0.470125
0.085824
1.0
0.30674
0.0
0.719341
0.041538
0.0
0.715678
1.0
0.999194
0.772821
1.0
0.999194
0.658681
1.0
1.0

1.0
0.336564
0.041628
0.0
0.360507
1.0
0.134139
0.0
0.14674
0.0
0.061465
0.63348
1.0
1.0
1.0
1.0
1.0
0.855311
1.0
1.0

1.0
-0.236433
0.009365
0.092766
-0.067969
1.0
0.386447
0.0
0.207399
0.043883
0.004615
0.931795
0.751868
1.0
1.0
1.0
0.999194
0.702344
1.0
0.99978

1.0
-0.908881
-0.500938
-0.032198
0.702984
1.0
0.065861
0.0
0.647253
0.103077
0.011355
1.0
1.0
0.998315
1.0
1.0
1.0
0.981538
1.0
1.0

1.0
-0.690209
0.004241
0.0
0.10941
0.730965
0.065861
0.0
0.217656
0.189231
0.058535
0.724176
1.0
1.0
1.0
1.0
0.999487
0.531062
1.0
0.940293

1.0
-0.036259
0.047921
0.206186
0.292884
0.959221
0.042418
0.0
0.091355
0.004615
0.014286
1.0
1.0
1.0
0.780147
1.0
1.0
0.72696
1.0
1.0

1.0
0.137091
0.554657
0.0
0.702984
1.0
0.123004
0.0
1.0
0.090769
0.050623
0.452088
0.998022
0.952967
0.91392
1.0
1.0
0.46967
1.0
1.0

