r
Left

0.393055
-0.504246
0.442416
0.234647
0.440235
1.0
1.0
0.138388
0.146154
0.0
0.0
0.055311
0.029817
0.029817
0.743956
1.0
1.0
0.708059
1.0
1.0

0.371786
-0.347264
0.381446
0.216256
0.427455
1.0
1.0
0.149377
0.171062
0.00696
0.00696
0.012821
0.071136
0.071136
0.66718
1.0
1.0
0.675385
1.0
1.0

0.41115
-0.416795
0.109847
0.205603
0.543394
1.0
1.0
0.199194
0.106007
0.0
0.0
0.006667
0.037729
0.037729
0.674213
1.0
1.0
0.59641
1.0
1.0

0.76794
0.400267
0.300996
0.0
0.479692
1.0
1.0
0.0
0.668059
0.0
0.0
0.106007
0.05619
0.0
0.626447
1.0
1.0
0.199048
1.0
1.0

0.371786
-0.524241
0.343217
0.0
0.174555
1.0
0.317875
0.394359
0.19304
0.012527
0.0
0.189377
0.0
0.0
0.651502
1.0
1.0
0.456777
1.0
1.0

0.708892
0.373177
0.303404
0.0
0.621052
1.0
1.0
0.12652
0.369744
0.018095
0.0
0.0
0.079634
0.00315
0.838169
0.950256
1.0
0.975311
1.0
1.0

0.141245
-0.702123
0.505658
0.15385
0.623854
1.0
0.965495
0.0
0.106007
0.0
0.0
0.065861
0.285788
0.047106
0.528718
1.0
1.0
0.210916
1.0
0.997582

0.501883
-0.360066
0.33335
0.0
0.621052
1.0
1.0
0.148498
0.216923
0.0
0.0
0.795238
0.0
0.061172
0.967253
0.999194
1.0
0.315824
1.0
1.0

0.371786
-0.145895
0.396646
0.0
0.049301
1.0
1.0
0.320513
0.264835
0.0
0.0
0.153744
0.093114
0.041832
1.0
1.0
1.0
0.708059
1.0
1.0

0.172292
-0.944096
0.109847
0.097309
0.561841
1.0
1.0
0.030403
0.668059
0.011648
0.0
0.795238
0.047106
0.0
1.0
1.0
1.0
0.954652
0.997729
1.0

0.749914
-0.144428
0.505658
0.0
0.532514
1.0
0.611355
0.54718
0.158901
0.0
0.0
0.166081
0.0
0.0
1.0
1.0
1.0
0.59304
1.0
0.999487

0.141245
-0.341793
-0.110991
0.0
0.518271
1.0
1.0
0.149963
0.157582
0.0
0.00696
0.019267
0.010183
0.285788
1.0
1.0
1.0
0.603443
0.997729
1.0

0.371786
-0.360066
0.013988
0.216256
0.047144
1.0
1.0
0.0
0.139414
0.0
0.0
0.0
0.0
0.071136
0.835092
1.0
0.999487
0.694286
1.0
0.998901

0.545928
-0.144428
0.109847
-0.039201
0.543394
1.0
0.349817
0.149377
0.833919
0.0
0.0
0.008718
0.0
0.0
0.610916
0.999194
1.0
0.900293
1.0
1.0

0.152271
-0.695836
0.035219
0.172369
0.528582
1.0
0.607692
0.164908
0.581612
0.011648
0.0
0.0
0.05619
0.19304
1.0
1.0
1.0
0.60696
0.695897
1.0

0.501883
-0.360066
-0.00604
0.216256
0.518271
1.0
1.0
0.087546
0.264835
0.0
0.011355
0.0
0.052381
0.292967
1.0
1.0
1.0
0.545861
1.0
1.0

1.0
-0.318716
0.343217
0.0
0.087913
1.0
0.300586
0.449744
0.260733
0.0
0.001978
0.067326
0.0
0.0
0.651502
1.0
1.0
0.471575
0.999194
1.0

0.433582
-0.838385
0.036795
-0.03494
0.290224
1.0
1.0
0.311136
0.204762
0.0
0.0
0.0
0.0
0.0
1.0
1.0
1.0
0.540879
1.0
1.0

