spread_e
Left

0.525941
0.766917
0.085623
-0.162211
-0.381594
1.0
1.0
0.508938
-0.106965
1.0
1.0
-0.242165
0.73663
0.73663
-0.059838
0.526227
0.526227
0.027473
0.29707
0.29707

0.592524
0.687274
-0.046814
-0.149095
-0.372124
1.0
1.0
0.420147
-0.147059
1.0
1.0
-0.207586
0.881685
0.881685
-0.09199
0.447839
0.447839
0.011648
0.284908
0.284908

0.461378
0.512715
0.031326
-0.146429
-0.392384
1.0
1.0
0.212234
0.0
1.0
1.0
-0.191712
0.654872
0.654872
-0.070207
0.585421
0.585421
0.072015
0.330769
0.330769

0.592524
0.678112
0.08588
-0.175227
0.217639
1.0
1.0
1.0
-0.175482
1.0
1.0
-0.032188
1.0
0.998022
-0.09199
1.0
0.754506
0.048571
0.284908
0.679194

0.76241
0.444355
0.91675
0.064452
-0.381594
1.0
1.0
1.0
-0.074099
1.0
1.0
-0.164706
1.0
1.0
-0.105819
1.0
1.0
-0.01307
0.743956
1.0

0.690418
0.677358
0.156956
-0.162211
-0.026431
1.0
1.0
1.0
0.071429
1.0
1.0
0.043297
0.99978
1.0
0.404322
1.0
0.693553
0.073187
0.679194
0.891062

0.816289
1.458917
0.277407
-0.212054
-0.403587
1.0
1.0
1.0
-0.187669
1.0
1.0
-0.029686
0.900147
0.818388
0.066078
1.0
0.750989
0.072015
0.622637
0.372088

0.679976
0.239845
-0.136267
-0.285754
-0.535088
1.0
1.0
0.543077
0.0
1.0
1.0
-0.24393
1.0
0.825421
-0.169854
0.999194
0.54044
0.027473
0.679194
0.340147

0.763103
0.870468
-0.057727
-0.322662
-0.429255
1.0
0.875531
1.0
0.123065
1.0
1.0
-0.243304
0.99978
0.600366
-0.235209
1.0
1.0
0.0
1.0
0.472601

0.963117
0.380911
0.103358
-0.427025
-0.162163
1.0
1.0
1.0
-0.215042
1.0
1.0
0.056484
1.0
0.937949
-0.069611
1.0
1.0
0.011648
0.786447
0.867619

0.429954
0.542492
-0.056923
0.728666
0.18982
1.0
1.0
0.846813
-0.091584
1.0
1.0
-0.271562
1.0
1.0
-0.030889
0.703223
0.630549
0.025128
0.735751
0.891062

0.766271
1.040571
-0.11783
0.090193
-0.238947
1.0
1.0
1.0
-0.024499
1.0
1.0
-0.297866
0.998022
1.0
0.0953
1.0
0.987766
0.029231
1.0
0.282418

0.853684
0.810959
-0.140687
-0.129566
-0.268482
1.0
1.0
1.0
-0.234479
1.0
1.0
-0.242165
1.0
0.8937
-0.235209
1.0
1.0
0.05033
0.743956
0.951282

0.47337
0.748633
0.221188
-0.241787
-0.381594
1.0
1.0
0.362418
-0.187669
1.0
1.0
-0.226882
1.0
0.879341
0.132775
0.447839
1.0
0.358315
0.735751
0.284908

0.307853
0.329975
0.094033
-0.356777
-0.297944
1.0
0.875531
1.0
0.0937
1.0
1.0
-0.293173
1.0
1.0
-0.072125
1.0
1.0
0.051209
0.163736
0.499854

0.461378
0.070587
0.0
-0.146429
-0.383832
1.0
1.0
0.838608
0.0
1.0
0.99978
-0.191712
0.731648
0.99978
-0.055028
0.901612
1.0
0.0
0.330769
0.435971

0.446138
0.602334
0.058968
-0.328088
-0.162114
1.0
1.0
0.684176
0.0
0.99978
1.0
-0.200915
1.0
0.759487
-0.066876
0.628498
1.0
0.006081
0.629084
0.891062

0.76241
0.287714
0.248072
-0.25789
-0.685899
1.0
1.0
1.0
-0.028092
1.0
1.0
-0.202786
0.998315
0.879341
-0.062724
1.0
0.864689
0.017216
0.451795
1.0

