stacked_5
Left

0.348444
0.17581
-0.032074
-0.103983
0.082977
0.921612
0.055311
0.0
-0.007026
0.0
0.0
0.316703
0.0
0.0
0.151136
0.006081
0.006081
0.799634
0.005788
0.005788

0.306097
0.178144
-0.088226
-0.145261
0.045011
0.934375
0.013993
0.0
-0.062089
0.0
0.0
0.273626
0.0
0.0
0.120513
0.004322
0.004322
0.751868
0.003443
0.003443

0.314038
0.151846
-0.105116
-0.071305
0.162031
0.952292
0.007253
0.0
-0.044691
0.0
0.0
0.331941
0.0
0.0
0.093114
0.013407
0.013407
0.735751
0.001392
0.001392

0.68037
0.384561
0.120669
0.128178
-0.557725
0.940548
0.167253
0.077875
-0.007026
0.0
0.0
0.678608
0.364176
0.0
0.322418
0.0
0.0
0.768865
0.147033
0.235531

0.296638
-0.073915
0.18008
0.190172
0.709069
0.903758
0.0
0.0
0.165495
0.0
0.0
0.155246
0.0
0.0
0.173114
0.002271
0.006081
1.0
0.040659
0.147033

0.171064
0.514125
0.057988
-0.01384
0.266441
0.613206
0.311136
0.0
-0.07258
0.0
0.0
0.678315
0.0
0.0
0.120513
0.035092
0.011941
0.735751
0.388498
0.139853

0.817363
0.057104
-0.027871
-0.276659
0.0
1.0
0.167253
0.001685
0.0
0.0
0.0
0.636264
0.0
0.0
0.322857
0.091355
0.0
1.0
0.016923
0.139853

-0.17776
0.668981
0.204782
-0.09133
0.109567
1.0
0.251062
0.0
-0.006041
0.0
0.0
0.155246
0.0
0.0
0.253407
0.0
0.013407
0.799634
0.145568
0.999414

0.380632
0.561276
0.450321
0.0
-0.287083
0.117051
0.075238
0.0
0.0
0.0
0.0
0.521245
0.0
0.0
0.173114
0.006081
0.0
0.997436
0.0
0.0

0.421303
0.292388
0.041903
-0.071305
0.052645
0.385698
0.0
0.0
-0.033297
0.0
0.0
1.0
0.0
0.0
0.428059
0.034505
0.035092
1.0
0.297656
0.071429

0.530416
0.54503
-0.131447
-0.192684
0.737495
0.555585
0.205641
0.0
-0.068122
0.0
0.0
0.155246
0.0
0.0
0.795824
0.040952
0.03011
0.630843
0.03685
0.092527

0.422196
0.264643
0.082226
-0.249885
0.141127
1.0
0.0
0.0
0.007503
0.0
0.0
0.285055
0.0
0.0
0.133846
0.014286
0.014286
0.751868
0.143517
0.08022

0.380632
0.296363
-0.040796
0.157064
0.0
0.555585
0.039194
0.24022
0.151427
0.0
0.0
0.112894
0.364176
0.0
0.151136
0.016044
0.128864
0.717289
0.297656
0.388498

0.510178
0.178144
0.082226
0.330377
0.0
0.903246
0.0
0.0
0.075824
0.0
0.0
0.694725
0.0
0.0
0.937656
0.034505
0.001099
0.904102
0.112161
0.145568

0.023547
0.285136
0.057988
0.328552
0.0
0.145828
0.084615
0.0
-0.352645
0.0
0.0
0.35641
0.0
0.0
0.322857
0.227766
0.0
1.0
0.095751
0.545861

0.566441
0.668981
0.311032
0.183622
0.0
0.940548
0.044469
0.098681
-0.082117
0.0
0.0
0.106365
0.0
0.0
1.0
0.0
0.044469
0.751868
0.129157
0.322711

-0.17776
0.359695
0.195627
-0.051311
0.364702
0.974487
0.205641
0.0
-0.186423
0.0
0.0
0.393187
0.0
0.0
0.322271
0.0
0.064982
1.0
0.126374
0.016923

0.678282
0.735554
0.082226
-0.192684
-0.008656
0.679235
0.159927
0.24022
0.041832
0.0
0.0
0.291795
0.0
0.0
0.515824
0.024542
0.011648
1.0
0.24022
0.071722

