v
Left

0.579175
0.53696
-0.342641
-0.090859
0.269288
1.0
0.710843
0.043004
-0.080972
0.0
0.0
0.053846
0.0
0.0
0.436996
1.0
1.0
0.470549
1.0
1.0

0.61534
0.28458
-0.318939
-0.083921
0.163167
1.0
0.768865
0.047399
0.023077
0.0
0.0
0.175165
0.0
0.0
0.675385
1.0
1.0
0.562271
1.0
1.0

0.58719
0.527206
-0.199672
-0.11758
0.106203
1.0
0.846227
0.00696
-0.024573
0.0
0.0
0.039487
0.0
0.0
0.635824
1.0
1.0
0.45956
1.0
1.0

0.58719
0.2407
-0.209244
0.0
0.078111
1.0
0.3
0.224835
0.030696
0.0
0.0
0.08989
0.0
0.0
0.301172
1.0
1.0
0.840366
0.997729
1.0

0.858578
0.246759
-0.235005
-0.047198
0.709227
1.0
1.0
0.0
-0.006152
0.0
0.0
0.0
0.0
0.0
1.0
0.999487
1.0
1.0
1.0
1.0

0.244095
0.571901
-0.24793
0.099954
0.694146
1.0
0.298974
0.0
-0.009481
0.0
0.0
0.114652
0.0
0.0
0.540293
1.0
1.0
0.685641
0.998901
1.0

0.474443
0.432819
-0.062785
0.0
0.339454
1.0
0.799048
0.274506
-0.097959
0.0
0.0
0.175751
0.0
0.0
0.423956
0.999487
1.0
1.0
0.944689
0.997729

0.556803
0.23547
0.058183
-0.11758
0.354851
1.0
0.375604
0.001978
-0.024573
0.0
0.0
0.1063
0.0
0.0
0.731355
1.0
1.0
0.29326
1.0
1.0

0.585361
0.536388
-0.071943
0.0
0.220867
1.0
0.435092
0.125055
0.012821
0.0
0.0
0.0
0.0
0.0
1.0
1.0
1.0
0.562271
0.860879
0.944689

0.579175
0.449721
-0.399116
0.115933
0.078111
1.0
0.557729
0.023077
0.015165
0.0
0.0
0.0
0.0
0.0
0.599487
1.0
1.0
0.664542
1.0
1.0

0.739211
0.017914
-0.225052
0.0
0.163167
1.0
0.377656
0.0
-0.116333
0.0
0.0
0.034799
0.0
0.0
1.0
0.883736
1.0
0.138535
1.0
0.998901

0.51031
0.518956
0.044213
-0.083921
0.035284
1.0
1.0
0.058535
0.085495
0.0
0.0
0.02337
0.0
0.0
0.899267
1.0
1.0
0.558022
1.0
1.0

0.74403
0.510253
-0.192593
0.21997
0.185171
1.0
0.710843
0.120366
0.0
0.0
0.0
0.128864
0.0
0.0
1.0
1.0
1.0
0.606813
0.999487
0.997729

0.88826
0.017914
-0.318939
0.0
0.277515
1.0
0.377656
0.001392
-0.146426
0.0
0.0
0.054432
0.0
0.0
0.508059
1.0
1.0
0.72652
0.998901
0.998901

0.579175
0.544124
0.203178
0.236318
0.339454
1.0
1.0
0.288571
-0.013556
0.0
0.0
0.0
0.0
0.0
0.835385
1.0
1.0
0.138535
0.997729
0.99978

0.80901
0.271201
-0.160168
0.236318
0.106203
1.0
0.298974
0.024835
-0.098649
0.0
0.0
0.0
0.0
0.0
1.0
1.0
1.0
0.685641
1.0
1.0

0.858578
0.2407
-0.342641
0.0
0.035284
1.0
0.3
0.125055
0.012821
0.0
0.0
0.316996
0.0
0.0
1.0
0.883736
1.0
0.615604
1.0
0.998901

0.445415
0.559462
-0.236173
0.0
0.694146
1.0
0.375604
0.434359
0.0
0.0
0.0
0.049158
0.0
0.0
0.825128
1.0
1.0
0.724908
1.0
0.898388

