w
Left

0.759441
0.313791
-0.173029
-0.191234
0.220801
1.0
0.358315
0.085201
-0.041547
0.005495
0.005495
0.064982
0.0
0.0
0.093407
0.0
0.0
0.23348
0.366227
0.366227

0.657568
0.395924
-0.207161
-0.28324
0.092401
1.0
0.318022
0.14674
-0.014364
0.007253
0.007253
0.154177
0.0
0.0
0.154359
0.0
0.0
0.353333
0.895751
0.895751

0.57201
0.341437
0.026732
-0.122534
0.377647
1.0
0.379121
0.169597
0.0
0.00696
0.00696
0.061758
0.0
0.0
0.14
0.0
0.0
0.162857
0.954359
0.954359

0.715538
0.059202
0.142389
-0.135026
0.157636
1.0
0.358315
0.08022
-0.037247
0.014872
0.02337
0.013407
0.0
0.0
0.028059
0.0
0.0
0.251355
0.658388
0.976337

0.440123
0.555946
-0.064613
0.011745
0.63194
1.0
0.655165
0.355238
0.0
0.027473
0.0
0.003443
0.0
0.0
0.222344
0.0
0.0
0.115385
0.576337
0.259267

0.276074
0.440288
0.268065
0.203664
0.418079
1.0
0.971062
0.422344
-0.006626
0.0
0.0
0.120513
0.0
0.0
-0.024817
0.021612
0.0
0.203004
0.652527
0.950549

0.455858
0.313791
0.355589
0.287668
0.176377
1.0
0.530037
0.552747
0.0
0.0
0.017509
0.152308
0.0
0.0
0.084908
0.0
0.0
0.378681
1.0
0.705568

0.737897
0.237497
0.122644
0.100398
0.716317
1.0
0.831868
0.125348
0.0
0.005495
0.0
-0.051331
0.0
0.0
0.093407
0.0
0.0
0.049451
0.389084
0.577656

0.54081
0.736737
-0.011818
0.081509
-0.002126
1.0
1.0
0.195971
0.0
0.0
0.0
-0.050352
0.0
0.0
0.203004
0.0
0.0
0.692821
1.0
0.644615

0.005089
0.282867
0.038539
0.016302
0.354711
1.0
1.0
0.276264
0.0
0.010183
0.0
0.018974
0.0
0.0
0.352747
0.0
0.0
0.182784
0.976337
0.90044

0.774371
0.197897
-0.173029
-0.013753
0.499656
1.0
0.728132
0.462491
0.0
0.011648
0.0
0.054725
0.0
0.0
0.376191
0.0
0.0
0.619561
1.0
0.814286

0.759441
0.271141
0.218948
-0.095028
0.220801
1.0
0.996044
0.587473
-0.102505
0.0
0.0
-0.070533
0.0
0.0
0.0
0.0
0.0
0.229963
0.705568
0.38967

0.848683
0.469212
0.039869
-0.264871
0.528689
1.0
0.537949
0.025421
0.0
0.0
0.014286
-0.027133
0.0
0.0
0.222344
0.0
0.0
0.546593
0.214725
0.724908

0.733702
0.323553
-0.15427
-0.015482
0.220801
1.0
0.758755
0.552747
0.0
0.027473
0.0
0.0
0.0
0.0
0.219121
0.0
0.0
0.23641
1.0
1.0

0.657568
0.32663
0.202596
-0.015001
0.271202
1.0
1.0
0.053846
0.0
0.001685
0.0
-0.070487
0.0
0.0
0.05033
0.0
0.0
0.23348
0.99978
1.0

0.908248
0.393762
0.183715
-0.020325
0.193695
1.0
1.0
0.135897
0.0
0.0
0.0
0.0
0.0
0.0
0.0
0.0
0.0
0.128425
0.892528
0.576337

0.723628
0.395924
0.104539
0.291758
0.499656
1.0
0.728132
0.0
0.0
0.027473
0.027473
0.0
0.0
0.0
0.001685
0.0
0.0
0.949157
0.70674
0.975165

0.097153
0.163775
0.152486
-0.264871
0.239231
1.0
0.637875
0.199634
-0.044349
0.00315
0.0
0.016044
0.0
0.0
0.0
0.0
0.0
0.54
0.661319
0.976337

