x
Left

1.0
-0.903333
-0.025315
0.022758
0.287421
1.0
1.0
0.302637
0.17788
1.0
1.0
0.738681
0.954652
0.954652
0.519487
0.46674
0.46674
0.671722
0.840366
0.840366

1.0
-0.988816
-0.031787
-0.140375
0.200814
1.0
1.0
0.157582
0.258828
1.0
1.0
0.871136
0.985568
0.985568
0.445348
0.495458
0.495458
0.583077
0.916557
0.916557

-0.575402
-1.200268
-0.460549
-0.189375
-0.040539
1.0
1.0
0.081685
0.143648
1.0
1.0
0.676996
0.998608
0.998608
0.562125
0.541172
0.541172
0.47011
0.581905
0.581905

0.762748
-0.976585
0.0
0.147861
0.0
1.0
1.0
0.852088
0.669231
0.635238
0.674945
1.0
0.577509
1.0
0.661612
0.999487
1.0
0.761978
1.0
1.0

-0.575402
0.007423
0.0
-0.339902
-0.107204
1.0
1.0
1.0
0.51011
1.0
1.0
1.0
0.960806
0.976044
1.0
1.0
1.0
0.372967
1.0
1.0

0.387203
0.0
0.0
0.421634
0.0
1.0
1.0
0.562271
0.24696
0.831282
1.0
1.0
0.862051
0.981612
0.685641
0.945568
0.945568
0.657216
1.0
1.0

1.0
0.146512
0.0
0.0
-0.133987
1.0
1.0
0.170476
0.479634
1.0
0.412528
0.890916
0.928571
0.970183
0.826886
1.0
1.0
1.0
0.789377
0.851795

0.590537
-0.373732
0.0
0.0
0.0
1.0
1.0
0.565495
0.499853
1.0
0.237289
0.908059
1.0
0.978974
0.512747
0.495458
0.999487
0.420147
1.0
1.0

1.0
-0.402609
0.0
0.011053
0.341746
1.0
1.0
1.0
0.261026
1.0
1.0
1.0
1.0
1.0
1.0
1.0
1.0
0.817509
1.0
1.0

0.14126
0.083444
0.0
0.308585
0.0
1.0
1.0
0.0
0.121604
1.0
1.0
0.666007
1.0
0.998608
0.616777
0.999487
0.495458
0.88315
1.0
1.0

0.702163
-0.327787
-0.164993
0.221383
-0.05223
1.0
1.0
0.738095
0.24315
0.674945
1.0
1.0
0.869377
1.0
0.492381
1.0
0.945568
0.419267
0.99978
1.0

0.453998
-0.160693
-0.025315
0.0
-0.106248
1.0
1.0
0.0
0.385275
1.0
0.648425
1.0
0.838901
1.0
0.919048
0.625275
0.541172
0.770623
0.99978
0.999194

0.387203
-0.05601
0.0
0.011053
0.376383
1.0
1.0
0.165788
0.360366
0.674945
1.0
0.71641
0.970183
1.0
0.519487
0.729304
0.586447
0.222491
1.0
0.997729

1.0
0.007423
0.0
-0.43985
0.099041
1.0
1.0
0.863223
0.24315
0.951722
0.963443
1.0
1.0
0.695898
0.83304
1.0
0.999487
0.714945
1.0
0.951722

0.824569
-0.138848
0.0
-0.527221
0.165025
1.0
1.0
0.0
0.313187
0.412528
1.0
0.9737
0.99978
0.88315
0.495165
1.0
1.0
1.0
1.0
0.99978

0.184438
0.097184
0.0
-0.000761
0.124432
1.0
1.0
1.0
0.113383
0.850037
1.0
1.0
0.998315
0.99978
1.0
0.581612
1.0
0.710256
1.0
1.0

0.536149
0.108572
-0.034766
0.0
-0.218686
1.0
1.0
1.0
0.499853
0.948718
0.992527
1.0
1.0
0.998608
1.0
0.46674
1.0
0.420147
1.0
1.0

1.0
-0.553706
-0.232447
0.0
-0.12148
1.0
1.0
0.0
0.383517
0.735165
1.0
1.0
1.0
0.998315
1.0
1.0
1.0
0.287692
0.99978
1.0

