1
Left

0.621172
0.361369
0.0
0.0
0.260063
1.0
0.221465
0.512747
0.027322
0.0
0.0
1.0
0.99978
0.99978
1.0
1.0
1.0
0.299707
1.0
1.0

0.943993
0.127036
0.0
0.03855
0.440663
1.0
0.816337
1.0
0.17245
0.0
0.0
1.0
0.99978
0.99978
0.853553
1.0
1.0
0.382051
1.0
1.0

0.787443
0.208246
0.0
0.000183
0.356103
1.0
0.500733
0.799341
-0.006332
0.0
0.0
1.0
0.99978
0.99978
0.961392
1.0
1.0
0.605641
1.0
1.0

0.638736
0.272174
0.0
0.065798
0.413351
1.0
0.698828
0.385275
0.675971
0.0
0.0
1.0
1.0
1.0
0.825568
0.999487
1.0
1.0
1.0
1.0

1.0
-0.124442
0.049532
0.0
0.0
1.0
1.0
1.0
0.208431
0.0
0.0
1.0
1.0
0.99978
1.0
0.999194
1.0
0.496337
1.0
1.0

0.596088
0.114575
0.0
0.0
0.151717
1.0
0.764908
0.799341
0.200366
0.0
0.0
1.0
1.0
0.998608
1.0
1.0
1.0
0.72315
1.0
0.999487

0.596088
-0.087688
0.0
0.067714
0.062691
1.0
0.921245
0.387766
0.11978
0.0
0.0
1.0
0.51685
0.998022
1.0
1.0
1.0
0.895751
1.0
1.0

0.72024
0.862466
0.0
0.0
0.305705
1.0
0.291795
0.0
0.0
0.0
0.0
1.0
1.0
0.998315
1.0
0.878462
1.0
0.967692
1.0
1.0

0.690655
-0.067457
0.0
0.0
0.31648
1.0
1.0
1.0
0.0
0.0
0.0
1.0
1.0
0.998022
1.0
1.0
1.0
0.986447
1.0
1.0

0.473106
0.074034
0.0
0.0
0.0
1.0
0.816337
0.997985
0.552747
0.0
0.0
1.0
1.0
1.0
1.0
0.878462
1.0
0.82
1.0
1.0

0.93628
0.382395
0.0
0.167036
0.0
1.0
0.764908
0.646374
0.012821
0.0
0.0
1.0
1.0
1.0
1.0
1.0
1.0
0.692088
1.0
1.0

0.769505
0.379605
0.0
0.0
0.254041
1.0
1.0
0.318169
0.2059
0.0
0.0
1.0
1.0
1.0
1.0
1.0
1.0
0.890476
0.998315
0.998901

0.84442
-0.016665
0.0
0.0
0.189781
1.0
0.500733
1.0
0.178388
0.0
0.0
1.0
0.998022
1.0
1.0
0.947619
1.0
0.678169
1.0
0.998901

0.596088
0.482891
0.0
0.067714
0.181709
1.0
1.0
1.0
0.0
0.0
0.0
1.0
1.0
1.0
0.810183
1.0
1.0
0.549377
1.0
1.0

0.440091
-0.112839
0.0
0.0
0.127026
1.0
0.921245
0.0
0.328425
0.0
0.0
0.628205
0.51685
1.0
1.0
1.0
0.999194
0.955385
0.99978
0.999487

0.448027
-0.126481
0.0
0.0
0.244343
1.0
1.0
0.224982
0.492821
0.0
0.0
1.0
0.998608
1.0
1.0
1.0
1.0
0.770476
1.0
0.999194

0.878665
-0.060593
0.0
0.0
-0.232723
1.0
0.695018
0.758608
0.452967
0.0
0.0
0.802271
0.998022
0.907619
1.0
1.0
1.0
0.969377
0.997729
1.0

0.706955
-0.112839
0.0
0.0
0.0
1.0
0.896044
0.318169
0.064982
0.0
0.0
1.0
0.99978
1.0
1.0
1.0
0.999487
0.890476
1.0
0.999487

