3
Left

-0.62725
0.223413
-0.292879
0.184115
0.436129
0.0
-0.069389
-0.047705
-0.102506
0.0
0.0
0.010769
0.0
0.0
0.759487
1.0
1.0
0.662784
1.0
1.0

-0.725646
0.447107
-0.141164
0.115548
0.461001
0.032901
0.0
0.0
0.057656
0.0
0.0
0.0
0.0
0.0
0.850916
1.0
1.0
0.702051
1.0
1.0

-0.727764
0.305508
-0.161781
0.238471
0.420429
0.041782
0.0
0.0
-0.087153
0.0
0.0
0.0
0.0
0.0
0.556117
1.0
1.0
0.690916
1.0
1.0

0.517068
0.211113
-0.318811
0.089803
0.244471
0.0
-0.165134
-0.087595
0.013889
0.0
0.0
0.164029
0.0
0.0
1.0
1.0
1.0
0.62967
1.0
1.0

-0.62725
0.768606
-0.004423
0.0
0.461001
0.0
-0.10427
0.0
0.008809
0.0
0.0
0.473773
0.0
0.0
0.958461
1.0
1.0
1.0
1.0
0.999487

-0.725646
0.526457
-0.474652
0.104708
0.0
0.0
-0.109044
-0.12005
0.009304
0.0
0.0
0.046813
0.0
0.0
1.0
1.0
1.0
0.751868
1.0
0.744835

-0.725646
0.829896
-0.333851
0.042477
0.0
0.0
0.049744
-0.003246
0.100082
0.0
0.0
0.052967
0.0
0.0
0.920659
1.0
1.0
0.920366
0.694725
0.999487

0.551931
0.214891
-0.434987
0.035597
0.164284
0.168167
-0.174618
0.0
-0.087153
0.0
0.0
0.010769
0.0
0.0
1.0
0.890037
0.890037
0.530037
1.0
1.0

0.187654
0.447107
-0.292879
0.0
0.213653
0.0
-0.071505
-0.018305
0.092821
0.008425
0.0
0.0
0.0
0.0
1.0
1.0
1.0
0.93033
0.720073
1.0

0.187654
0.829896
-0.004423
0.0
0.222806
0.0
0.081099
-0.068774
-0.012416
0.0
0.0
0.370916
0.0
0.0
1.0
0.738095
1.0
1.0
1.0
1.0

0.996864
0.307337
-0.033007
0.0
0.158358
0.039991
-0.311927
0.0
-0.087153
0.0
0.0
0.388498
0.0
0.0
0.824249
1.0
0.883736
0.751868
0.53033
0.997729

0.295314
-0.411056
-0.175881
-0.069159
0.436129
0.0
-0.018461
-0.018305
0.25663
0.0
0.0
0.08989
0.0
0.0
0.62967
1.0
1.0
0.875824
0.634066
0.999487

-0.037319
0.414282
-0.474652
0.0
0.10725
0.0
-0.254909
-0.115454
0.075531
0.0
0.0
0.08989
0.0
0.0
1.0
1.0
0.593919
0.995604
0.898388
1.0

0.800855
0.443475
-0.581508
0.0
0.0
0.0
-0.029384
-0.066272
0.091941
0.0
0.0
0.275238
0.0
0.0
0.75304
1.0
0.827179
0.875824
0.805788
1.0

0.538102
-0.075707
-0.701772
0.002844
0.124646
0.39245
-0.114815
-0.029677
0.034799
0.0
0.0
0.338388
0.0
0.0
1.0
1.0
0.890037
0.882711
0.619707
0.999194

0.187654
0.447107
-0.46114
0.0
0.222806
0.0
0.0
-0.117386
0.079927
0.0
0.0
0.052381
0.0
0.0
0.716703
1.0
1.0
1.0
0.999487
0.998901

-0.62725
0.921852
0.057752
0.0
0.094746
0.0
0.014345
-0.12005
0.049744
0.0
0.0
0.228352
0.0
0.0
0.930037
1.0
1.0
0.965495
0.697656
1.0

0.573363
0.230256
0.0
0.0
0.10725
0.0
0.016337
0.0
0.013889
0.0
0.0
0.171648
0.0
0.0
1.0
1.0
1.0
1.0
1.0
0.827179

