4
Left

0.83989
0.726962
0.263361
-0.065494
-0.168893
1.0
1.0
0.314359
0.040659
0.0
0.0
0.048527
0.0
0.0
0.031575
0.0
0.0
0.002271
0.0
0.0

0.995942
0.301886
0.195006
-0.250373
-0.157392
1.0
1.0
0.258095
0.022784
0.0
0.0
0.039568
0.0
0.0
0.00315
0.0
0.0
0.0
0.0
0.0

0.993769
0.721405
0.143798
-0.118103
0.005852
1.0
1.0
0.293846
0.035678
0.0
0.0
0.02337
0.0
0.0
0.000806
0.0
0.0
0.0
0.0
0.0

0.485452
0.301886
0.094862
0.346849
-0.319559
1.0
1.0
0.13663
0.0
0.0
0.0
-0.068132
0.0
0.0
-0.163153
0.0
0.0
-0.068758
0.0
0.0

0.83989
0.668539
0.097722
-0.15526
-0.387214
1.0
1.0
0.53707
0.0
0.0
0.0
-0.101675
0.0
0.0
-0.041165
0.0
0.0
0.0
0.0
0.0

0.089534
0.628264
-0.076715
-0.030663
-0.168893
1.0
1.0
0.02337
0.00989
0.0
0.0
0.0
0.0
0.0
0.0
0.0
0.0
0.0
0.0
0.0

0.28743
0.569384
-0.153443
-0.117288
-0.849977
1.0
1.0
0.146154
0.0
0.0
0.0
0.0
0.0
0.0
-0.066631
0.0
0.0
-0.019701
0.0
0.0

0.317647
1.068
0.101466
-0.324885
-0.147673
1.0
1.0
0.0
0.11685
0.0
0.0
-0.000247
0.0
0.0
0.0
0.0
0.0
0.0
0.0
0.0

-0.271478
0.423788
-0.131435
-0.065494
-0.307324
1.0
1.0
0.285348
0.054725
0.0
0.0
0.0
0.0
0.0
0.0
0.0
0.0
0.0
0.0
0.0

0.363913
0.337239
0.343849
-0.111479
-0.429383
1.0
1.0
0.0
0.0
0.0
0.0
0.0
0.0
0.0
0.0
0.0
0.0
0.0
0.0
0.0

0.145642
0.613165
0.135889
-0.335399
-0.3092
1.0
1.0
0.006081
0.0
0.0
0.0
-0.073374
0.0
0.0
0.0
0.0
0.0
0.0
0.0
0.0

-0.275735
1.275852
0.257215
-0.253091
-0.370116
1.0
1.0
0.53707
0.0
0.0
0.0
-0.000247
0.0
0.0
-0.120381
0.0
0.0
0.0
0.0
0.0

0.332976
0.726962
0.093259
-0.298739
-0.3092
1.0
1.0
0.032747
-0.039142
0.0
0.0
0.0
0.0
0.0
-0.056766
0.0
0.0
0.0
0.0
0.0

-0.100717
0.575232
0.124564
0.160148
-0.593465
1.0
1.0
0.293846
0.005236
0.0
0.0
0.42718
0.0
0.0
-0.057468
0.0
0.0
-0.01863
0.0
0.0

0.454081
0.075526
0.070111
-0.190365
-0.18542
1.0
1.0
0.0
-0.124906
0.0
0.0
0.0
0.0
0.0
0.085026
0.0
0.0
-0.044468
0.0
0.0

0.485452
0.668539
0.349868
-0.172901
-0.374139
1.0
1.0
0.456923
0.0
0.0
0.0
0.0
0.0
0.0
-0.037
0.0
0.0
0.0
0.0
0.0

0.117031
0.477834
0.068143
-0.207906
-0.26153
1.0
1.0
0.072015
0.0
0.0
0.0
-0.016634
0.0
0.0
0.0
0.0
0.0
-0.220435
0.0
0.0

-0.316504
0.410796
-0.131435
-0.168865
-0.155458
1.0
1.0
0.076117
0.0
0.0
0.0
0.0
0.0
0.0
0.0
0.0
0.0
-0.040008
0.0
0.0

