8
Left

0.209814
0.39407
0.29232
0.007492
-0.665307
1.0
0.178681
0.030989
0.042418
0.0
0.0
0.533553
0.809597
0.809597
0.148645
0.0
0.0
-0.076436
0.014286
0.014286

0.263359
0.250297
0.358162
0.356977
-0.328847
1.0
0.111282
0.077875
0.06
0.0
0.0
0.476703
0.665421
0.665421
0.086374
0.0
0.0
0.0
0.0
0.0

0.246033
0.382121
0.556835
0.307234
-0.747283
1.0
0.157582
0.072308
0.030002
0.0
0.0
0.385128
0.656923
0.656923
0.060586
0.004615
0.004615
-0.164017
0.01663
0.01663

0.848384
0.050649
0.042496
-0.163367
-0.279839
1.0
0.139121
0.065861
0.041245
0.013114
0.0
0.400806
0.521392
0.998315
0.060586
0.0
0.0
-0.067551
0.014872
0.0

0.246033
-0.149395
-0.28985
0.1491
-0.206927
1.0
0.188791
0.0
0.010769
0.047106
0.065568
0.278022
0.712747
0.235824
0.171941
0.0
0.022491
-0.073329
0.0
0.0

0.059098
-0.003969
0.077438
0.275456
-0.816025
1.0
0.710256
0.0
0.163736
0.0
0.001978
0.134432
0.716703
0.712747
0.144396
0.0
0.019267
0.042711
0.0
0.0

0.712226
0.580754
0.358162
0.125721
-0.237928
1.0
0.327985
0.085495
0.061758
0.0
0.0
0.704103
0.961685
0.985421
0.17282
0.0
0.004908
0.0
0.0
0.0

0.88583
-0.13201
0.146871
0.140691
-0.748377
1.0
1.0
0.064982
0.0
0.0
0.0
0.400806
0.28359
1.0
0.0
0.014579
0.0
-0.027317
0.0
0.0

0.794648
-0.149395
-0.02834
0.060111
-0.816025
1.0
0.721099
0.001392
0.161538
0.0
0.0
0.766813
0.936777
0.712894
0.05619
0.0
0.014872
-0.020875
0.0
0.0

0.751104
-0.182223
0.0
0.060111
-0.165676
0.933469
0.713187
0.0
0.041832
0.0
0.0
0.265568
0.254872
1.0
0.299414
0.0
0.0
0.093993
0.0
0.0

0.303062
-0.2156
0.234487
-0.040469
-0.603753
1.0
0.63978
0.069963
0.001099
0.0
0.0
0.502198
0.954359
0.410769
0.090183
0.005788
0.0
0.0
0.0
0.0

0.070244
0.018452
-0.345439
0.657313
-0.196802
1.0
0.667473
0.001392
0.001099
0.0
0.0
0.675971
1.0
1.0
0.171941
0.0
0.0
-0.068289
0.014872
0.0

0.620058
0.02766
-0.098278
-0.28186
-0.32973
1.0
1.0
0.0
0.028059
0.0
0.0
0.77033
0.796557
0.961685
0.001685
0.0
0.0
-0.067551
0.0
0.0

0.93771
-0.029575
-0.162735
0.516487
-0.632169
1.0
0.63978
0.693846
0.041832
0.0
0.0
0.254432
1.0
0.21033
0.17282
0.029524
0.0
-0.10584
0.0
0.0

0.794648
-0.341198
0.193302
0.275456
-0.279839
1.0
0.157582
0.200513
0.059922
0.0
0.0
0.509817
0.521392
0.998315
0.153187
0.0
0.0
0.0
0.0
0.0

0.534579
-0.13201
0.326037
0.442203
-0.227428
1.0
0.110696
0.001392
0.0
0.0
0.0
0.141172
0.998315
0.410769
0.5737
0.0
0.0
-0.034063
0.0
0.014872

0.842335
0.382121
-0.074702
0.1491
-0.339295
1.0
0.327985
0.228791
0.0
0.0
0.0
0.502198
0.43685
0.750696
0.493993
0.0
0.0
0.0
0.0
0.0

0.88583
0.545196
0.227895
0.309977
-0.182742
1.0
0.502491
0.0
0.041832
0.0
0.047106
0.176337
0.961685
0.235824
0.317729
0.0
0.0
-0.047329
0.0
0.0

