bent_1
Left

0.926285
0.143126
0.0
0.0
0.769012
1.0
0.774139
1.0
0.011953
1.0
1.0
1.0
0.99978
0.99978
1.0
1.0
1.0
0.512454
1.0
1.0

0.711064
-0.016975
0.0
0.165298
0.853595
1.0
0.38293
0.694725
0.004674
0.932674
0.932674
1.0
0.99978
0.99978
0.784396
1.0
1.0
0.398755
1.0
1.0

0.804513
-0.131031
0.0
0.06933
0.755057
1.0
0.534432
1.0
0.262784
0.973113
0.973113
1.0
0.99978
0.99978
0.867326
1.0
1.0
0.534725
1.0
1.0

0.889434
-0.016975
0.0
0.0
0.449885
1.0
0.724322
0.658974
0.141162
1.0
0.973113
1.0
1.0
1.0
1.0
1.0
1.0
0.987289
1.0
0.998901

0.230134
0.572166
0.0
0.0
0.039529
1.0
0.492967
0.94381
0.208774
0.815751
1.0
0.901612
1.0
1.0
0.875092
1.0
1.0
1.0
1.0
0.998901

0.604088
0.260976
0.0
0.0
0.755057
1.0
0.52359
0.312161
0.284176
0.932674
1.0
1.0
1.0
1.0
0.832161
1.0
1.0
0.819267
1.0
1.0

0.630758
-0.18111
0.0
0.0
0.769012
1.0
1.0
0.713773
0.082047
1.0
1.0
1.0
1.0
1.0
1.0
1.0
1.0
0.512454
1.0
0.99978

0.623358
0.149506
-0.226052
0.0
0.272942
1.0
0.96022
0.024542
0.175947
1.0
0.99978
1.0
1.0
1.0
1.0
1.0
1.0
0.979487
1.0
0.787033

0.910739
0.165442
-0.025548
0.061086
0.10557
1.0
0.438022
0.690916
0.062058
1.0
1.0
1.0
1.0
0.99978
1.0
1.0
1.0
0.519194
1.0
1.0

0.804513
0.282929
0.0
0.0
0.121135
1.0
1.0
0.411795
0.150549
0.748351
0.653407
1.0
0.99978
1.0
1.0
1.0
1.0
0.934139
0.99978
0.997729

0.26935
-0.285497
-0.119591
0.0
0.054577
1.0
1.0
0.0
0.262784
1.0
1.0
1.0
0.998608
1.0
0.784396
1.0
1.0
0.728718
1.0
1.0

0.695491
-0.480931
0.0
0.0
0.003293
0.992272
0.725201
0.312161
0.017509
1.0
0.899854
0.870549
1.0
1.0
1.0
1.0
1.0
0.595385
1.0
1.0

0.753626
0.034092
-0.119591
0.0
0.002221
1.0
0.183077
0.444762
0.175947
0.424835
0.41663
1.0
1.0
0.998608
1.0
1.0
1.0
0.721392
1.0
1.0

0.702305
0.143126
0.231819
0.0
-0.261304
1.0
0.070256
0.690916
0.251062
1.0
0.714945
0.759487
1.0
1.0
1.0
1.0
0.999487
0.909524
0.997729
1.0

0.638978
-0.065826
-0.015494
-0.094053
-0.209546
1.0
0.438022
1.0
0.325495
1.0
1.0
1.0
1.0
1.0
0.918315
1.0
1.0
0.998022
1.0
1.0

0.860988
0.235138
0.0
0.35926
0.004022
1.0
0.492967
0.173114
0.325495
1.0
1.0
0.621758
0.998022
1.0
1.0
1.0
1.0
0.82718
0.999487
1.0

0.702305
-0.757131
-0.119591
-0.069872
0.000251
1.0
0.914359
1.0
0.181307
1.0
1.0
1.0
0.998608
1.0
1.0
1.0
1.0
0.534725
1.0
1.0

0.675647
-0.255738
0.0
0.0
0.130824
0.673909
0.0
0.06
0.084714
1.0
1.0
0.870549
1.0
0.998315
1.0
1.0
1.0
0.721392
1.0
0.999487

