closed_b
Left

1.0
0.037813
-0.002347
0.121138
0.193155
1.0
1.0
0.192161
0.042272
0.0
0.0
0.150499
0.0
0.0
0.028352
0.0
0.0
0.000513
0.009304
0.009304

1.0
-0.00197
-0.049888
0.091405
0.121888
1.0
1.0
0.742198
0.056017
0.0
0.0
0.087253
0.0
0.0
0.0
0.0
0.0
0.0
0.0
0.0

1.0
0.02048
0.020135
0.162795
0.240397
1.0
1.0
0.470256
0.051795
0.0
0.0
0.065861
0.0
0.0
0.003736
0.0
0.0
0.0
0.0
0.0

0.432918
-0.159321
-0.053431
0.091544
0.343002
1.0
1.0
0.085495
0.12562
0.0
0.0
0.087253
0.0
0.0
0.0
0.0
0.0
0.039194
0.010183
0.0

0.486858
-0.104047
0.236045
0.091405
0.393694
1.0
1.0
0.067326
0.004029
0.0
0.0
0.150499
0.0
0.0
0.0
0.0
0.0
0.0
0.0
0.0

0.076559
-0.183311
0.040445
0.156012
0.592568
1.0
1.0
0.112308
0.009597
0.0
0.0
0.0
0.0
0.0
0.012821
0.0
0.0
0.0
0.0
0.0

0.517664
-0.003281
0.066139
0.147474
0.265441
1.0
1.0
0.047399
0.0
0.0
0.0
0.0
0.0
0.0
0.0
0.0
0.0
0.015751
0.0
0.010183

0.524489
0.007773
-0.0037
-0.027358
0.123648
1.0
0.80022
0.336923
0.056017
0.0
0.0
0.0
0.0
0.0
0.0
0.0
0.0
0.0
0.0
0.0

0.103927
-0.021535
0.115069
-0.055989
0.497931
1.0
1.0
0.192161
0.0
0.0
0.0
0.0
0.0
0.0
0.0
0.0
0.0
0.0
0.004322
0.0

1.0
-0.104698
-0.002347
0.186208
0.237844
1.0
1.0
0.142344
0.0
0.0
0.0
0.035971
0.0
0.0
0.021319
0.0
0.0
0.0
0.0
0.0

0.169718
-0.159081
0.003128
0.171645
0.265441
1.0
1.0
0.012234
0.0
0.0
0.0
0.022784
0.0
0.0
0.0
0.0
0.0
0.0
0.0
0.0

0.399313
-0.001978
0.047878
0.036691
0.343116
1.0
1.0
0.092234
0.008718
0.0
0.0
0.080806
0.0
0.0
0.083443
0.0
0.0
0.017802
0.009304
0.0

0.173721
-0.102515
0.055436
-0.102297
0.253774
1.0
1.0
0.0
0.0
0.0
0.0
0.087253
0.0
0.0
0.0
0.0
0.0
0.0
0.0
0.0

0.551728
-0.001978
0.343762
0.226169
0.281232
1.0
0.815458
0.0
0.0
0.0
0.0
0.004615
0.0
0.0
0.0
0.0
0.0
0.004615
0.0
0.0

0.076559
0.066058
-0.026798
0.202975
0.594166
1.0
1.0
0.336923
0.0
0.0
0.0
0.150499
0.0
0.0
0.0
0.0
0.0
0.017216
0.0
0.0

0.323934
-0.590228
-0.002347
0.147474
0.152788
1.0
1.0
0.002564
-0.003727
0.0
0.0
0.0
0.0
0.0
0.0
0.0
0.0
0.026007
0.0
0.0

0.289007
-0.088334
-0.06697
0.163176
0.463442
1.0
1.0
0.0
0.0
0.0
0.007839
0.0
0.0
0.0
0.0
0.0
0.0
0.0
0.0
0.0

-0.020778
-0.249305
0.140685
0.265811
0.326976
1.0
1.0
0.047399
0.0
0.0
0.0
0.0
0.0
0.0
0.0
0.0
0.0
0.0
0.0
0.0

