closed_e
Left

0.809486
-0.061495
0.065103
0.275499
0.758051
1.0
1.0
1.0
0.892821
1.0
1.0
0.769451
0.99978
0.99978
0.505861
1.0
1.0
0.250476
1.0
1.0

0.8961
0.0
0.001768
0.226818
0.59194
1.0
1.0
1.0
1.0
1.0
1.0
0.98608
0.99978
0.99978
0.484469
1.0
1.0
0.225861
1.0
1.0

1.0
0.0
0.0
0.213823
0.644378
1.0
1.0
1.0
1.0
1.0
1.0
1.0
0.99978
0.99978
0.495165
1.0
1.0
0.258388
1.0
1.0

1.0
0.0
0.0
0.423191
0.047863
1.0
1.0
0.182198
1.0
1.0
1.0
0.549963
1.0
0.99978
0.176923
1.0
1.0
0.130769
1.0
0.998901

-0.21637
0.0
0.0
0.17302
0.177366
1.0
1.0
0.047106
1.0
1.0
1.0
0.384982
1.0
1.0
0.143223
1.0
1.0
0.147326
1.0
0.998901

0.862587
-0.003565
0.001515
0.10121
0.16868
1.0
1.0
0.191575
0.62381
1.0
1.0
0.24315
1.0
0.998022
0.125788
1.0
1.0
0.126813
1.0
1.0

0.505974
-0.080909
0.0
0.601746
-0.018315
1.0
1.0
0.159341
0.894725
1.0
1.0
0.442125
0.998608
0.99978
0.371648
1.0
1.0
0.286813
0.99978
1.0

0.566823
0.349471
0.177855
0.287433
0.177366
1.0
1.0
0.299414
0.529158
1.0
1.0
0.522125
1.0
1.0
0.469377
1.0
1.0
0.065568
1.0
1.0

0.893812
-0.03085
-0.354166
0.138314
0.271213
1.0
1.0
0.579267
0.838315
1.0
1.0
0.453407
1.0
1.0
0.495165
1.0
1.0
0.214872
1.0
1.0

0.801889
-0.03085
-0.004434
0.044567
-0.080963
1.0
1.0
0.359487
1.0
0.99978
1.0
0.491941
1.0
1.0
1.0
1.0
1.0
0.147326
1.0
1.0

0.620432
0.0
0.0862
0.14389
-0.070743
1.0
1.0
1.0
0.828938
1.0
1.0
0.583663
1.0
1.0
0.900147
1.0
1.0
0.16989
0.999487
0.99978

-0.21637
-0.024768
0.033956
-0.049366
-0.076257
1.0
1.0
0.567253
0.59011
1.0
1.0
0.612088
1.0
0.999194
0.143223
1.0
1.0
0.192454
1.0
1.0

0.620432
-0.03085
0.0
0.159784
0.031306
1.0
1.0
0.138681
0.529158
1.0
1.0
1.0
0.998022
1.0
0.307326
1.0
1.0
0.242271
1.0
1.0

0.364049
0.078639
0.0
0.0
0.177366
1.0
1.0
1.0
1.0
1.0
1.0
0.598022
0.998315
1.0
0.79641
1.0
1.0
0.206374
1.0
1.0

1.0
0.0
0.0
0.193534
-0.018315
1.0
1.0
0.232015
1.0
1.0
1.0
0.570183
1.0
1.0
0.188352
1.0
1.0
0.492821
1.0
0.999487

0.597631
0.051392
0.0
0.0
-0.155742
1.0
1.0
0.593919
0.89326
1.0
1.0
0.519048
1.0
1.0
0.188352
1.0
1.0
0.955531
1.0
0.999194

0.702532
-0.02078
-0.001378
0.13509
0.23324
1.0
1.0
1.0
0.852967
0.99978
1.0
1.0
1.0
0.998608
0.29033
1.0
1.0
0.128864
1.0
1.0

0.532878
0.0
0.0
0.0
-0.28748
1.0
1.0
0.514506
0.826447
1.0
1.0
0.487546
0.99978
1.0
0.900147
1.0
0.999487
0.250476
0.99978
1.0

