curved_l
Left

-0.082054
1.724736
0.0
0.0
0.373317
0.09414
0.0
0.041538
0.496923
0.054432
0.054432
1.0
0.99978
0.99978
1.0
1.0
1.0
0.570476
1.0
1.0

-0.249409
2.207367
0.05652
-0.010788
0.161366
0.0
-0.043045
-0.008861
0.355971
0.058535
0.058535
0.909524
0.99978
0.99978
0.941905
1.0
1.0
0.884029
1.0
1.0

-0.013093
0.671079
0.0
0.0
0.316581
0.038673
0.0
0.027179
0.717875
0.077582
0.077582
1.0
0.99978
0.99978
1.0
1.0
1.0
0.751722
1.0
1.0

0.855037
0.049203
0.0
0.0
-0.004946
0.0
-0.113201
0.0
0.140293
0.119487
0.431282
1.0
1.0
0.998608
1.0
1.0
1.0
0.838315
1.0
1.0

1.0
0.022419
0.0
0.0
-0.384871
0.0
0.021319
-0.1875
0.195385
0.075238
0.169304
0.559341
1.0
1.0
0.723883
1.0
1.0
1.0
1.0
1.0

0.554283
-0.039323
0.0
0.052136
0.0
0.103786
-0.199471
0.0
1.0
0.837143
0.25033
0.957582
1.0
1.0
0.312308
1.0
0.892528
1.0
0.999487
1.0

0.614999
0.049203
-0.05323
0.0
0.17471
0.0
-0.207135
0.027179
0.337802
0.305861
0.25033
0.957582
1.0
1.0
1.0
1.0
0.906154
0.884029
0.99978
1.0

-0.249409
-0.024569
0.0
0.0
0.161366
0.0
0.0
-0.1875
0.0
0.259854
0.2137
1.0
1.0
1.0
0.678315
0.76652
1.0
1.0
0.999487
1.0

1.0
-0.053196
0.0
0.0
0.0
0.0
0.0
-0.134016
0.717875
0.282711
0.246667
1.0
1.0
1.0
0.988059
1.0
0.892528
0.998022
1.0
0.99978

1.0
0.0
-0.058804
0.075287
0.0
0.161008
-0.207135
-0.008861
1.0
0.2137
0.431282
0.717729
1.0
0.998022
1.0
0.906154
1.0
1.0
1.0
1.0

0.058804
0.053092
0.0
0.0
0.0
0.0
-0.257475
-0.137136
0.717875
0.502784
0.016923
1.0
0.825714
1.0
1.0
1.0
1.0
0.213429
1.0
1.0

0.405436
-0.081961
-0.00673
0.0
0.000699
0.004044
-0.13125
-0.079387
0.208865
0.399048
0.235971
0.710842
1.0
0.998315
1.0
1.0
1.0
0.838315
0.804176
0.781758

1.0
0.008255
-0.440165
0.004411
0.17471
0.0
-0.018238
-0.1875
0.539853
0.890476
0.075238
0.939121
1.0
0.818681
1.0
1.0
1.0
1.0
0.99978
1.0

1.0
0.199897
0.0
0.0
0.0
0.0
-0.038072
-0.138256
0.717875
0.312161
0.805788
1.0
1.0
1.0
1.0
1.0
1.0
0.925055
1.0
0.999194

0.889776
0.066229
0.0
0.0
0.0
0.0
0.0
-0.156751
0.069377
0.367985
0.235971
1.0
1.0
1.0
1.0
1.0
1.0
1.0
1.0
1.0

0.668534
0.272507
-0.05323
0.0
0.0
0.0
0.0
-0.038149
0.140293
0.431282
0.448718
1.0
0.998608
1.0
0.685348
1.0
0.960513
1.0
1.0
0.998901

0.785093
0.06765
0.05652
0.0
-0.03829
0.0
-0.228001
-0.1875
0.0
0.800659
0.119487
1.0
0.999194
0.960293
0.342198
1.0
1.0
1.0
0.99978
1.0

0.206507
0.008255
0.0
0.0
0.0
0.451206
-0.194933
-0.134016
1.0
0.367985
0.2137
1.0
0.825714
1.0
1.0
1.0
1.0
1.0
0.999194
0.999194

