curved_4
Left

0.735402
0.424274
-0.384865
-0.521595
-0.073403
1.0
1.0
1.0
0.006374
1.0
1.0
-0.130722
0.99978
0.99978
-0.084868
0.698388
0.698388
0.003443
0.173407
0.173407

0.753053
0.347026
0.139234
0.015618
0.313123
1.0
1.0
1.0
0.164615
1.0
1.0
0.163453
1.0
1.0
0.072894
0.744835
0.744835
0.020733
0.150549
0.150549

0.061966
0.192258
0.001971
-0.029829
0.494503
1.0
1.0
1.0
0.135897
1.0
1.0
0.022579
0.99978
0.99978
0.078623
0.894286
0.894286
0.045348
0.464396
0.464396

0.569165
0.174437
-0.000989
-0.05548
-0.42635
1.0
1.0
1.0
-0.147189
0.674213
1.0
-0.140297
0.87641
0.651502
-0.158454
0.695311
1.0
0.026593
0.830989
0.150549

-0.06242
-0.212792
-0.218529
-0.053147
-0.30815
1.0
1.0
1.0
0.0
0.99978
1.0
-0.038812
0.608572
0.99978
0.0
0.163883
0.999194
0.011648
1.0
1.0

0.643734
0.350975
-0.131828
-0.144406
-0.277926
1.0
1.0
0.21326
-0.098323
1.0
1.0
-0.223581
0.955824
0.612967
-0.150527
0.6537
0.233187
0.002564
0.007253
0.699414

-0.453103
0.064158
-0.201253
-0.072734
-0.536859
1.0
1.0
0.0
0.136777
1.0
1.0
-0.10726
1.0
0.955824
-0.214385
0.5737
0.384689
0.011648
0.352161
0.064982

-0.06242
0.446077
-0.384865
-0.067574
-0.495126
1.0
1.0
0.325202
0.140586
1.0
1.0
-0.158042
0.557582
0.651502
-0.185061
0.524469
0.200366
0.0
1.0
0.305568

0.569165
0.440579
-0.000989
-0.080262
-0.642301
1.0
1.0
0.660733
-0.02745
1.0
0.679194
-0.118965
0.453114
0.42337
-0.015107
0.698388
1.0
0.04652
0.184249
0.068498

0.424023
0.350975
-0.177171
-0.115951
-0.246179
1.0
1.0
1.0
-0.142359
0.499267
0.99978
-0.158042
0.688865
0.527985
-0.170145
0.233187
1.0
0.243297
0.269231
0.173407

0.302937
0.299838
0.009065
-0.144406
-0.524057
1.0
1.0
0.21326
-0.087014
1.0
1.0
-0.015649
0.527985
0.876264
-0.275954
0.652088
1.0
0.003443
0.223517
0.738535

-0.828831
0.390521
-0.03231
-0.447727
-0.204628
1.0
1.0
0.278022
0.0
1.0
1.0
0.051209
1.0
1.0
0.0
0.999194
0.574579
0.066447
0.235531
0.265128

0.643734
0.297755
-0.362383
-0.292664
-0.9505
1.0
1.0
1.0
-0.129286
0.256337
1.0
0.164615
0.363004
0.551868
-0.084093
0.652088
0.911575
0.040366
0.464396
0.068498

0.433419
0.570075
-0.079082
0.038058
-0.107226
1.0
1.0
0.292381
-0.079998
0.918315
1.0
-0.036592
0.644322
0.998022
-0.03646
0.155531
0.200366
0.012821
0.664249
0.235531

0.756492
0.440579
-0.177171
-0.137525
-0.714029
1.0
1.0
0.406813
-0.168504
0.159927
0.99978
0.298242
0.840073
1.0
-0.242442
1.0
0.702637
0.0
0.352161
0.163443

0.475593
0.297755
-0.109486
-0.053147
-0.657907
1.0
1.0
0.670696
-0.147189
1.0
0.256337
0.008132
0.955824
0.612967
-0.214385
0.62381
0.135751
0.0
0.0
1.0

0.476533
0.397339
0.22063
-0.521595
-0.191118
1.0
1.0
0.782637
-0.172979
1.0
1.0
-0.272542
0.818095
0.998022
-0.116335
0.163883
1.0
0.050037
0.379414
0.150549

0.54485
0.561515
-0.086453
0.323007
0.379609
1.0
0.916264
0.251795
0.417509
1.0
1.0
0.164615
0.78381
0.618828
-0.170145
0.250476
0.744835
0.132088
0.118022
0.636117

