curved_1
Left

0.555192
0.404134
0.0
0.0
0.448659
1.0
0.711136
0.62
0.29707
0.552601
0.552601
1.0
0.99978
0.99978
1.0
1.0
1.0
0.61326
1.0
1.0

0.555492
0.424612
0.0
0.0
0.428843
1.0
0.911575
1.0
0.362418
0.134725
0.134725
1.0
0.99978
0.99978
1.0
1.0
1.0
0.55641
1.0
1.0

0.614631
0.396503
0.0
0.0
0.326697
1.0
1.0
1.0
0.391868
0.318755
0.318755
1.0
0.99978
0.99978
1.0
1.0
1.0
0.431575
1.0
1.0

-0.14635
0.110446
0.121538
0.0
-0.815111
1.0
0.445934
1.0
0.045348
0.945275
0.115531
1.0
1.0
1.0
1.0
1.0
1.0
0.663663
0.814872
1.0

0.983107
-0.180487
-0.167152
0.008873
0.126329
1.0
0.404176
0.877875
0.043004
0.523004
0.809011
1.0
1.0
1.0
1.0
1.0
1.0
0.614725
0.69326
1.0

1.0
0.142406
0.0
0.0
0.150297
1.0
0.545568
0.571209
0.10588
0.264542
0.307326
1.0
1.0
1.0
1.0
1.0
1.0
0.915092
0.99978
1.0

0.941831
0.063362
0.0
0.0
-0.118384
1.0
0.735165
0.071429
0.109231
0.805495
0.348791
0.796703
1.0
1.0
0.493407
1.0
0.999487
0.317289
1.0
1.0

0.961405
0.15654
0.0
0.0
0.0
1.0
0.770476
0.177802
0.088132
0.720806
0.834212
0.743663
1.0
0.99978
1.0
1.0
1.0
0.961538
0.997729
1.0

0.737018
0.203813
-0.005957
0.008814
-0.251233
1.0
1.0
0.714506
0.009304
1.0
0.291502
0.578388
1.0
1.0
1.0
1.0
1.0
0.368278
1.0
1.0

0.755933
0.120668
0.0
0.0
-0.324598
1.0
1.0
1.0
0.28696
0.646081
1.0
1.0
1.0
1.0
1.0
0.999487
1.0
0.536191
1.0
1.0

0.197037
-0.138806
0.121538
0.0
0.0
1.0
1.0
1.0
0.162857
0.834212
0.248278
0.825128
1.0
0.99978
1.0
1.0
1.0
0.808718
1.0
0.814872

0.821449
0.206047
-0.167152
-0.048222
0.027245
0.97495
1.0
0.148352
0.000427
0.291502
0.10044
0.999707
1.0
1.0
1.0
1.0
1.0
0.876703
0.129744
1.0

0.827194
-0.134126
0.158573
0.0
0.065271
1.0
0.998535
0.46381
0.011648
0.354799
0.780586
1.0
0.99978
1.0
1.0
1.0
1.0
0.431575
1.0
0.999194

0.635112
-0.109933
0.0
0.0
0.0
1.0
0.538828
1.0
0.072601
0.488718
1.0
0.843004
1.0
1.0
1.0
0.523883
1.0
0.918608
0.998901
1.0

1.0
0.277238
-0.068
0.454818
0.0
1.0
0.632601
0.469231
0.218535
0.401392
0.295018
1.0
1.0
1.0
0.951429
1.0
0.999487
0.472601
1.0
0.997729

1.0
-0.088146
0.0
0.0
0.422505
1.0
1.0
0.714506
0.201245
0.738388
0.354799
0.944103
1.0
1.0
0.493407
1.0
1.0
0.61326
1.0
1.0

0.806732
0.049357
-0.005957
0.0
0.131811
1.0
1.0
0.235678
0.17663
0.278608
0.831282
1.0
0.99978
0.998315
1.0
1.0
1.0
1.0
1.0
1.0

0.772572
0.206047
0.0
0.0
0.0
1.0
0.445934
1.0
0.055018
0.523004
0.119194
1.0
1.0
0.998315
1.0
1.0
1.0
0.808718
1.0
0.999194

