curved_h
Left

0.888664
-0.055144
-0.260471
0.091924
0.447659
1.0
0.608864
0.043883
0.134139
0.621172
0.621172
0.014579
0.790549
0.790549
0.534725
1.0
1.0
0.233187
1.0
1.0

-0.213053
0.024447
-0.074552
0.086921
0.567219
1.0
0.558608
0.040952
0.174872
0.520073
0.520073
0.225568
0.605934
0.605934
0.823516
1.0
1.0
0.391722
1.0
1.0

-0.215759
0.007644
-0.196535
0.023947
0.697174
1.0
0.446227
0.072015
0.250623
0.469963
0.469963
0.244908
0.518022
0.518022
0.947326
1.0
1.0
0.36989
1.0
1.0

0.856107
-0.229859
-0.391592
0.0
0.227679
1.0
0.993919
0.141465
0.080513
0.675238
0.163004
0.357143
0.868205
0.007839
0.861612
1.0
1.0
0.824396
0.997729
1.0

0.455856
-0.509187
0.710553
0.0
0.0
1.0
1.0
0.557582
0.198403
0.525055
0.296191
0.782344
0.17956
0.42718
1.0
1.0
1.0
0.532674
1.0
1.0

0.595739
-0.204752
0.108018
0.0
0.278656
1.0
0.608864
0.0
0.188498
0.520073
0.525055
0.588645
0.457656
0.750989
0.925201
1.0
1.0
1.0
1.0
0.999194

-0.546845
-0.679301
-0.270908
0.023947
0.278656
1.0
0.860586
0.34337
0.146593
0.525055
0.105568
0.782344
0.285934
0.461026
1.0
1.0
1.0
0.640513
1.0
1.0

0.888664
-0.329745
-0.391592
0.0
0.073758
1.0
1.0
1.0
0.310696
1.0
0.229963
0.544982
0.135311
0.023663
0.947326
1.0
1.0
0.665714
0.999194
1.0

0.385597
-0.535366
-0.39946
0.010496
0.0
1.0
1.0
0.557582
0.080513
0.664835
0.628059
0.666593
0.423956
0.523883
1.0
1.0
0.999487
1.0
1.0
1.0

0.750791
-0.186111
-0.538193
0.0
0.28515
1.0
0.632601
0.139414
0.020038
0.331062
0.263663
0.038608
0.106007
0.032454
0.861612
1.0
0.999194
0.431282
0.998901
1.0

0.872483
-0.20728
-0.183341
0.0
0.227679
1.0
0.608864
1.0
0.09663
0.621172
0.759194
0.269084
0.199341
0.49707
1.0
1.0
1.0
0.490476
0.99978
0.46

0.595739
-0.211119
-0.196535
0.0
0.351615
1.0
1.0
0.930916
0.198403
0.525055
1.0
0.110696
0.032454
0.022491
1.0
1.0
1.0
1.0
1.0
1.0

0.89599
-0.166484
-0.337269
0.000115
0.567219
1.0
1.0
0.043883
0.054725
0.617656
0.910403
0.0
0.750989
0.199341
1.0
1.0
1.0
1.0
0.999194
1.0

0.487186
0.01218
-0.195566
0.0
0.0
1.0
1.0
0.590989
0.156996
0.255751
0.773846
0.038022
0.263663
0.905714
1.0
1.0
1.0
0.83685
1.0
0.99978

0.378472
-0.20728
-0.686331
0.0
0.0
1.0
1.0
0.139414
0.081685
0.067033
0.163004
0.213846
0.135311
0.409011
1.0
1.0
1.0
0.815311
1.0
1.0

0.014225
0.007644
-0.195566
0.0
0.496567
1.0
1.0
0.142051
0.030863
0.406081
1.0
0.529744
0.022491
0.072308
0.997729
1.0
1.0
0.794945
0.99978
0.999487

-0.464161
-0.243816
-0.2424
0.094011
0.055687
1.0
1.0
0.013993
0.135018
0.663077
0.185128
0.133993
0.017802
0.200806
0.972821
1.0
1.0
0.67978
0.999487
1.0

0.764729
-0.366849
-0.475596
0.0
0.0
1.0
0.365641
0.399341
0.055018
0.664835
0.130916
0.056259
0.149084
0.750989
1.0
1.0
1.0
0.83685
1.0
1.0

