curved_5
Left

0.741619
-1.678339
-0.030056
-0.41107
-0.378262
0.653384
0.216777
0.426593
0.393626
0.99033
0.99033
0.523297
0.623809
0.623809
0.272161
0.625568
0.625568
0.371062
0.257363
0.257363

0.70246
-1.199657
0.145478
0.128585
0.219087
1.0
0.234652
0.675678
0.338095
0.971941
0.971941
0.502784
0.460879
0.460879
0.544396
0.291795
0.291795
0.455897
0.274799
0.274799

0.700256
-1.642334
0.141538
-0.142137
-0.227613
1.0
0.167839
0.285934
0.040071
0.824835
0.824835
0.314359
0.438608
0.438608
0.138828
0.562857
0.562857
0.299121
0.205348
0.205348

0.670599
0.442526
-0.529985
-0.157212
0.2149
0.706846
0.139707
0.072894
0.066154
0.324322
0.552601
0.0
0.507619
0.292088
0.0
0.291795
0.277143
0.162564
0.0
0.257363

0.938141
0.408243
0.096493
-0.354313
-0.249107
0.979941
0.575165
0.341026
0.0
1.0
0.986886
-0.011651
0.144103
0.428059
0.054139
0.082857
0.666007
0.127692
0.428059
0.928864

0.311241
-0.148908
-0.023302
-0.317441
0.129168
1.0
0.367399
0.825128
0.025714
0.702784
1.0
0.0
0.194506
0.992454
0.0
0.587473
1.0
0.128132
0.124176
0.106007

0.776521
0.327581
-0.08564
-0.168575
-0.042879
1.0
0.554359
0.005495
0.014079
0.22293
0.046227
0.0
0.166081
0.30967
0.0
0.755385
0.684176
0.040366
1.0
0.048864

0.803802
0.336557
-0.013777
-0.065835
-0.433932
0.816043
0.300293
0.825128
0.019853
1.0
0.688571
0.0
0.279634
0.88989
0.004029
0.718462
0.170769
0.503663
0.181026
0.176337

0.718279
0.241744
-0.423889
-0.2204
-0.538448
1.0
0.476996
0.0
0.022491
0.958169
1.0
0.011376
0.34337
1.0
0.0
0.277143
0.123883
0.371062
0.0
0.67978

0.61881
-0.254598
-0.094132
-0.415808
0.2149
1.0
0.269084
0.088132
0.0
0.986887
0.432747
-0.015517
0.474945
0.506447
0.0
0.74674
0.277143
0.211355
0.047399
0.326667

0.655765
0.278186
0.024807
-0.122692
-0.621722
0.51797
0.216777
0.072894
0.020147
0.753626
0.60315
-0.221743
0.504835
0.432454
0.0
0.035971
0.666007
0.503663
0.0
0.023077

0.835856
0.56465
0.141538
0.128585
-0.914486
0.75295
0.004322
0.245055
0.0
0.134432
0.324322
0.051795
0.320806
0.438901
0.136777
0.284762
0.78
0.052674
0.164029
0.057363

0.718279
0.337147
0.096493
-0.211763
-0.890002
1.0
0.126374
0.0
0.012527
0.631722
0.408132
0.022491
1.0
0.090476
0.0
0.085495
0.291795
0.003443
0.0
0.564908

0.782674
0.398566
0.148087
-0.330427
-0.579434
1.0
0.076703
0.583663
0.008132
0.278901
0.046227
0.0
0.320806
0.681538
0.0
1.0
0.233187
0.07641
0.0
0.003736

0.757781
0.340392
0.026798
0.070964
-0.906699
1.0
0.754799
0.014286
0.0
1.0
0.238608
0.001392
0.749231
0.397582
0.0
0.74674
0.082857
0.029231
0.189817
0.124176

1.0
0.262228
-0.426679
-0.065835
0.219087
1.0
0.05707
0.426593
0.014286
0.324322
0.824835
0.016337
0.992454
1.0
0.0
0.386007
1.0
0.196557
0.368425
0.125494

0.82135
0.021306
0.096493
-0.389369
-0.367625
1.0
0.011355
0.014286
-0.022593
0.971941
0.986886
0.011376
0.438901
0.801685
0.004029
0.684176
0.295604
0.029231
0.382051
0.0

0.70246
0.559119
0.044036
-0.342378
-0.380994
1.0
0.745568
1.0
0.018974
0.791429
0.464396
-0.021179
0.477143
0.425861
0.0
0.085495
0.625568
0.07641
0.227912
0.165201

