d
Left

0.723186
0.331924
0.442803
0.91663
0.195758
1.0
0.198608
0.13326
-0.058701
0.00315
0.00315
0.367985
0.806081
0.806081
0.256191
0.879927
0.879927
0.193919
0.455018
0.455018

0.682775
0.31398
0.539216
0.982517
0.018501
1.0
0.093993
0.035092
-0.117192
0.0
0.0
0.420293
0.780879
0.780879
0.178974
0.945861
0.945861
0.085201
0.456484
0.456484

0.654113
0.478614
0.634629
1.058961
0.074672
1.0
0.171062
0.018095
-0.113553
0.0
0.0
0.395238
0.99978
0.99978
0.224982
1.0
1.0
0.051209
0.171355
0.171355

0.8636
0.169583
-0.060795
-0.672739
0.538064
1.0
0.661905
0.0
-0.101212
0.0
0.0
0.614725
0.749524
0.617949
0.123883
1.0
0.707912
0.136777
0.573407
0.435971

0.427217
-0.483201
-0.10241
0.081329
-0.206573
1.0
0.188352
0.008132
0.011355
0.0
0.02044
1.0
0.515678
0.741026
0.562271
0.324615
0.865568
0.14337
0.611502
0.739121

0.723186
0.105504
0.509598
-0.421176
0.790585
1.0
0.250476
0.08989
-0.058701
0.0
0.0
0.651941
1.0
0.708498
0.261319
1.0
0.501319
0.093114
0.88989
1.0

0.914011
-0.031919
-0.278343
0.321001
0.37891
0.996681
0.207399
0.21707
0.009304
0.0
0.0
0.612674
0.546447
0.673773
0.361538
1.0
0.879927
0.305861
1.0
0.156996

0.831137
-0.19946
0.407832
-0.445785
0.77338
1.0
0.035385
0.0
0.0
0.0
0.0
0.524762
0.584689
0.43348
0.189524
0.324615
0.640073
0.057363
0.601539
0.175458

0.764516
-0.017049
0.442803
0.254856
0.167888
1.0
0.093993
0.353919
0.0
0.0
0.0
0.366081
1.0
0.590696
0.149377
0.953187
0.498974
0.281832
0.611502
0.78

0.704464
0.21913
-1.162792
-0.001304
0.475721
0.871737
0.211795
0.607106
0.011648
0.0
0.0
0.462051
0.992381
0.590696
0.123883
0.999414
0.949084
0.118315
0.51011
0.88989

0.941761
0.006256
-0.301099
0.683637
0.164506
1.0
0.092234
0.0
0.0
0.00696
0.0
0.471136
0.62
0.342051
0.505128
0.895165
0.918608
0.093114
0.287692
0.7337

0.806905
-0.093064
0.634629
0.321001
0.544271
1.0
0.197582
0.282711
0.017216
0.0
0.0
0.367985
0.4537
0.834799
0.527985
0.232601
1.0
0.051209
0.83011
1.0

0.427217
-0.017049
-1.102274
-0.421176
0.347906
1.0
0.185714
0.0
-0.092539
0.0
0.0
0.471136
0.387326
0.617949
0.648718
0.864982
1.0
0.22337
0.51011
1.0

0.93748
-0.144331
-0.180853
0.486418
0.204348
1.0
0.250476
0.0
0.011355
0.0
0.0
0.889304
0.513773
0.404615
0.354506
0.412967
0.443297
0.248864
1.0
0.449451

1.0
0.215903
0.076965
0.43493
-0.051348
1.0
0.014579
0.006081
-0.216013
0.0
0.0
0.298828
1.0
0.152894
0.564908
0.707912
0.497802
0.084029
0.455018
1.0

1.0
-0.388005
0.253199
-0.155228
0.344915
1.0
0.250476
0.014579
-0.056659
0.0
0.0
0.336044
0.99978
1.0
0.152509
0.324615
0.068498
0.142491
0.574286
0.83011

0.919665
0.215903
-0.234428
1.058961
-0.225362
1.0
0.211795
0.353919
-0.216013
0.0
0.0
0.886374
0.464982
1.0
0.363883
0.687399
0.472454
0.440366
1.0
0.287692

0.899635
-0.155338
0.076965
-1.095243
0.503186
1.0
0.869963
0.018095
0.011648
0.0
0.0
0.298828
1.0
0.580147
0.462198
0.565495
0.727839
0.071136
0.51011
0.261026

