e
Left

1.0
0.326642
-0.217149
-0.240308
-0.516305
0.430886
1.0
1.0
-0.137179
1.0
1.0
-0.145855
0.99978
0.99978
0.264249
1.0
1.0
0.057353
1.0
1.0

1.0
0.349175
0.062605
-0.091798
-0.146652
0.94083
1.0
1.0
-0.087538
1.0
1.0
-0.144252
0.99978
0.99978
0.131549
1.0
1.0
0.018912
1.0
1.0

0.873224
0.292891
0.069638
-0.027613
-0.262456
1.0
1.0
1.0
-0.107873
1.0
1.0
-0.156394
0.99978
0.99978
0.055782
1.0
1.0
-0.024863
1.0
1.0

0.873224
-0.073464
-0.217149
0.001377
-0.262456
1.0
1.0
1.0
-0.087538
1.0
1.0
0.000806
0.713187
1.0
0.304103
1.0
1.0
0.013645
0.530476
1.0

0.850453
0.036771
-0.123106
-0.089638
0.046308
1.0
1.0
0.681538
-0.233943
1.0
1.0
0.0
0.832308
0.998608
0.059707
0.999194
1.0
0.015458
0.668645
1.0

0.778131
-0.045346
-0.161604
-0.109047
-0.20344
1.0
1.0
0.796996
-0.161576
1.0
1.0
-0.145855
0.998022
1.0
0.029969
1.0
0.999194
0.031868
0.669817
1.0

0.778131
0.071026
-0.109256
-0.370477
-0.166239
1.0
1.0
1.0
-0.18232
1.0
1.0
0.007839
1.0
1.0
0.02095
0.761245
1.0
0.058703
0.316117
1.0

-0.050719
0.251399
-0.217149
-0.119749
0.163729
1.0
1.0
1.0
-0.206429
1.0
1.0
-0.117425
0.998608
0.911722
0.025128
1.0
0.945568
0.046988
1.0
1.0

0.806028
0.059849
0.030954
-0.091798
-0.195202
1.0
1.0
1.0
0.0
1.0
0.99978
-0.04511
0.867326
0.998608
0.0
1.0
1.0
0.008657
1.0
1.0

-0.565644
-0.067486
-0.052738
-0.003223
-0.279598
1.0
1.0
1.0
-0.157355
1.0
1.0
0.007839
1.0
0.872894
0.21509
1.0
0.999194
0.070842
0.707326
1.0

0.812999
-0.326839
-0.082235
-0.16596
0.050537
1.0
1.0
1.0
-0.130321
1.0
1.0
-0.019288
0.998608
1.0
-0.051636
1.0
1.0
0.064396
0.997729
1.0

0.910702
-0.027801
-0.272109
0.019448
-0.375142
0.633489
1.0
1.0
0.0
1.0
1.0
-0.002372
0.832308
1.0
0.289304
1.0
1.0
0.12504
1.0
1.0

0.910702
0.168865
-0.217149
-0.218029
-0.195202
1.0
1.0
0.977326
-0.134008
1.0
1.0
-0.060063
1.0
1.0
0.042418
1.0
1.0
-0.024863
0.869377
0.999194

0.217713
-0.066705
-0.357831
0.019733
-0.086372
1.0
1.0
0.99685
0.082831
1.0
1.0
-0.076242
0.78674
1.0
0.02095
0.708791
1.0
0.067619
0.341612
0.731941

0.382125
0.016815
-0.068758
-0.115461
-0.110131
1.0
1.0
0.99685
-0.009726
1.0
1.0
-0.004988
1.0
1.0
0.066154
0.999194
1.0
0.092234
1.0
0.341612

1.0
0.016815
-0.151449
-0.176993
-0.131428
1.0
1.0
1.0
-0.233943
1.0
1.0
-0.209248
1.0
0.99978
0.0
1.0
1.0
0.028352
0.748645
1.0

0.647461
-0.073464
0.070487
0.017292
0.0
0.430886
1.0
0.796996
-0.137179
1.0
1.0
-0.253326
0.998608
1.0
0.078955
1.0
1.0
0.192747
0.92696
1.0

0.821591
-0.171935
-0.219194
0.019733
0.048079
1.0
1.0
0.99685
-0.105768
0.99978
1.0
0.06967
0.99978
1.0
0.059521
0.999194
1.0
0.058703
1.0
0.707326

