f
Left

0.860761
0.648703
0.82622
0.180803
-0.332284
0.556801
0.175311
0.212967
0.568718
1.0
1.0
0.083443
0.0
0.0
0.0
0.0
0.0
-0.073211
0.014286
0.014286

0.736342
0.936366
1.094036
0.277374
-0.443428
0.924951
0.079634
0.235385
0.525055
1.0
1.0
0.095458
0.0
0.0
0.0
0.0
0.0
-0.067409
0.001978
0.001978

0.742228
0.977901
0.934164
0.333319
-0.389935
0.767886
0.013114
0.158315
0.557289
1.0
1.0
0.07348
0.0
0.0
0.0
0.0
0.0
-0.038725
0.013114
0.013114

0.871819
-0.063717
-0.057566
-0.283877
-0.330465
0.638973
0.0
0.278608
0.184835
0.629084
1.0
0.0937
0.0
0.0
-0.038665
0.0
0.0
-0.156823
0.0
0.0

0.686434
-0.79665
0.044395
-0.222422
-0.911441
0.832962
0.314652
0.266447
0.282418
0.968132
0.990183
0.184542
0.0
0.0
-0.138327
0.0
0.0
-0.143214
0.0
0.0

0.724767
0.012235
-0.818976
-0.322101
-0.357779
0.887975
0.039487
0.288132
0.362125
1.0
0.984835
0.0
0.0
0.0
0.012234
0.007546
0.0
-0.102549
0.0
0.0

0.724767
0.064909
-0.324823
-0.196021
-0.071643
0.6243
0.029817
0.266447
0.525055
0.950256
1.0
0.109231
0.0
0.0
-0.044741
0.0
0.0
-0.341386
0.0
0.196557

0.914475
-0.585912
-0.471032
-0.222422
-0.572436
0.919066
0.102198
0.375751
0.459707
1.0
0.328132
0.06293
0.0
0.0
-0.092874
0.0
0.0
-0.202373
0.010476
0.0

0.836145
-0.04455
0.004393
0.017439
-0.524583
0.918419
0.052088
0.0
0.370037
0.438169
1.0
0.135604
0.002564
0.0
0.0
0.0
0.0
-0.417188
0.0
0.0

0.914475
-0.153986
-0.104541
-0.250906
-0.401565
0.919066
0.0
0.0
0.326667
0.868205
0.897509
0.018974
0.070256
0.0
0.048143
0.004908
0.0
-0.18093
0.179853
0.0

1.0
-0.103383
-0.008769
-0.257291
-0.659733
1.0
0.011355
0.158315
0.259707
1.0
0.411355
0.044762
0.004908
0.002564
0.0
0.0
0.0
-0.217806
0.0
0.0

0.886282
-0.090077
-0.135119
-0.055805
-0.387547
0.943455
0.133993
0.242564
0.289744
0.334872
0.793773
0.158976
0.0
0.0
-0.261642
0.018974
0.0
-0.143214
0.02337
0.0

0.742228
-0.403539
-0.174462
-0.322101
-0.911441
0.95227
0.964029
0.235385
0.245641
0.868205
0.348645
0.058242
0.0
0.02044
0.010607
0.0
0.0
-0.129065
0.0
0.0

0.800055
0.936366
-0.382503
-0.112035
-0.382848
0.6243
0.423956
0.928572
0.304103
0.629084
1.0
0.083443
0.0
0.0
0.043883
0.0
0.0
-0.072216
0.052967
0.0

0.780135
-0.111784
-0.345184
0.014023
-0.484343
0.928686
0.245788
0.308791
0.281685
1.0
1.0
0.045934
0.0
0.0
-0.138418
0.0
0.0
-0.118242
0.0
0.0

0.724767
-0.205216
-0.324293
-0.249332
-0.674445
0.906188
0.234945
0.235385
0.328132
1.0
0.334872
0.031282
0.055897
0.0
0.003443
0.004908
0.0
0.0
0.0
0.0

0.708786
-0.420578
-0.160706
0.143593
-0.756488
1.0
0.423956
0.0
0.245641
0.438169
0.795238
0.226958
0.0
0.0
0.0
0.0
0.0
-0.060184
0.014286
0.0

0.866195
-0.133378
0.690969
-0.250906
-0.58712
1.0
0.133993
0.928572
1.0
0.517143
1.0
0.064103
0.0
0.0
0.0
0.0
0.0
-0.073211
0.0
0.196557

