flat_horns
Left

0.983092
0.504033
0.0
0.0
-0.006373
1.0
0.554652
0.318755
0.618535
0.033333
0.033333
1.0
0.99978
0.99978
1.0
1.0
1.0
0.282125
0.0
0.0

0.960592
0.094754
0.0
0.0
0.063803
1.0
0.495751
0.468791
0.908938
0.053846
0.053846
1.0
0.99978
0.99978
1.0
1.0
1.0
0.418095
0.00315
0.00315

0.921427
0.326816
0.0
0.0
-0.088996
1.0
0.458242
0.585128
0.613846
0.03685
0.03685
1.0
0.99978
0.99978
1.0
1.0
1.0
0.312308
0.010476
0.010476

-0.067507
0.0
-0.111953
0.0
0.000214
1.0
0.778242
0.209744
0.319048
0.011355
0.112454
0.816337
0.669817
0.668791
1.0
0.999414
0.817509
0.980147
0.00315
0.0

0.465104
0.0
0.0
0.0
0.01358
1.0
0.579414
0.183223
0.619707
0.094286
0.074359
1.0
1.0
0.651941
1.0
1.0
1.0
0.930476
0.0
0.0

0.516324
-0.056125
-0.143572
0.0
-0.365544
1.0
0.876337
0.61619
1.0
0.088425
0.0
1.0
0.964908
1.0
1.0
0.795824
1.0
0.401685
0.060293
0.0

0.10441
-1.392882
-0.056346
0.0
0.013124
1.0
0.873773
1.0
0.257216
0.040073
0.03685
1.0
0.999194
0.618681
1.0
0.621172
1.0
0.974286
0.0
0.010476

0.428296
-2.676935
0.0
0.0
-0.034212
1.0
0.69663
0.486374
0.237143
0.03685
0.109377
0.773553
0.480513
0.971648
1.0
1.0
1.0
0.874359
0.0
0.0

1.0
0.0
0.0
0.0
0.000214
1.0
0.507473
0.272015
1.0
0.0
0.117729
0.877289
1.0
0.736337
1.0
1.0
1.0
0.651355
0.0
0.049451

0.81994
-0.056125
0.0
0.0
0.89562
1.0
0.755092
0.214725
0.257216
0.117729
0.132674
1.0
0.998608
1.0
1.0
0.666593
0.882857
0.555531
0.049451
0.041538

1.0
0.0
-0.027774
0.0
-0.070487
1.0
0.69663
0.209744
0.618535
0.045055
0.045348
0.90044
1.0
1.0
1.0
0.964029
0.817509
0.46
0.0
0.0

0.543708
0.504033
0.0
0.0
0.048503
1.0
0.631429
1.0
0.414139
0.0
0.094286
1.0
1.0
1.0
1.0
1.0
1.0
0.562857
0.010476
0.0

1.0
0.0
-0.363191
0.0
-0.247241
1.0
0.730623
0.218535
1.0
0.13326
0.142051
0.892821
0.686813
0.967839
1.0
1.0
1.0
0.538681
0.0137
0.0

0.981402
-2.312956
0.069775
0.0
0.0
1.0
0.938388
0.214725
0.908938
0.046227
0.014286
1.0
1.0
0.999194
1.0
1.0
1.0
0.481099
0.0
0.0

0.346398
-0.302927
0.0
0.0
0.029016
1.0
1.0
0.345128
1.0
0.008425
0.117729
1.0
0.99978
1.0
1.0
0.795824
1.0
1.0
0.0
0.0

0.968118
-0.550707
0.0
0.0
0.08937
1.0
1.0
0.574286
0.527692
0.0
0.0
1.0
1.0
0.654286
1.0
1.0
1.0
0.555531
0.030403
0.004029

-0.067507
0.0
0.031466
-0.092689
0.517014
1.0
0.873773
0.222051
0.457216
0.094286
0.132674
1.0
0.998608
0.730476
1.0
0.557876
1.0
0.99978
0.078755
0.0

1.0
0.0
0.0
0.0
0.375143
1.0
0.924176
0.209744
0.91055
0.017509
0.088425
1.0
0.99978
1.0
1.0
1.0
1.0
0.980147
0.0
0.0

