flat_v
Left

1.0
0.615517
0.195834
-0.194746
0.421041
1.0
1.0
0.043297
0.28359
0.010476
0.010476
0.433626
0.009597
0.009597
0.446227
1.0
1.0
0.224542
1.0
1.0

1.0
0.443394
-0.053791
-0.242774
0.25329
1.0
0.883443
0.001685
0.392894
0.015458
0.015458
0.427179
0.0
0.0
0.292088
1.0
1.0
0.195238
1.0
1.0

0.766528
0.500626
-0.193247
-0.202554
0.173198
1.0
0.829231
0.004908
0.217656
0.009304
0.009304
0.298242
0.0
0.0
0.442271
1.0
1.0
0.231429
1.0
1.0

1.0
0.177257
0.042601
0.0
0.171695
1.0
0.317289
0.122125
0.262784
0.0
0.0
0.476996
0.0
0.002271
0.88022
1.0
1.0
0.781172
1.0
0.999194

0.654163
-0.398718
-0.065051
-0.202554
-0.040854
1.0
0.883443
0.358022
0.147033
0.089011
0.023956
0.440073
0.0
0.0
1.0
1.0
1.0
0.925495
0.99978
1.0

0.909608
0.288102
-0.013127
0.0
0.189237
1.0
0.480953
0.296484
0.274066
0.0
0.0
0.336191
0.0
0.0
0.724615
1.0
1.0
0.61326
1.0
1.0

0.700487
0.224862
-0.013127
0.0
0.007739
1.0
0.930916
0.077875
0.720073
0.0
0.0
0.570769
0.0
0.0
0.778242
1.0
1.0
0.745714
0.999194
1.0

1.0
-0.002985
-0.389671
-0.318227
0.109581
1.0
1.0
0.304689
0.442564
0.088132
0.0263
1.0
0.002271
0.0
0.767692
1.0
1.0
0.861905
1.0
0.94967

0.4975
-0.274266
0.00878
0.0
1.127519
1.0
1.0
0.081978
0.08696
0.0
0.020733
0.298242
0.0
0.0
0.973114
1.0
1.0
0.632747
0.997729
1.0

1.0
-0.354384
-0.115685
0.0
0.189237
1.0
0.985934
0.268352
0.891355
0.0263
0.047985
0.409744
0.0
0.074945
1.0
1.0
0.999487
0.853993
1.0
1.0

0.876325
0.176965
0.0
-0.1942
-0.025016
1.0
1.0
0.0
0.311429
0.029524
0.0
1.0
0.0
0.0
1.0
1.0
1.0
1.0
1.0
1.0

0.557776
0.116686
-0.354198
0.0
0.0
1.0
0.53033
0.069084
0.271722
0.088132
0.023956
0.46
0.0
0.0
0.624982
1.0
1.0
0.869377
1.0
0.999194

1.0
-0.018577
-0.559539
0.0
0.0
1.0
1.0
0.250183
0.281685
0.089011
0.0
0.812821
0.0
0.0
1.0
1.0
1.0
0.61326
0.374432
1.0

0.762102
-0.002985
-0.49851
0.0
-0.425058
1.0
0.641685
0.069377
0.337949
0.0
0.0
1.0
0.0
0.02044
1.0
1.0
1.0
1.0
1.0
1.0

0.711795
-0.864606
0.0
0.0
0.060491
1.0
1.0
0.304689
0.50337
0.021026
0.020733
0.476996
0.0
0.0
1.0
1.0
1.0
0.160513
1.0
0.998901

0.909608
1.026081
0.020388
-0.242774
0.266207
1.0
0.389963
0.048864
0.720073
0.0
0.089011
0.519487
0.0
0.0
0.771502
1.0
0.999487
0.768718
0.998901
1.0

0.876325
-0.230802
-0.053791
0.15169
0.117935
1.0
0.401978
0.296484
0.453846
0.0
0.013993
0.468791
0.0
0.0
1.0
1.0
1.0
0.861905
0.999194
1.0

0.933489
0.500626
0.027565
0.0
0.007739
1.0
1.0
0.237876
0.298974
0.0
0.015165
0.489011
0.0
0.0
1.0
1.0
1.0
0.745275
1.0
1.0

