flat_ily
Left

-0.23884
0.0
0.0
0.0
0.039923
0.532348
0.076703
0.163736
1.0
0.13326
0.13326
1.0
0.99978
0.99978
1.0
1.0
1.0
0.735751
0.108352
0.108352

-0.184515
0.0
0.0
0.0
0.065537
0.326318
0.0
0.112454
1.0
0.113919
0.113919
1.0
0.99978
0.99978
1.0
1.0
1.0
0.881392
0.022784
0.022784

-0.21512
0.0
0.0
0.0
0.002353
0.351209
0.0
0.085788
1.0
0.03978
0.03978
1.0
0.99978
0.99978
1.0
1.0
1.0
0.559634
0.004322
0.004322

-0.304729
0.0
0.0
0.0
-0.054534
0.532348
-0.159174
0.02836
0.741612
0.033333
0.0
1.0
0.931355
0.924469
1.0
0.813114
1.0
1.0
0.038901
0.038901

0.396121
0.0
0.0
0.0
0.277849
0.0
-0.202294
0.108645
0.885788
0.0
0.057363
1.0
0.998608
0.671575
1.0
1.0
1.0
0.706886
0.0
0.009597

-0.321958
0.0
0.0
0.0
0.0
0.551697
0.069377
0.016923
0.230256
0.0
0.084029
0.99978
0.924469
0.351868
1.0
1.0
0.869231
1.0
0.0
0.011941

-0.478201
-0.443373
0.0
0.0
-0.566719
0.351209
0.0
0.016923
1.0
0.026886
0.033333
1.0
0.783077
0.468059
1.0
1.0
1.0
0.706007
0.0
0.0

-0.278629
0.0
0.0
0.0
0.0
0.023323
0.063516
0.0
1.0
0.0
0.008425
1.0
0.832454
0.827766
1.0
1.0
0.553333
1.0
0.108352
0.0

-0.211405
0.0
0.000202
0.0
-0.533305
0.253106
0.046813
0.0
1.0
0.08315
0.115824
1.0
0.99978
0.998315
1.0
1.0
1.0
0.698242
0.0
0.00315

-0.094314
0.0
0.0
0.0
0.0
0.0
0.0
0.0
0.741612
0.044762
0.010183
0.99978
1.0
0.690623
0.977216
1.0
1.0
0.668059
0.270403
0.0

-0.45622
-0.762064
0.000202
0.0
-0.696993
0.187148
0.0
0.275385
1.0
0.019853
0.033333
1.0
0.94
0.988864
1.0
0.553333
1.0
1.0
0.082857
0.0

-0.485334
0.0
0.0
0.0
-0.494274
0.223626
1.0
1.0
1.0
0.148059
0.045348
0.99978
0.99978
1.0
1.0
1.0
1.0
0.718755
0.0
0.0

-0.764435
0.0
0.0
0.0
0.0
0.0
0.134725
1.0
0.710256
0.113919
0.030403
1.0
1.0
0.827766
1.0
1.0
0.566374
0.887253
0.0
0.0

-0.051079
0.0
0.0
0.0
-0.206015
0.178915
0.075824
0.007881
1.0
0.010183
0.0
1.0
0.99978
0.99978
1.0
0.405202
0.572235
0.758168
0.0
0.099121

-0.160693
0.0
0.0
0.0
-0.083826
0.0
0.161245
0.205212
1.0
0.0
0.0
0.881099
0.931355
0.775458
1.0
1.0
1.0
1.0
0.0
0.028645

0.277615
0.0
0.0
0.0
0.0
0.28816
-0.054973
0.329451
1.0
0.113919
0.0
0.99978
0.924469
0.99978
1.0
1.0
1.0
0.424542
0.169597
0.0

-0.514133
-0.688718
0.0
0.0
0.0
0.0
1.0
1.0
1.0
0.0
0.113919
1.0
0.827766
0.690623
1.0
1.0
0.447692
1.0
0.0
0.0

-0.734806
0.0
0.0
0.0
-0.102247
0.0
0.0
0.161819
0.909817
0.072015
0.077289
1.0
0.864689
0.998608
1.0
1.0
1.0
0.645495
0.074652
0.0

