flat_n
Left

-0.128528
0.0
0.238047
-0.035383
0.279342
1.0
0.704982
0.11978
1.0
0.042711
0.042711
0.843883
0.017216
0.017216
0.765641
1.0
1.0
0.407253
1.0
1.0

0.250901
0.0
0.103769
0.008475
0.393879
1.0
1.0
1.0
1.0
0.029231
0.029231
0.942344
0.007253
0.007253
0.968718
1.0
1.0
0.392894
1.0
1.0

0.2751
0.192188
0.254754
0.05198
0.207489
1.0
0.850916
0.128571
0.891795
0.011941
0.011941
0.849744
0.035678
0.035678
0.777363
1.0
1.0
0.239341
1.0
1.0

0.713324
-0.357594
0.0
-0.086962
0.202055
1.0
1.0
0.16022
0.6137
0.067033
0.071136
1.0
0.008425
0.0
1.0
1.0
1.0
0.191575
0.079048
1.0

0.956472
-0.291544
0.0
0.066037
0.279342
1.0
1.0
0.255018
0.542051
0.17326
0.127985
0.997143
0.0
0.020733
1.0
1.0
1.0
0.701465
1.0
1.0

0.631916
-0.60387
0.0
0.008475
0.519956
1.0
1.0
0.774725
0.275824
0.007253
0.067033
1.0
0.051502
0.020147
1.0
0.999194
1.0
0.880513
1.0
1.0

0.882357
-0.00672
0.111557
0.0
0.28212
1.0
1.0
1.0
0.275238
0.089304
0.007253
1.0
0.0
0.0
1.0
1.0
0.999487
1.0
1.0
1.0

0.836584
-0.461539
-0.462723
0.0
0.418661
1.0
1.0
0.270403
0.475531
0.281538
0.17956
0.625861
0.001099
0.018388
1.0
1.0
1.0
0.726813
1.0
1.0

0.629924
0.0
0.0
0.0
0.0
1.0
0.667473
0.371062
0.850623
0.0
0.058535
1.0
0.009597
0.998022
1.0
0.999487
1.0
0.392894
0.999194
1.0

0.890659
-0.639385
0.0
0.0
-0.106662
1.0
1.0
0.081685
0.275238
0.0
0.115385
0.887253
0.998022
0.0
1.0
1.0
0.999487
0.627619
1.0
1.0

0.694147
0.054564
0.0
0.0
0.0
1.0
1.0
0.278315
0.417802
0.0
0.155238
0.757143
0.00315
1.0
1.0
1.0
0.999194
0.242564
1.0
0.021319

0.844621
-0.461539
-0.095016
0.0
-0.077736
1.0
0.699121
0.110842
0.6137
0.08989
0.092234
1.0
0.0
0.008425
0.851062
1.0
1.0
0.687253
1.0
1.0

0.960988
-0.735582
0.0
0.0
0.28212
1.0
1.0
0.371062
0.348059
0.160806
0.0
1.0
0.007253
0.0
1.0
1.0
1.0
0.712601
1.0
1.0

0.385928
-0.419635
-0.317405
-0.107251
0.0
1.0
0.555531
0.363004
0.504249
0.01663
0.063516
0.830403
0.012527
0.032161
1.0
1.0
1.0
0.341612
1.0
0.999487

0.814951
-0.294492
0.0
0.0
0.447659
1.0
0.461026
1.0
0.354799
0.17956
0.089304
1.0
0.020147
0.061172
0.351868
1.0
1.0
0.239341
1.0
1.0

0.727526
-0.269043
-0.051837
-0.086962
0.133143
1.0
1.0
0.164322
0.448278
0.120073
0.090476
0.642857
0.001392
0.0
1.0
1.0
1.0
0.880513
0.998901
0.997729

0.924844
0.0
0.0
0.0
0.341665
1.0
1.0
0.092821
0.636703
0.067033
0.042418
1.0
0.172234
0.998022
0.597729
1.0
1.0
0.341612
1.0
1.0

0.814951
0.0
0.0
0.844106
0.0
1.0
1.0
0.087253
0.51011
0.0
0.160806
1.0
0.0
0.009597
1.0
1.0
1.0
1.0
1.0
1.0

