goody_goody
Left

0.308283
0.317955
0.103313
0.0
0.728598
0.665718
0.240806
0.065568
0.383223
0.002857
0.002857
0.743077
0.0
0.0
1.0
1.0
1.0
0.128571
0.021319
0.021319

0.296852
0.421669
0.23954
0.0
0.382319
0.106827
0.0
0.0
-0.038019
0.0
0.0
0.170476
0.000513
0.000513
1.0
1.0
1.0
0.047106
0.093114
0.093114

0.239516
-0.059425
0.129962
0.0
0.235146
0.078858
0.0
0.0
0.241187
0.0
0.0
0.201539
0.000806
0.000806
1.0
1.0
1.0
0.030989
0.049451
0.049451

0.00044
0.573837
0.252857
0.041432
-0.198453
0.214807
0.0
0.0
0.0
0.0
0.0
0.366227
0.0
0.0
0.418095
1.0
1.0
0.0
0.0
0.0

0.297849
-0.122438
-0.201356
0.156136
0.148517
0.137487
0.119927
0.0
0.014579
0.0
0.0
0.070842
0.0
0.0
0.226886
1.0
0.978974
0.047106
0.0
0.014579

0.41106
0.080149
0.027149
0.091448
0.041012
0.376161
0.464982
0.0937
0.057363
0.0
0.0
0.408718
0.0
0.0
0.332234
1.0
1.0
0.0
0.06
0.049451

0.006965
0.262598
0.027149
0.0
0.146654
0.232671
0.091648
0.0
0.204469
0.0
0.0
0.542051
0.0
0.0
1.0
1.0
1.0
0.022784
0.0
0.0

0.239516
0.069764
0.24499
0.0
-0.037194
0.303408
0.116996
0.0
0.0
0.0
0.0
0.176337
0.0
0.0
0.913919
1.0
1.0
0.055311
0.001685
0.0

-0.429391
0.217036
-0.096865
-0.029302
0.339766
0.412919
0.0
0.0
0.200467
0.0
0.0
0.035092
0.0
0.0
1.0
1.0
0.548498
0.0
0.0
0.0

0.212194
-0.078461
0.103313
-0.020357
-0.298972
0.429435
0.079634
0.0
0.0
0.0
0.0
0.170476
0.0
0.0
0.332234
1.0
1.0
0.0
0.004322
0.0

0.559384
-0.369291
0.289184
0.095185
-0.252397
0.078858
0.108059
0.0
0.0
0.0
0.0
0.238755
0.0
0.0
1.0
1.0
1.0
0.080513
0.0
0.021319

-0.122017
0.088451
0.081291
0.0
-0.192235
0.065964
0.169011
0.0
-0.187511
0.005201
0.0
0.026007
0.0
0.0
0.380879
1.0
1.0
0.000513
0.0
0.0

0.396054
0.088451
0.074999
0.156136
-0.367031
0.326698
0.00989
0.003443
0.013407
0.0
0.0
0.389377
0.0
0.0
1.0
1.0
1.0
0.061172
0.058535
0.001099

0.482145
-0.096153
0.254947
0.178531
-0.058274
0.318467
0.164029
0.0
0.0
0.0
0.0
0.263517
0.0
0.0
0.438315
0.376191
1.0
0.231136
0.200659
0.0

0.062904
0.577029
-0.212081
0.054677
-0.293908
0.196364
0.0
0.0
0.0
0.0
0.0
0.23348
0.0
0.0
0.234689
1.0
0.999487
0.055311
0.0
0.043297

0.549832
0.195761
0.232639
0.0
0.146654
0.775275
0.079634
0.0
0.0
0.0
0.0
0.263517
0.0
0.0
0.292967
1.0
0.999487
0.061172
0.0
0.0

0.41106
-0.115709
-0.013847
0.029007
0.652933
0.276653
0.08022
0.0
0.204469
0.0
0.0
0.104378
0.0
0.0
1.0
1.0
1.0
0.030989
0.058535
0.0

0.335738
0.221109
0.129962
0.0
0.15957
0.16657
0.055018
0.0
0.023663
0.0
0.0
0.087839
0.0
0.0
0.0
1.0
0.941685
0.0
0.043297
0.0

