horns
Left

1.0
0.264042
0.049934
0.0
-0.044864
1.0
0.745421
0.482271
0.09663
0.031575
0.031575
0.919194
0.99978
0.99978
1.0
1.0
1.0
0.033919
0.034799
0.034799

0.656853
0.295414
0.06903
0.173718
0.251863
1.0
0.63304
0.533553
0.140879
0.027766
0.027766
0.869377
0.99978
0.99978
0.869963
1.0
1.0
0.029817
0.055311
0.055311

0.68772
0.32769
0.081613
0.374862
0.148562
1.0
0.607839
0.421026
0.072601
0.011941
0.011941
0.877143
0.99978
0.99978
0.670989
1.0
1.0
0.026593
0.021612
0.021612

1.0
0.295414
0.013977
0.0
0.131788
1.0
0.863663
0.055897
0.0
0.0
0.043004
0.547619
1.0
1.0
0.395238
1.0
1.0
0.038608
0.0
0.0

0.68772
-0.171672
0.084102
0.030369
0.285281
1.0
1.0
0.194799
0.135277
0.019853
0.001978
1.0
1.0
0.998315
0.325788
1.0
1.0
0.074359
0.0
0.0

0.609475
-0.155606
-0.097407
0.243175
0.209345
1.0
1.0
0.178974
0.03304
0.0
0.0
0.88989
1.0
0.850916
0.496777
1.0
1.0
0.085495
0.00696
0.0

0.935538
-0.056804
0.0
0.294571
-0.119836
1.0
1.0
0.133846
0.043004
0.0
0.000806
1.0
0.839487
1.0
0.637582
1.0
1.0
0.038022
0.0
0.0

0.753692
0.295414
0.147031
0.19571
-0.186634
1.0
0.570037
1.0
0.135277
0.0
0.0
0.936117
0.998315
0.998608
1.0
1.0
1.0
0.188059
0.012527
0.0

0.95005
-0.22224
-0.019945
0.0
-0.030902
1.0
0.743956
0.814725
0.205694
0.0
0.011648
0.683297
1.0
1.0
0.541612
1.0
1.0
0.029524
0.0
0.0

0.4515
-0.22224
0.059424
0.294571
-0.127844
1.0
1.0
1.0
0.090183
0.0
0.022491
0.973407
1.0
0.999194
0.671282
1.0
1.0
0.047985
0.0
0.0

0.68772
-0.273139
-0.03765
0.19571
0.253081
1.0
0.417949
0.0
0.03304
0.0
0.005495
0.632308
1.0
1.0
0.818095
1.0
1.0
0.175018
0.021612
0.0

0.742689
-0.157964
0.158663
0.243175
0.101897
1.0
1.0
0.0
0.135024
0.0
0.0
0.88989
0.998608
0.998608
1.0
1.0
1.0
0.06
0.0
0.0

0.9712
0.135145
0.0
0.054651
-0.030902
1.0
0.743956
1.0
0.028645
0.0
0.000806
1.0
0.771502
1.0
0.345714
0.671575
1.0
0.029817
0.0
0.0

1.0
-0.216953
0.0349
0.109981
0.131788
1.0
1.0
0.533553
0.09663
0.0
0.0
0.590403
1.0
1.0
0.282711
1.0
1.0
0.025128
0.0
0.0

1.0
0.019537
0.111219
0.19571
0.120787
1.0
1.0
0.421026
0.03978
0.001978
0.025714
0.824835
1.0
1.0
0.757143
1.0
1.0
0.016337
0.0
0.0

0.818955
-0.017506
0.0
0.283182
0.169753
1.0
1.0
0.58044
0.205055
0.002271
0.025714
0.855604
1.0
1.0
0.772381
1.0
1.0
0.031282
0.0
0.0

0.739618
0.636453
-0.272829
0.0
0.263546
1.0
0.896337
0.909231
0.077289
0.0
0.011941
0.877143
1.0
0.998608
1.0
1.0
1.0
0.095458
0.0
0.033626

0.562552
0.019793
0.0
0.082569
0.248989
1.0
0.727692
0.73663
0.03978
0.0
0.001978
1.0
1.0
0.678901
0.557582
1.0
1.0
0.0
0.0
0.0

