i
Left

1.0
0.0
0.0
0.0
0.154108
1.0
0.824689
1.0
1.0
1.0
1.0
1.0
0.99978
0.99978
1.0
1.0
1.0
0.155238
0.052381
0.052381

1.0
0.0
0.0
0.0
0.221614
0.749585
0.612674
1.0
1.0
1.0
1.0
1.0
0.99978
0.99978
1.0
1.0
1.0
0.156557
0.033626
0.033626

1.0
0.0
0.0
0.0
0.23301
0.891535
0.52359
0.637582
1.0
1.0
1.0
1.0
0.99978
0.99978
1.0
1.0
1.0
0.087839
0.031575
0.031575

0.993317
0.0
0.0
0.0
0.035928
1.0
0.629084
0.689744
1.0
1.0
1.0
1.0
1.0
0.99978
0.910696
1.0
1.0
0.139121
0.0
0.021026

0.943249
0.0
0.0
0.0
0.06987
1.0
0.508645
1.0
1.0
1.0
1.0
1.0
0.99978
0.998315
0.890476
1.0
1.0
0.161099
0.0
0.026886

0.692463
-0.122449
-0.196392
0.0
0.063464
1.0
1.0
0.074359
1.0
1.0
1.0
1.0
1.0
0.998315
0.720806
0.999194
0.972381
0.256337
0.0
0.0

0.431958
0.0
0.0
0.003877
0.198149
1.0
0.79685
0.56315
1.0
1.0
1.0
0.951648
1.0
1.0
1.0
1.0
1.0
0.0
0.0
0.0

0.595391
0.0
0.0
0.012457
0.23301
1.0
0.974945
0.075531
0.853553
1.0
1.0
0.765348
0.999194
1.0
1.0
0.999194
1.0
0.087839
0.0
0.04652

0.58925
0.0
0.0
0.0
0.373528
1.0
1.0
1.0
1.0
1.0
1.0
1.0
1.0
1.0
1.0
1.0
1.0
0.241099
0.012527
0.0

0.896785
0.0
-0.271213
0.0
0.197575
1.0
1.0
0.130916
1.0
1.0
0.99978
1.0
1.0
1.0
1.0
1.0
1.0
0.16696
0.0
0.0

0.585157
0.0
-0.128086
0.0
0.224101
1.0
1.0
1.0
1.0
1.0
1.0
1.0
1.0
0.998315
0.831868
1.0
1.0
0.420147
0.0
0.0

1.0
-0.416277
-0.196392
0.0
0.06987
1.0
0.273919
1.0
1.0
1.0
0.99978
1.0
0.998608
1.0
0.943516
1.0
1.0
0.094286
0.0
0.0

0.716975
0.0
0.0
0.0
-0.062242
1.0
0.742344
1.0
1.0
1.0
1.0
1.0
1.0
0.998315
1.0
1.0
1.0
0.210769
0.0
0.035971

0.673784
0.0
-0.271213
0.0
0.224101
1.0
1.0
0.689744
1.0
1.0
1.0
1.0
1.0
1.0
1.0
1.0
1.0
0.250769
0.022784
0.0

0.712222
-0.122449
0.0
0.0
-0.204233
1.0
1.0
1.0
1.0
0.99978
1.0
1.0
1.0
1.0
1.0
1.0
1.0
0.08696
0.04652
0.021026

0.460744
0.0
-0.147501
0.0
0.197575
1.0
0.350989
0.086081
0.736923
1.0
1.0
0.818974
0.99978
1.0
1.0
1.0
1.0
0.250769
0.0
0.0

0.587257
-0.203811
0.0
0.104442
0.265866
1.0
0.572088
1.0
1.0
1.0
0.99978
1.0
1.0
0.99978
1.0
1.0
1.0
0.19304
0.021026
0.0

0.517584
0.0
0.0
0.0
0.25407
1.0
0.896923
1.0
1.0
1.0
1.0
1.0
0.998608
1.0
1.0
1.0
1.0
0.164029
0.0
0.0

