k
Left

0.119588
0.341705
0.171761
0.106253
0.780163
0.793114
0.037143
0.018681
0.05707
0.0
0.0
0.477582
0.032161
0.032161
0.945275
1.0
1.0
0.7463
1.0
1.0

0.217789
0.276339
0.334386
0.050382
0.787564
0.755915
0.035092
0.015751
0.037729
0.0
0.0
0.377363
0.018681
0.018681
0.967253
1.0
1.0
0.738681
1.0
1.0

0.223495
0.274934
0.357359
0.12474
0.935858
0.704165
0.016337
0.019267
0.022491
0.0
0.0
0.304103
0.028938
0.028938
0.901758
1.0
1.0
0.5737
1.0
1.0

0.418346
0.7726
0.303658
0.0
0.002798
0.793114
0.34044
0.0
0.0
0.0
0.0
0.749231
0.0
0.0
0.888425
1.0
0.999487
1.0
0.999194
0.999487

0.458346
-0.208831
0.0
0.0
0.394424
0.704165
0.035092
0.018681
-0.026569
0.0
0.0
0.522418
0.009597
0.0
1.0
0.889597
1.0
0.796703
0.738095
0.495458

0.496554
0.284603
0.044368
0.0
0.0
0.660561
0.227473
0.0
0.564029
0.0
0.0
0.273333
0.0
0.0
1.0
1.0
1.0
1.0
0.721099
1.0

0.390504
0.245123
-0.058723
0.0
0.1843
0.69358
0.435092
0.0
0.325495
0.0
0.0
0.684762
0.013407
0.0
1.0
1.0
1.0
1.0
0.713626
1.0

0.369586
-0.012047
-0.113548
0.0
0.0
0.958145
0.239341
0.0
-0.109071
0.0
0.0
0.441245
0.0
0.0
1.0
1.0
1.0
0.991575
0.385861
1.0

0.387066
0.231329
0.117425
0.0
0.352433
1.0
0.182491
0.0
0.171355
0.0
0.0
1.0
0.0
0.001099
1.0
1.0
1.0
1.0
0.678901
1.0

0.47789
0.088026
-0.125017
0.0
0.0
0.959264
0.213553
0.0
0.0
0.0
0.0
0.377363
0.0
0.013407
1.0
0.688864
1.0
0.998022
1.0
1.0

0.317668
0.456866
0.171761
0.050382
0.002348
0.983693
0.0
0.0
0.180953
0.0
0.0
1.0
0.0
0.028938
1.0
1.0
1.0
0.951575
1.0
0.738095

0.435439
0.067692
0.043371
0.0
0.0
0.956512
0.011648
0.004615
0.171195
0.0
0.0
0.273333
0.0
0.0
1.0
1.0
0.919194
1.0
1.0
0.999487

0.47789
0.118885
0.0
0.0
0.0
0.793114
0.435092
0.0
-0.109071
0.0
0.001392
0.596264
0.0
0.015165
1.0
1.0
1.0
0.846813
1.0
1.0

0.425984
0.152504
-0.034428
0.0
0.0
1.0
0.145568
0.0
0.117915
0.0
0.0
0.749231
0.0
0.0
1.0
1.0
1.0
1.0
1.0
0.999194

0.407589
0.211669
0.119875
0.12474
0.002544
1.0
0.375604
0.0
0.564029
0.0
0.0
0.637436
0.0
0.0
1.0
1.0
1.0
0.955531
0.998901
1.0

0.407589
0.211669
0.0
0.0
0.0
1.0
0.208425
0.0
0.319048
0.0
0.0
1.0
0.0
0.0
1.0
1.0
1.0
1.0
0.644322
1.0

0.369586
-0.083109
0.0
0.0
0.39944
0.860422
0.428059
0.0
0.420733
0.0
0.0
1.0
0.0
0.0
0.906154
1.0
1.0
0.978681
0.714652
1.0

0.261278
0.231329
-0.06185
0.0
0.000141
0.880251
0.481099
0.0
0.014032
0.0
0.0
0.499854
0.0
0.0
1.0
1.0
1.0
0.93707
0.995458
0.878462

