l
Left

0.299028
0.180965
0.019246
0.007751
0.525552
0.067309
0.0
0.0
-0.182204
0.001392
0.001392
0.868205
0.99978
0.99978
0.928864
1.0
1.0
0.395824
1.0
1.0

0.206174
0.396631
0.040523
0.021675
0.35135
0.104841
0.0
0.0
-0.245706
0.007546
0.007546
0.808132
0.99978
0.99978
0.654872
1.0
1.0
0.284762
1.0
1.0

0.123207
0.242253
-0.073136
-0.156311
0.396251
0.102465
0.0
0.0
-0.37258
0.0
0.0
0.551136
0.99978
0.99978
0.470256
1.0
1.0
0.205934
1.0
1.0

0.406987
-0.12922
-0.545436
0.0
0.0
0.021978
-0.125355
-0.060241
0.100733
0.0
0.020733
1.0
1.0
1.0
0.218466
0.709963
1.0
1.0
0.99978
1.0

-0.35793
0.01569
0.0
0.0
0.00189
0.0
-0.135741
-0.08363
0.19685
0.0
0.0
1.0
1.0
1.0
0.83011
0.794213
1.0
0.998022
1.0
0.987839

1.0
-0.244501
0.0
0.0
0.0
0.209636
-0.14638
-0.009541
0.033626
0.0
0.0
1.0
1.0
1.0
1.0
1.0
1.0
0.251648
0.767692
1.0

0.685982
-0.02912
0.0
0.0
0.0
0.0
-0.353642
-0.113933
0.118169
0.0
0.0
0.862344
1.0
1.0
0.0
1.0
1.0
0.64022
1.0
0.999487

0.340741
0.145505
0.0
-0.097145
0.0
0.104841
-0.19346
-0.1875
0.477582
0.0
0.0
0.749524
1.0
0.998315
1.0
1.0
1.0
1.0
1.0
1.0

0.619793
0.01569
0.0
0.0
0.0
0.0
-0.14638
-0.13423
0.208776
0.0
0.0
1.0
1.0
0.998022
1.0
1.0
1.0
1.0
1.0
1.0

0.54672
0.028647
0.0
0.0
0.0
0.0
-0.363636
-0.13423
0.144103
0.0
0.0
0.888278
1.0
0.998608
0.654872
1.0
1.0
1.0
1.0
1.0

-0.120416
0.269026
-0.073136
0.0
0.0
0.0
-0.353642
-0.004019
-0.37258
0.0
0.0
1.0
0.999194
1.0
1.0
1.0
0.840659
0.64022
1.0
0.044176

0.648871
-0.25388
0.0
-0.156311
0.0
0.0
-0.087624
-0.015116
0.199341
0.007546
0.0
1.0
1.0
1.0
1.0
0.840659
1.0
1.0
1.0
1.0

0.398689
-0.229521
0.0
0.0
0.0
0.0
0.039058
0.0
0.146886
0.0
0.0
1.0
0.998608
0.999194
1.0
0.798755
1.0
0.64022
0.99978
0.998901

1.0
0.167294
0.0
0.0
0.140783
0.0
0.069963
-0.03394
0.122711
0.0
0.0
1.0
0.967839
1.0
0.0
1.0
1.0
1.0
1.0
0.7463

0.514831
0.019382
0.0
0.0
0.002157
0.0
-0.101442
0.051037
0.317289
0.0
0.0
1.0
1.0
1.0
1.0
0.840659
1.0
1.0
1.0
1.0

0.892047
-0.20873
-0.000454
0.0
0.044981
0.0
0.036264
-0.037595
0.439487
0.0
0.0
0.57663
0.779854
0.99978
1.0
1.0
0.054725
0.205934
0.999487
1.0

0.566982
-0.148551
0.0
0.023462
-0.236286
0.0
-0.213105
-0.096687
-0.182204
0.0
0.0
0.912161
0.998608
1.0
1.0
1.0
0.988132
1.0
1.0
1.0

0.398689
0.396631
0.0
-0.01423
0.107589
0.0
0.054432
0.0
0.692381
0.0
0.0
1.0
0.998608
0.987766
1.0
1.0
1.0
0.814579
1.0
1.0

