open_e
Left

0.410613
0.375504
0.130429
-0.102643
0.029019
0.781465
0.377363
0.186593
0.039599
1.0
1.0
0.044643
0.99978
0.99978
0.001919
0.57663
0.57663
0.012821
0.319927
0.319927

0.036837
0.393195
0.002796
-0.261619
-0.124987
0.851642
0.204762
0.06967
-0.025307
1.0
1.0
0.026886
0.99978
0.99978
0.060081
0.790843
0.790843
-0.015153
0.589231
0.589231

0.167709
0.240129
-0.078486
-0.201226
-0.154296
1.0
0.344542
0.091941
-0.088611
1.0
1.0
-0.052906
0.99978
0.99978
0.023806
0.76359
0.76359
-0.048959
0.377949
0.377949

0.001916
0.195568
-0.06988
0.210552
-0.349625
0.63468
0.0
0.0
-0.119439
1.0
1.0
-0.063582
1.0
0.970769
-0.116464
1.0
1.0
0.0
0.295897
1.0

-0.020577
0.13423
-0.038915
-0.008509
-0.124987
0.987969
0.0
0.0
0.206428
1.0
1.0
0.606813
1.0
1.0
-0.025198
1.0
0.727253
0.147283
0.319927
0.791429

0.200751
0.072674
0.055954
-0.27969
-0.101123
0.811475
0.201245
0.0
0.0
1.0
1.0
0.208464
0.99978
0.999194
0.01663
1.0
0.965421
0.035218
0.957875
0.685348

-0.034786
0.08623
-0.183258
-0.102217
-0.03791
0.651939
0.181026
0.246667
0.057795
1.0
1.0
0.208464
0.998608
0.998608
-0.093844
1.0
1.0
-0.048959
1.0
0.506593

-0.233133
-0.23568
-0.179299
-0.112771
0.049198
0.907919
0.211648
0.0
0.044176
1.0
1.0
0.018388
1.0
1.0
0.087839
1.0
0.965421
0.044176
1.0
1.0

0.350429
0.612831
-0.37058
-0.27969
0.029019
0.858204
0.292234
0.0
-0.155904
1.0
1.0
0.0
1.0
1.0
-0.034378
1.0
1.0
0.24151
1.0
1.0

-0.057863
0.181918
-0.206688
0.210552
-0.128425
0.677974
0.0
0.014286
0.296923
1.0
1.0
0.0
1.0
0.718462
0.037143
1.0
1.0
0.012821
1.0
1.0

0.122783
0.206027
-0.328612
-0.129871
-0.260391
0.578844
0.204762
0.0
-0.049328
1.0
1.0
-0.09313
1.0
0.999194
0.007839
0.955385
1.0
0.26967
0.998901
0.685348

0.090292
0.136581
-0.179299
-0.076181
-0.328835
0.340729
0.629377
0.0
-0.221221
1.0
1.0
0.043004
0.659707
1.0
0.095751
0.326667
0.908059
0.057363
0.472894
1.0

0.110856
0.103613
-0.205055
0.20988
0.158002
0.570611
0.079634
0.0
0.010476
1.0
1.0
0.038391
1.0
1.0
0.060081
1.0
1.0
0.048278
0.389817
1.0

-0.46772
0.011767
-0.214741
-0.00884
-0.098943
0.681343
0.0
0.0
-0.01109
1.0
1.0
0.001099
1.0
0.998608
0.081021
0.326667
1.0
-0.197008
0.998901
0.783223

0.001916
0.103804
-0.147109
-0.078847
-0.123923
0.739223
0.047399
0.0
0.013978
1.0
1.0
0.045348
1.0
1.0
0.087839
1.0
0.68652
0.197704
0.472894
0.997729

-0.045698
0.11829
0.01838
-0.00884
-0.04751
0.851642
0.117143
0.045055
0.0
1.0
1.0
0.038391
1.0
1.0
0.089304
0.942051
1.0
0.0
0.957875
1.0

0.434951
0.109515
-0.03521
-0.052322
-0.095237
0.852543
0.232601
0.0
-0.153666
1.0
1.0
0.012234
0.99978
0.998608
0.023806
1.0
1.0
0.154232
0.783223
0.986007

0.058375
0.150276
0.009384
-0.078847
-0.147935
0.736379
0.089304
0.091941
0.028352
0.99978
1.0
0.515678
1.0
1.0
0.0
0.727253
0.411648
-0.197008
1.0
0.769597

