open_8
Left

0.060034
-0.266195
0.039826
0.747094
-0.324776
0.45333
0.0
0.010183
0.072601
0.0
0.0
0.879341
0.087253
0.087253
0.399048
0.0
0.0
-0.058985
0.004322
0.004322

-0.250343
-0.154056
0.102896
0.965198
-0.101065
0.559851
0.006667
0.035971
0.005201
0.0
0.0
0.669377
0.027179
0.027179
0.187766
0.0
0.0
-0.055392
0.0
0.0

-0.133877
0.071301
0.238912
0.840221
-0.232074
0.597351
0.0
0.017509
-0.035032
0.0
0.0
0.430403
0.113626
0.113626
0.135751
0.0
0.0
-0.054233
0.0
0.0

0.095335
0.142258
0.102896
0.148479
-0.030663
0.591352
0.05326
0.0
0.241978
0.0
0.0
0.510842
0.025128
0.673333
0.551136
0.0
0.0
-0.055392
0.002564
0.065568

0.092104
0.723511
-0.110053
0.124781
-0.415123
0.587842
0.065861
0.0
0.102491
0.0
0.0
1.0
1.0
1.0
0.286813
0.002857
0.0
0.028352
0.0
0.0

0.152255
-0.05936
0.026399
0.037342
-0.329175
0.612003
0.233187
0.021612
0.007253
0.0
0.0
0.880366
0.053553
0.354506
0.614432
0.0
0.0
0.0
0.0
0.002857

0.039977
0.396665
-0.420727
0.148479
-0.030663
0.358312
0.235092
0.035971
0.430256
0.0
0.128864
0.784689
0.554359
0.0937
0.311429
0.004322
0.015458
0.033333
0.0
0.0

0.423143
-0.146075
0.0
0.094962
0.142454
0.238984
0.172821
0.0
0.064396
0.128864
0.0
0.430403
0.998608
0.310843
0.195385
0.0
0.0
0.0
0.0
0.0

0.144111
0.063939
0.0
-0.124387
-0.252673
0.530177
0.32022
0.0
0.174872
0.0
0.0
1.0
0.80989
1.0
0.156557
0.005201
0.0
0.0
0.0
0.0

0.406015
-0.14012
0.0
0.312739
-0.104852
0.253925
0.176337
0.017509
0.007839
0.0
0.128864
0.982491
0.80989
0.310843
0.245201
0.0
0.0
0.0
0.0
0.0

0.062336
0.396665
-0.093376
0.273706
0.00955
0.191318
0.0
0.0
0.561978
0.0
0.0
1.0
0.571355
0.945275
0.339121
0.0
0.002857
0.0
0.0
0.0

0.092104
-0.077631
0.0
-0.001233
-0.191401
0.500729
0.056484
0.018095
0.147326
0.0
0.0
1.0
0.46381
0.344542
0.578974
0.0
0.0
0.089597
0.0
0.0

0.14299
-0.05818
-0.019957
0.037342
-0.087003
0.346571
0.05326
0.017509
0.89663
0.0
0.0
0.822344
0.590696
1.0
0.689157
0.0
0.0
0.028645
0.010183
0.0

-0.072306
0.067945
0.079312
0.474219
-0.033622
0.559851
0.123883
0.00989
0.308498
0.0
0.12359
0.430403
0.534725
0.747473
1.0
0.0
0.0
0.05326
0.0
0.0

0.198014
0.78984
0.026399
0.087406
-0.343569
0.294887
0.0
0.0
0.037436
0.0
0.0
1.0
1.0
0.0937
0.237289
0.008718
0.002271
-0.042155
0.0
0.0

0.294105
0.053413
0.0
0.140495
-0.217901
0.726378
0.07348
0.0
0.005201
0.0
0.0
0.833333
1.0
0.043883
1.0
0.006667
0.0
0.0
0.0
0.004322

0.293886
-0.143836
-0.386388
-0.124387
-0.191401
0.797009
0.104835
0.024249
0.031575
0.12359
0.128864
1.0
0.46381
0.650476
0.472308
0.0
0.0
0.054432
0.0
0.0

-0.224291
-0.077631
-0.420727
0.148479
-0.337664
0.585462
0.0
0.0
0.624689
0.0
0.0
0.183663
0.064396
0.378535
0.352161
0.0
0.0
0.0
0.0
0.0

