open_h
Left

-0.81165
-0.309462
-0.072314
0.178666
0.62173
0.176358
0.0
0.008132
-0.14893
0.0
0.0
0.004615
0.0
0.0
0.624103
1.0
1.0
0.407546
1.0
1.0

-0.792856
-0.221044
-0.001713
0.133194
0.601326
0.111838
0.0
0.011062
0.060934
0.0
0.0
0.01956
0.00696
0.00696
0.848864
1.0
1.0
0.731062
1.0
1.0

-0.839609
-0.145893
-0.115332
0.006785
0.427152
0.126918
0.0
0.001099
-0.227605
0.0
0.0
0.0
0.0
0.0
0.257802
1.0
1.0
0.213114
1.0
1.0

-0.283083
-0.776883
0.129016
0.0
0.0
0.139839
0.0
0.0
0.521538
0.0
0.0
0.43055
0.0
0.0
1.0
1.0
1.0
1.0
0.814432
1.0

-0.164717
-0.414464
-0.357485
0.0
0.0
0.542442
0.01663
-0.147757
0.338974
0.0
0.0
0.431575
0.0
0.0
0.861026
1.0
1.0
0.407546
1.0
0.9737

-0.336118
0.099113
-0.275149
0.0
0.001979
0.007617
-0.074152
-0.00497
-0.013388
0.0
0.0
0.244908
0.0
0.0
1.0
0.52652
1.0
0.731062
1.0
0.99978

-0.438053
-0.257512
0.003432
0.0
0.077973
0.230332
-0.069428
-0.00497
0.291502
0.0
0.0
0.556264
0.0
0.0
1.0
1.0
1.0
1.0
1.0
0.567253

-0.143025
-0.108101
-0.01195
0.0
0.427152
0.113282
0.005788
-0.120839
0.147473
0.0
0.0
0.161685
0.0
0.0
0.624103
1.0
1.0
1.0
0.999487
1.0

-0.180644
-0.490351
-0.262894
0.0
0.003741
0.0
0.01663
0.0
0.195385
0.0
0.009304
0.26718
0.0
0.0
1.0
1.0
1.0
0.754066
1.0
1.0

-0.792856
-0.642601
-0.061885
0.094798
0.0
0.542442
-0.073521
0.0
0.147473
0.0
0.0
0.556996
0.0
0.0
1.0
1.0
0.999487
1.0
0.999707
1.0

-0.260779
-0.356786
-0.077211
0.0
0.0
0.0
0.0
0.008132
0.067619
0.0
0.0
0.56696
0.0
0.0
0.605055
0.872308
1.0
0.90337
1.0
0.998901

0.109687
0.283221
0.490471
0.0
0.004418
0.0
-0.211476
0.0
0.060934
0.0
0.0
0.0
0.0
0.0
0.918022
1.0
0.68989
1.0
1.0
0.976777

0.172892
-0.186602
0.079342
0.0
0.001979
0.0
-0.151825
0.0
0.24989
0.0
0.0
0.147619
0.0
0.00696
1.0
1.0
1.0
0.934725
1.0
1.0

-0.336118
-0.219803
-0.219928
0.0
0.0
0.0
0.01663
0.0
0.475238
0.0
0.0
0.454139
0.0
0.0
1.0
1.0
1.0
0.744835
1.0
1.0

-0.438053
-0.63089
0.051059
0.0
0.0
0.0
0.0
-0.057848
-0.227605
0.0
0.0
0.195092
0.0
0.0
0.631429
1.0
0.84359
1.0
1.0
1.0

-0.485849
-0.238236
-0.394002
0.0
0.058573
0.008619
0.005495
0.0
0.074652
0.0
0.011941
0.459414
0.0
0.0
1.0
1.0
1.0
1.0
1.0
0.645934

0.459951
-0.279294
-0.077211
0.0
0.004178
0.176358
-0.030871
-0.009463
0.407839
0.0
0.0
0.244908
0.0
0.0
1.0
1.0
1.0
0.997143
1.0
1.0

-0.024583
-0.473614
-0.219928
0.0
0.0
0.0
0.0
0.0
0.074359
0.0
0.0
0.556264
0.0
0.0
0.865275
0.501612
0.806374
1.0
0.999487
0.999707

