open_f
Left

0.972613
0.537048
0.08064
-0.7013
-1.034972
0.574144
0.118315
0.0
0.491209
0.319048
0.319048
0.05033
0.0
0.0
-0.198139
0.0
0.0
-0.246928
0.020733
0.020733

0.906782
0.223455
0.033369
-0.698235
-1.132229
0.448236
0.007253
0.0
0.461758
0.087253
0.087253
0.130096
0.0
0.0
-0.265813
0.0
0.0
-0.26026
0.02337
0.02337

0.914076
0.22632
0.143145
-0.624297
-1.152323
0.498289
0.087546
0.0
0.4263
0.08315
0.08315
0.151924
0.0
0.0
-0.143134
0.0
0.0
-0.187094
0.007839
0.007839

0.952257
0.060969
-0.147398
-0.035603
-0.828041
1.0
0.000513
0.0
0.319048
0.307326
0.335604
-0.040374
0.0
0.0
-0.206976
0.0
0.0
-0.290213
0.0
0.0

1.0
-0.655137
0.032476
-0.376252
-0.845052
0.976651
0.0
0.0
0.412528
0.217363
0.092821
0.083058
0.0
0.0
0.0
0.0
0.0
-0.142347
0.02337
0.0

0.913114
-0.355127
0.204946
-0.2949
-0.914628
1.0
0.14
0.0
0.4263
0.023956
0.244908
-0.002731
0.0
0.0
-0.191596
0.0
0.0
-0.411492
0.0
0.0

0.901909
0.161731
-0.253822
-0.290421
-1.158588
0.678547
0.588645
0.0
0.491209
0.638755
0.229963
-0.096666
0.0
0.0
-0.140256
0.0
0.015458
-0.56092
0.018681
0.0

1.0
-0.550256
-0.076683
-0.551158
-1.467193
1.0
0.0
0.0
0.178095
0.018095
0.130476
0.0
0.0
0.0
-0.265813
0.0
0.0
-0.000782
0.0
0.0

1.0
0.866371
-0.394912
-0.183445
-0.522406
0.481294
0.242857
0.0
0.202418
0.092821
0.396117
0.0
0.0
0.0
-0.13689
0.0
0.0
-0.356325
0.0
0.0

0.896848
-0.139658
0.063974
-0.34511
-0.793903
0.571686
0.712308
0.0
0.0
0.246667
0.304103
-0.040196
0.0
0.0
-0.044813
0.0
0.0
-0.187094
0.0
0.0

0.878095
-0.021571
-0.13315
-0.7013
-1.152323
1.0
0.0
0.0
0.355824
0.231722
0.396117
0.82337
0.0
0.0
-0.240697
0.0
0.018681
-0.133545
0.0
0.00022

0.947569
0.106948
-0.399908
-0.724288
-0.115929
1.0
0.0
0.0
0.202418
0.072894
0.135311
-0.137143
0.0
0.0
-0.110253
0.0
0.0
0.0
0.0
0.0

0.853861
-0.627097
-0.050645
-0.362994
-0.301432
0.366946
0.0
0.0
0.034799
0.081685
0.409158
-0.06356
0.0
0.0
-0.078282
0.0
0.0
-0.019481
0.0
0.00022

1.0
0.301563
0.032476
-0.305179
-1.158588
0.976651
0.0
0.0
0.048864
0.231722
0.113333
0.0
0.0
0.0
-0.299345
0.0
0.0
-0.124439
0.0
0.0

1.0
0.161689
0.001978
0.132568
-1.132229
0.496431
0.069377
0.0
0.128571
0.116996
0.187473
0.0
0.024542
0.0
-0.224613
0.0
0.0
-0.362856
0.0
0.0

1.0
-0.355127
0.14546
-0.375982
-0.704695
1.0
0.000806
0.0
1.0
0.081685
0.376191
-0.107318
0.0
0.0
-0.044813
0.0
0.0
-0.290213
0.02337
0.0

0.873797
0.157896
-0.205423
-0.352584
-0.567627
0.703072
0.016044
0.0
0.355385
0.396117
0.272747
-0.115835
0.0
0.0
-0.103126
0.0
0.004908
-0.037446
0.0
0.0

0.95738
-2.015143
-0.363957
-0.465566
-1.014709
1.0
0.229377
0.0
0.041245
1.0
0.335604
0.0
0.0
0.0
-0.05743
0.0
0.0
-0.087653
0.001099
0.0

