q
Left

0.815425
0.401157
0.0
0.036324
0.702984
0.912877
0.060879
0.0
0.476264
0.011062
0.011062
1.0
0.99978
0.99978
0.974432
1.0
1.0
0.284469
1.0
1.0

0.769435
0.383167
0.275393
0.285128
0.700215
0.924296
0.03304
0.0
0.381758
0.010183
0.010183
0.787766
0.99978
0.99978
0.780147
1.0
1.0
0.244322
1.0
1.0

0.749026
0.336564
0.31865
0.1815
0.754588
0.918245
0.0
0.0
0.334579
0.010183
0.010183
0.765348
0.99978
0.99978
0.869963
1.0
1.0
0.299414
1.0
1.0

1.0
0.401157
0.397496
-0.204822
0.26338
1.0
0.230843
0.0
0.778828
0.0
0.011062
1.0
0.998022
1.0
1.0
1.0
1.0
0.757143
1.0
1.0

1.0
-0.590402
-0.300734
0.0
0.031949
1.0
0.089597
0.0
0.232894
0.177509
0.090769
0.472601
0.751868
0.99978
0.655018
1.0
1.0
0.691941
0.998901
1.0

1.0
0.0
0.0
0.308788
0.700215
1.0
0.032454
0.0
0.0
0.0
0.018388
0.608278
1.0
1.0
0.915678
1.0
1.0
0.72696
1.0
1.0

1.0
-0.317939
-0.027007
0.0
0.086844
1.0
0.239634
0.0
0.193773
0.0
0.059414
0.971941
0.998608
0.998608
1.0
1.0
1.0
0.715238
0.997729
1.0

1.0
-0.036259
0.118519
-0.514659
0.205401
1.0
0.0
0.0
0.647253
0.0
0.0
0.715678
0.952967
1.0
1.0
1.0
1.0
0.834799
0.999194
1.0

0.989905
-0.295506
0.196367
0.208534
0.014124
1.0
0.016044
0.0
0.555238
0.061465
0.061465
0.725495
1.0
1.0
0.91392
1.0
0.999194
0.802125
1.0
1.0

1.0
0.0
0.191027
0.0
0.754588
0.959221
0.038315
0.0
0.326227
0.0
0.020733
1.0
0.998608
1.0
0.41663
1.0
1.0
0.657802
1.0
1.0

0.989905
-0.489174
0.458566
0.332174
0.179164
1.0
0.0263
0.0
0.177802
0.067619
0.021026
0.544835
0.998608
1.0
1.0
1.0
1.0
0.590549
1.0
1.0

1.0
-0.047591
0.010443
0.0
0.0
1.0
0.289451
0.0
0.125055
0.216484
0.03304
0.472601
0.759487
0.952967
1.0
1.0
1.0
0.802125
1.0
1.0

1.0
-0.498698
0.458566
0.0
0.317413
1.0
0.016044
0.0
0.177802
0.0
0.010183
0.212821
1.0
1.0
1.0
1.0
1.0
0.253993
1.0
1.0

1.0
-0.041378
0.051076
0.332174
0.75517
1.0
0.706154
0.0
0.232894
0.018388
0.0
0.533407
0.998608
1.0
0.19011
1.0
1.0
0.299414
1.0
1.0

1.0
-0.023805
0.0
-0.130823
0.437162
1.0
0.30044
0.0
0.269231
0.094579
0.189231
0.812234
1.0
0.998022
0.531502
1.0
1.0
0.963004
1.0
1.0

1.0
-0.35142
0.397496
0.0
0.031949
0.440528
0.0
0.0
0.375604
0.018388
0.040073
1.0
0.998608
1.0
0.969597
1.0
1.0
0.216923
0.937949
1.0

0.951412
-0.107317
0.0
0.029907
0.086844
1.0
0.438901
0.0
0.147326
0.001978
0.018095
1.0
1.0
1.0
0.906593
1.0
1.0
0.702344
1.0
1.0

1.0
-0.543256
0.331019
0.190024
0.171907
1.0
0.0
0.0
0.441538
0.04652
0.037729
0.562271
1.0
1.0
1.0
1.0
1.0
0.724029
1.0
1.0

