stacked_5
Left

0.003571
0.59394
0.101635
0.048528
0.709069
1.0
0.429817
0.08989
0.007503
0.0
0.0
0.813114
0.0
0.0
0.595092
0.014286
0.014286
0.668059
0.404176
0.404176

-0.011113
0.668981
0.0
0.122383
0.713293
0.946152
0.109524
0.028645
-0.036817
0.0
0.0
1.0
0.0
0.0
0.512747
0.005788
0.005788
0.651941
0.38293
0.38293

0.048535
0.511908
0.0
0.172211
0.737495
0.966783
0.05326
0.020147
0.006968
0.0
0.0
1.0
0.0
0.0
0.709963
0.240806
0.240806
0.630843
0.999414
0.999414

0.441404
0.470649
0.0
-0.193765
0.183346
1.0
0.067033
0.0
0.018445
0.0
0.0
0.338974
0.0
0.157582
0.477876
0.011941
0.0
1.0
0.747766
0.03685

0.893137
0.853256
0.139114
0.036751
0.045011
0.84008
0.156703
0.0
0.059203
0.0
0.0
0.370916
0.0
0.0
0.937656
0.03011
0.227766
0.537802
0.066154
0.437729

0.638756
0.409625
-0.215096
0.0
0.180382
0.624026
0.109524
0.0
0.243443
0.0
0.0
0.061172
0.0
0.0
0.795824
0.0
0.002271
0.80696
0.071722
0.385861

0.893137
0.409625
0.366859
-0.305802
-0.112009
1.0
0.429817
0.0
0.287985
0.0
0.0
0.400513
0.0
0.0
0.791722
0.0
0.024542
0.943956
0.114506
0.38293

0.223122
0.154661
0.193995
-0.249885
0.006475
1.0
0.528865
0.08989
0.391136
0.0
0.0
0.598022
0.0
0.0
0.753919
0.005788
0.0
0.430403
0.069963
0.24022

0.772099
0.428389
-0.168836
0.048528
0.0
1.0
0.084615
0.0
0.006374
0.0
0.0
0.315238
0.0
0.0
1.0
0.017509
0.054432
0.735751
0.235531
0.437729

0.306097
0.367954
0.163164
0.0
0.0
0.989946
0.0
0.0
0.0
0.0
0.0
0.049744
0.072308
0.0
0.559634
0.043297
0.044469
0.652528
0.034505
0.143517

0.772099
0.290447
-0.215096
0.004173
0.080629
0.519847
0.055311
0.0
0.028059
0.0
0.0
1.0
0.0
0.0
1.0
0.002271
0.017509
0.835971
0.145568
0.231722

0.314038
0.17581
-0.088226
0.024304
0.035194
1.0
0.084615
0.0
0.0
0.0
0.0
0.484615
0.0
0.0
0.937656
0.028645
0.0
1.0
0.051502
0.404176

0.048535
0.367954
-0.147174
0.388023
0.047283
1.0
0.0
0.0
-0.013187
0.0
0.0
0.678608
0.0
0.0
0.183956
0.008718
0.0
1.0
0.292674
0.231722

-0.358281
0.057104
-0.088226
0.0
0.109567
1.0
0.236996
0.098681
0.154799
0.0
0.0
0.338974
0.0
0.0
0.173114
0.014286
0.013407
0.937363
0.176044
0.404176

-0.340793
0.082726
0.296541
0.265833
0.035194
0.117051
0.217656
0.020147
0.243443
0.0
0.0
0.315238
0.0
0.0
0.133846
0.059414
0.047692
1.0
0.071429
0.0

0.681959
0.211115
0.163164
0.01658
0.0
1.0
0.0
0.0
-0.263995
0.0
0.0
0.813114
0.0
0.0
0.061465
0.059414
0.025421
1.0
0.388498
0.0

0.440166
0.623015
0.391516
0.0
0.23201
0.812723
0.458242
0.0
0.107619
0.0
0.0
1.0
0.0
0.0
0.120513
0.188352
0.001978
0.666154
0.0
0.051502

0.348444
0.41598
-0.238642
0.006023
0.00372
0.145828
0.069377
0.0
0.059203
0.0
0.0
0.484615
0.0
0.0
0.559634
0.227766
0.0
0.717289
0.001392
0.069963

