x
Left

-0.229975
-0.320787
-0.108661
0.147861
0.362169
1.0
1.0
1.0
0.349231
1.0
1.0
0.908059
0.99978
0.99978
0.667766
1.0
1.0
0.372967
1.0
1.0

-0.014026
0.023692
0.0
0.011705
0.530704
1.0
1.0
1.0
0.478462
1.0
1.0
1.0
0.99978
0.99978
0.919048
1.0
1.0
0.419267
1.0
1.0

-0.23764
-0.187144
0.0
-0.053031
0.600128
1.0
1.0
1.0
0.565495
0.798755
0.798755
1.0
0.99978
0.99978
0.61619
1.0
1.0
0.420147
1.0
1.0

-0.229975
-0.187144
0.0
0.0
-0.05223
1.0
1.0
0.330769
0.167253
0.992527
1.0
0.746007
1.0
1.0
0.407253
1.0
1.0
0.670989
1.0
0.999194

-0.601879
-0.202347
0.0
0.182425
0.200814
1.0
1.0
1.0
0.532674
0.67304
0.850037
1.0
0.9063
1.0
0.519487
1.0
1.0
0.710256
0.997729
1.0

-0.987351
0.346836
0.0
-0.334531
0.000284
1.0
1.0
0.0
0.527692
1.0
0.963443
1.0
1.0
1.0
0.99978
1.0
0.541172
1.0
1.0
1.0

-0.118331
-0.281295
0.0
-0.201866
0.0
1.0
1.0
0.0
0.563443
0.674945
0.535897
1.0
0.978974
1.0
0.919048
0.919487
1.0
0.222491
1.0
1.0

0.701451
-0.160693
0.0
0.19065
0.011407
1.0
1.0
0.149084
0.62718
1.0
0.963443
1.0
0.99978
1.0
0.445348
1.0
1.0
1.0
0.99978
1.0

0.785421
-0.288324
0.0
0.0
0.0
1.0
1.0
1.0
0.532674
0.237289
0.464689
0.738681
0.648718
1.0
1.0
0.999487
0.561978
0.482564
0.908645
1.0

0.725005
0.0
0.0
0.0
0.0
1.0
1.0
0.0
0.478462
0.412528
0.657509
0.75685
0.978462
0.862051
0.589817
1.0
1.0
0.639634
0.998901
0.840366

0.590537
-0.135052
0.0
0.19065
0.357825
1.0
1.0
0.38293
0.509524
1.0
0.166667
1.0
0.879048
0.977216
0.607546
1.0
1.0
0.728718
1.0
0.76696

-0.500746
-0.903333
-0.108661
-0.43985
0.019411
1.0
1.0
0.443297
0.618242
1.0
1.0
1.0
0.872308
0.725788
0.83304
0.999487
1.0
0.420147
0.76696
0.552015

1.0
-0.037877
0.0
0.0
0.022772
1.0
1.0
0.253114
0.208425
0.992527
0.850037
1.0
0.903663
1.0
1.0
0.999487
1.0
0.372967
0.598608
1.0

-0.23764
-0.133441
-0.072674
0.0
0.013872
1.0
1.0
1.0
0.1063
0.898095
1.0
1.0
0.695898
1.0
0.488132
0.542784
1.0
1.0
1.0
0.99978

0.184438
-0.054091
0.0
-0.189375
-0.12148
1.0
1.0
1.0
0.192747
1.0
0.67304
1.0
0.99978
1.0
0.60652
1.0
1.0
1.0
0.971062
1.0

1.0
-0.360983
0.0
0.1932
-0.676577
1.0
1.0
1.0
0.385275
1.0
0.166667
1.0
1.0
0.954652
0.589817
0.495458
1.0
0.806374
1.0
1.0

1.0
-1.438063
-0.003696
-0.214995
0.0
1.0
1.0
0.873773
0.748059
1.0
1.0
1.0
1.0
0.927692
0.83304
1.0
1.0
0.72022
1.0
1.0

0.231887
0.146512
0.0
0.0
0.046119
1.0
1.0
0.06381
0.669231
1.0
0.870549
1.0
0.99978
1.0
0.60652
1.0
0.993773
0.787033
0.645788
1.0

