1
Left

0.878665
-0.067457
0.0
0.0
0.101081
1.0
1.0
0.621172
0.552747
0.038901
0.038901
1.0
1.0
1.0
1.0
1.0
1.0
0.888132
1.0
1.0

0.769505
-0.072412
0.0
0.0
0.360095
1.0
1.0
0.806374
0.392308
0.03011
0.03011
0.821319
1.0
1.0
1.0
1.0
1.0
0.636996
1.0
1.0

0.700065
-0.124442
-0.011728
0.0
0.27842
1.0
1.0
0.620733
0.44696
0.04652
0.04652
0.802271
1.0
1.0
1.0
1.0
1.0
0.59685
1.0
1.0

0.879367
-0.112839
0.0
0.0
0.000318
1.0
0.291795
0.437143
0.321392
0.0
0.0
1.0
1.0
0.998022
1.0
1.0
1.0
0.636996
1.0
1.0

0.818498
0.109271
0.0
0.0
0.27842
1.0
1.0
0.199487
0.138505
0.0
0.0
1.0
1.0
1.0
1.0
1.0
1.0
0.933846
1.0
0.99978

0.995441
-0.044731
0.0
0.0
0.279942
1.0
0.795385
0.501758
0.220842
0.004908
0.0
1.0
1.0
0.99978
1.0
1.0
1.0
1.0
0.998315
1.0

0.66291
0.02821
0.0
0.0
0.000232
1.0
1.0
0.788498
0.417802
0.0
0.0
0.7863
1.0
1.0
1.0
1.0
1.0
0.542198
1.0
0.99978

0.638736
0.851945
0.0
0.010459
0.320129
1.0
0.764908
0.723736
0.182729
0.0
0.0
1.0
1.0
1.0
1.0
1.0
1.0
0.846081
0.999487
1.0

0.664039
0.587995
0.0
0.0
0.163802
1.0
0.790403
0.004615
0.312601
0.0
0.0
1.0
1.0
1.0
1.0
1.0
1.0
1.0
1.0
1.0

0.862621
0.114575
0.0
0.043366
0.0
1.0
0.884176
0.259854
0.229134
0.0
0.03011
0.757143
1.0
1.0
1.0
1.0
1.0
0.496337
1.0
1.0

0.913691
-0.210801
0.0
0.0
0.179416
1.0
1.0
0.181612
0.170006
0.0
0.0
0.821319
1.0
0.99978
1.0
1.0
1.0
0.969377
0.99978
1.0

0.493864
-0.3028
0.0
0.0
-0.157367
1.0
1.0
0.555238
-0.006332
0.0
0.0
0.915531
1.0
0.998315
1.0
1.0
0.999487
0.542198
1.0
0.99978

0.722235
-0.091823
0.0
0.000183
0.418613
1.0
0.795385
0.181612
0.417802
0.0
0.0
1.0
0.998022
1.0
1.0
1.0
1.0
0.496337
1.0
1.0

1.0
-0.124442
0.0
0.0
0.191619
1.0
0.221465
0.385275
0.158794
0.0
0.0
1.0
0.998315
1.0
1.0
0.999194
0.999487
0.692088
1.0
1.0

0.621432
-0.006638
0.049532
0.0
0.521751
1.0
0.88989
1.0
0.146836
0.0
0.0
1.0
0.998608
1.0
1.0
1.0
1.0
0.890476
0.99978
0.99978

0.72024
0.862466
0.0
0.0
0.418613
1.0
0.291795
0.320806
0.220842
0.0
0.0
1.0
1.0
1.0
1.0
1.0
1.0
0.236703
1.0
0.997729

0.7066
0.114064
0.0
0.0
0.366594
1.0
0.698828
1.0
0.162968
0.0
0.03011
0.734872
1.0
1.0
1.0
0.999487
1.0
0.888132
1.0
1.0

0.769505
0.082326
0.0
0.0
0.430781
1.0
0.372381
0.646374
0.200366
0.0
0.0
1.0
1.0
1.0
1.0
1.0
1.0
0.99978
1.0
1.0

