3
Left

0.573363
0.281956
-0.001174
0.0
0.0
0.057011
0.181758
0.0
0.297363
0.028352
0.028352
0.400513
0.0
0.0
1.0
1.0
1.0
1.0
1.0
1.0

0.650782
0.296445
-0.054673
0.121277
0.0
0.056407
0.094872
0.0
0.055604
0.008425
0.008425
0.052381
0.0
0.0
0.852381
1.0
1.0
1.0
0.872601
0.872601

0.517068
0.424111
-0.093172
0.044317
0.0
0.168167
0.298535
0.0
0.091941
0.028938
0.028938
0.141026
0.0
0.0
0.920659
1.0
1.0
1.0
0.827179
0.827179

0.316185
0.439392
-0.236671
-0.031702
0.103867
0.032901
-0.069389
-0.080538
0.0
0.0
0.0
0.0
0.0
0.0
0.920659
1.0
1.0
1.0
1.0
1.0

0.26096
0.231449
-0.19374
0.0
0.158358
0.056407
0.181758
-0.071876
-0.089603
0.028352
0.0
0.324029
0.0
0.0
0.988352
1.0
0.883736
1.0
0.952894
0.694725

0.20653
0.692122
0.024762
0.0
0.112189
0.542563
-0.254909
-0.064691
0.246672
0.0
0.0
0.073773
0.0
0.0
0.974359
1.0
0.974579
0.454725
1.0
0.999487

0.138444
0.418538
0.161466
0.0
0.158358
0.0
-0.182745
-0.066272
0.016923
0.0
0.0
0.825714
0.0
0.0
1.0
1.0
1.0
1.0
0.998901
1.0

0.313232
0.768606
-0.404161
-0.069159
0.461001
0.0
-0.0926
0.0
0.085201
0.0
0.0
0.324029
0.0
0.0
1.0
1.0
1.0
0.737216
0.645934
0.703663

0.331335
0.217173
-0.522578
0.119806
0.124343
0.0
0.066154
-0.0809
0.25663
0.0
0.0
0.008718
0.0
0.0
0.411355
1.0
1.0
0.71641
1.0
1.0

0.126558
0.287189
-0.656416
-0.041169
0.053748
0.0
-0.180548
0.0
0.002271
0.0
0.0
0.073773
0.0
0.0
1.0
0.883736
0.708791
1.0
0.685348
1.0

0.519784
0.526457
-0.08879
0.040474
-0.015455
0.0
-0.286602
-0.014253
0.013889
0.0
0.0
0.333407
0.0
0.0
0.994506
1.0
0.827179
1.0
1.0
0.697656

0.413347
0.296445
0.238343
0.0
-0.004297
0.0
-0.090881
-0.071686
0.059121
0.0
0.0
0.547033
0.0
0.0
0.907179
1.0
1.0
1.0
1.0
0.997729

0.42888
0.058127
0.053961
0.121277
0.112189
0.071931
-0.024354
-0.016698
-0.012416
0.0
0.0
0.370916
0.0
0.0
0.993699
1.0
1.0
0.873187
0.952894
1.0

0.598971
-0.116998
-0.333851
0.0
0.180929
0.08425
-0.174618
-0.183979
0.118168
0.0
0.0
0.103956
0.0
0.0
1.0
1.0
1.0
0.844762
1.0
0.872601

0.061069
0.109874
-0.286805
0.035597
0.162285
0.0
-0.139168
-0.11353
0.297363
0.0
0.0
0.008718
0.0
0.0
0.759487
1.0
1.0
0.891355
0.744835
1.0

0.544888
-0.225972
0.173277
0.0
0.0
0.0
-0.291082
-0.063662
0.0
0.0
0.0
0.0
0.0
0.0
0.836557
1.0
1.0
1.0
0.999194
0.997729

0.31186
0.155836
-0.581508
0.0
0.127324
0.0
-0.254909
-0.099098
0.067326
0.0
0.0
0.341612
0.0
0.0
1.0
1.0
1.0
0.939414
0.998901
1.0

0.538102
0.305508
-0.241029
0.002844
0.142745
0.057011
0.0
-0.071876
0.089011
0.0
0.0
0.068205
0.0
0.0
0.993699
1.0
0.738095
0.702051
1.0
1.0

