4
Left

-0.316504
0.618067
0.093259
-0.055708
-0.205677
1.0
1.0
0.123297
0.014579
0.0
0.0
0.030989
0.0
0.0
0.087369
0.0
0.0
0.035092
0.0
0.0

-0.275735
0.541869
-0.097058
-0.218301
-0.387214
1.0
1.0
0.150549
0.0
0.0
0.0
0.014118
0.0
0.0
0.085026
0.0
0.0
0.037729
0.0
0.0

-0.538393
1.275852
0.632971
-0.149972
-0.327917
1.0
1.0
0.129451
0.028059
0.0
0.0
0.023077
0.0
0.0
0.03978
0.0
0.0
0.035385
0.0
0.0

0.565056
0.381995
0.098614
-0.160154
-0.255131
1.0
1.0
0.0
0.0
0.0
0.0
-0.083564
0.0
0.0
-0.04849
0.0
0.0
0.0
0.0
0.0

0.274362
0.478675
0.101466
-0.304083
-0.593465
1.0
1.0
0.412234
-0.05153
0.0
0.0
0.004908
0.0
0.0
0.043883
0.0
0.0
0.018388
0.0
0.0

0.218722
0.403087
-0.094079
-0.138419
-0.185446
1.0
1.0
0.979267
-0.034635
0.0
0.0
0.0
0.0
0.0
0.0
0.0
0.0
0.0
0.0
0.0

0.177587
0.617646
-0.029871
-0.118103
-0.45975
1.0
1.0
0.391136
0.139414
0.0
0.0
0.008425
0.0
0.0
0.0
0.0
0.0
-0.040055
0.0
0.0

0.29681
0.135757
0.240518
0.120409
0.035855
1.0
1.0
0.0
0.0
0.0
0.0
0.094872
0.0
0.0
0.0
0.0
0.0
-0.039134
0.0
0.0

0.145642
0.429628
0.17268
-0.304083
-0.15576
1.0
1.0
0.059707
0.0
0.0
0.0
0.0
0.0
0.0
-0.042688
0.0
0.0
0.037729
0.0
0.0

0.448978
0.493561
0.019584
-0.223461
-0.450129
1.0
0.799634
0.129451
-0.117892
0.0
0.0
-0.10155
0.0
0.0
0.0
0.0
0.0
-0.040008
0.0
0.0

0.481584
0.135757
-0.094079
-0.218301
-0.281133
1.0
0.936484
0.13663
-0.039142
0.0
0.0
0.0
0.0
0.0
0.005495
0.0
0.0
0.034799
0.0
0.0

0.585445
0.512081
0.054014
-0.055708
0.005852
1.0
1.0
0.059707
-0.04284
0.0
0.0
0.0
0.0
0.0
-0.057056
0.0
0.0
-0.03936
0.0
0.0

0.47734
0.219118
-0.153443
-0.072458
-0.255131
1.0
1.0
0.000806
0.0
0.0
0.0
0.0
0.0
0.0
0.0
0.0
0.0
-0.015498
0.0
0.0

0.089534
0.622014
0.188257
-0.31029
-0.15576
1.0
1.0
0.059707
-0.08008
0.0
0.0
-0.098536
0.0
0.0
-0.053899
0.0
0.0
0.0
0.0
0.0

0.993769
0.508406
0.097722
-0.18806
-0.505292
1.0
1.0
0.391136
-0.087022
0.0
0.0
-0.047612
0.0
0.0
0.0
0.0
0.0
0.0
0.0
0.0

-0.30012
0.558649
-0.097058
-0.199788
-0.603632
1.0
1.0
0.53707
0.0
0.0
0.0
0.099853
0.0
0.0
-0.085418
0.0
0.0
-0.068758
0.0
0.0

0.363913
0.321574
0.265219
-0.218301
-0.281133
1.0
1.0
0.412234
0.014579
0.0
0.0
-0.123392
0.0
0.0
0.0
0.0
0.0
0.0
0.0
0.0

0.613431
0.569384
0.150873
-0.117288
-0.281925
1.0
1.0
1.0
0.11685
0.0
0.0
-0.015258
0.0
0.0
-0.056766
0.0
0.0
0.0
0.0
0.0

