8
Left

0.927835
-0.003195
0.115238
0.131742
-0.312275
1.0
0.340879
0.06674
0.161538
0.034799
0.034799
0.451209
0.235824
0.235824
0.361832
0.0
0.0
0.004029
0.0
0.0

0.842335
-0.149395
-0.077161
0.060111
-0.129313
1.0
0.783223
0.305275
0.312601
0.165641
0.165641
0.448718
0.581612
0.581612
0.494872
0.0
0.0
0.0
0.0
0.0

0.764049
-0.003969
-0.040798
0.140691
-0.127163
1.0
0.606227
0.049744
0.163736
0.048571
0.048571
0.431722
0.254872
0.254872
0.591575
0.0
0.0
0.219414
0.001099
0.001099

0.005815
0.250817
0.050456
0.490026
-0.262428
1.0
0.667473
0.514799
0.011355
0.0
0.0
0.448718
0.212674
0.581612
0.144689
0.0
0.0
0.0
0.0
0.01956

0.00373
-0.291488
-0.02834
-0.351686
-0.084721
1.0
0.169304
0.0
0.068035
0.0
0.0
0.099853
0.712894
0.961685
0.361832
0.0
0.010769
-0.034063
0.0
0.0

0.670484
-0.029575
0.146871
0.182399
-0.09316
1.0
0.844469
0.06674
0.033626
0.0
0.0
0.490476
0.722857
0.442711
0.443736
0.0
0.0
-0.131278
0.0
0.0

1.0
-0.182223
0.077438
0.337525
-0.310261
1.0
0.619267
0.296484
0.132179
0.0
0.047106
0.533553
0.998315
0.248132
0.294432
0.012527
0.0
0.0
0.0
0.0

0.848384
0.918022
-0.055092
0.277421
-0.747283
1.0
0.783223
0.0
0.0
0.0
0.0
1.0
0.999707
0.212674
0.282125
0.0
0.0
0.0
0.0
0.0

0.73141
-0.2156
0.098113
0.268277
-0.210913
1.0
0.844469
0.0
0.004615
0.0
0.0
0.385128
0.767985
0.665421
-0.020103
0.0
0.005788
-0.047329
0.0
0.0

0.945354
-0.030955
0.436788
0.209571
-0.127163
1.0
0.157289
0.166081
0.0274
0.0
0.0
0.77033
0.136923
0.985421
0.064982
0.0
0.0
0.0
0.0
0.001099

1.0
-0.13201
-0.466885
0.286869
-0.113016
1.0
0.814286
0.469963
0.229231
0.0
0.0
0.099853
0.712747
0.957289
0.086374
0.0
0.0
-0.084299
0.0
0.0

0.265184
0.545196
0.403665
0.429445
-0.25347
1.0
0.566667
0.420879
0.016487
0.0
0.0
0.693553
0.442711
0.961685
0.001685
0.0
0.005788
-0.006893
0.0
0.0

0.88583
0.102783
0.242503
-0.040469
-0.21748
1.0
1.0
0.0
0.166137
0.0
0.0
0.210623
0.712894
0.814286
-0.020103
0.0
0.012527
0.0
0.0
0.0

0.597511
0.064324
-0.163449
0.060111
-0.336237
1.0
0.713187
0.234066
0.06
0.0
0.0
0.601245
1.0
0.586886
0.493993
0.017509
0.017509
-0.046086
0.0
0.0

0.730757
0.274386
0.227895
0.251351
-0.2989
1.0
0.157289
0.383224
0.312601
0.0
0.0
0.447839
0.410769
0.954359
0.329011
0.0
0.0
-0.047329
0.0
0.0

0.263359
-0.030955
5.8e-05
0.060111
-1.006389
1.0
0.624103
0.049744
0.057656
0.017802
0.0
0.775897
1.0
0.467033
0.066154
0.017216
0.0
-0.056392
0.0
0.0

0.950318
0.311727
0.0
0.434757
-0.274428
1.0
0.667473
0.077875
0.059922
0.0
0.0
0.356557
0.212674
0.665421
0.299414
0.0
0.0
-0.068289
0.0
0.0

0.597511
0.011703
0.306337
-0.351686
-0.237138
1.0
1.0
0.944689
0.0
0.001685
0.0
0.514212
0.985421
0.928278
0.171941
0.0
0.007253
0.0
0.001099
0.0

