bent_l
Left

0.018232
-0.23189
0.0
0.0
0.0
0.067336
0.118022
0.0
0.466447
0.082857
0.082857
1.0
1.0
1.0
1.0
1.0
1.0
1.0
1.0
1.0

0.002015
-0.317568
0.0
0.0
0.0
0.28514
0.182491
0.0
0.430989
0.168571
0.168571
1.0
0.998901
0.998901
1.0
1.0
1.0
1.0
1.0
1.0

0.051982
-0.06913
0.0
0.0
0.0
0.212861
0.154506
0.0
0.47348
0.157289
0.157289
1.0
1.0
1.0
1.0
1.0
1.0
1.0
1.0
1.0

1.0
-0.061382
0.0
0.0
-0.122682
0.373931
-0.151707
0.0
0.0
1.0
1.0
1.0
1.0
1.0
1.0
1.0
1.0
1.0
0.704396
0.704396

0.018232
0.105197
-0.035603
0.0
0.00217
0.0
-0.213543
0.212381
0.0
1.0
0.131209
1.0
0.998315
0.999194
1.0
1.0
0.999487
1.0
0.99978
0.997729

0.942364
0.285478
0.04562
0.0
0.387112
0.0
-0.275079
0.0
0.466447
0.210183
1.0
1.0
0.645202
1.0
1.0
1.0
0.999194
1.0
1.0
0.999194

0.20493
-0.08234
0.0
0.0
0.0
0.399733
0.0
-0.03085
0.0
0.313773
1.0
0.672894
0.998315
1.0
0.668938
1.0
1.0
1.0
1.0
1.0

1.0
0.167462
0.0
0.0
0.387112
0.0
-0.292013
-0.012485
0.358608
1.0
0.99978
1.0
1.0
1.0
1.0
1.0
1.0
0.700293
0.839634
1.0

0.473323
-0.142413
0.0
0.0
0.0
0.0
-0.053026
0.0
0.220677
1.0
0.486374
1.0
0.810183
1.0
0.972088
0.947326
0.875824
0.201549
1.0
0.99978

0.276841
0.166336
-0.086689
0.0
0.0
0.304013
-0.134343
0.151548
0.182198
0.307326
1.0
0.99978
1.0
0.998608
0.757289
1.0
0.987839
0.724762
0.704396
1.0

0.199549
-0.28563
1.263239
0.443107
0.008449
0.001512
-0.042867
0.300898
0.041245
1.0
1.0
0.930476
1.0
0.999194
0.38967
1.0
0.875824
1.0
0.99978
0.986593

0.364387
0.134021
0.0
0.0
0.0
0.0
0.0
-0.036456
0.0
1.0
1.0
0.99978
1.0
1.0
1.0
0.78293
0.649744
1.0
0.997729
0.999194

0.409391
0.285478
-0.385938
0.047268
0.0
0.0
-0.246404
-0.022655
0.281392
1.0
0.157289
0.630989
1.0
1.0
1.0
1.0
1.0
0.997143
1.0
1.0

0.231259
0.183358
-0.139652
0.181387
0.021763
0.0
-0.213543
0.151548
0.0
0.082857
0.05033
0.930476
0.998315
0.998315
1.0
1.0
1.0
0.871282
1.0
0.998901

0.077069
0.041058
0.0
0.0
-0.122682
0.0
-0.344717
0.0
0.0
1.0
1.0
1.0
1.0
0.99978
1.0
1.0
0.999487
0.27304
1.0
1.0

0.517998
0.099228
0.0
-0.2123
-0.00086
0.0
-0.067288
0.017509
0.041245
1.0
0.649744
1.0
0.999194
1.0
0.707033
1.0
1.0
0.775311
0.850476
0.99978

0.364387
0.111348
0.020569
0.0
0.0
0.0
0.0
0.0
0.072601
1.0
1.0
1.0
1.0
0.99978
1.0
1.0
1.0
1.0
1.0
0.767106

0.679871
0.157564
0.0
0.0
0.091483
0.003334
-0.096075
-0.013628
0.0
1.0
1.0
1.0
1.0
1.0
1.0
1.0
1.0
0.506154
0.839634
1.0

