closed_e
Left

1.0
0.0
0.001515
0.679746
0.553794
1.0
1.0
0.761685
1.0
1.0
1.0
0.612088
1.0
1.0
0.678022
1.0
1.0
0.400073
1.0
1.0

0.960046
0.0
-0.054562
0.487434
0.350471
1.0
1.0
0.799487
1.0
1.0
1.0
0.583663
1.0
1.0
0.731941
1.0
1.0
0.347619
1.0
1.0

0.769865
0.0
-0.060265
0.217121
0.097996
1.0
1.0
0.979267
1.0
1.0
1.0
0.532235
1.0
1.0
0.583956
1.0
1.0
0.330769
1.0
1.0

0.600654
-0.120545
0.022781
0.072844
0.112162
1.0
1.0
1.0
0.605348
1.0
1.0
0.686667
1.0
0.99978
0.166374
1.0
1.0
0.955531
1.0
0.999487

0.277461
0.0
-0.478588
0.665237
0.179662
1.0
1.0
1.0
0.730476
0.99978
1.0
0.732821
1.0
1.0
0.193626
1.0
1.0
0.16989
1.0
1.0

0.970556
0.0
0.0
0.29928
-0.143096
1.0
1.0
0.262491
0.568718
1.0
1.0
0.583663
0.99978
0.999194
0.078755
1.0
1.0
0.330769
1.0
1.0

0.620432
0.0
0.0
0.157114
0.047863
1.0
1.0
0.414872
0.602271
1.0
1.0
0.731648
0.998022
1.0
0.79641
1.0
1.0
0.225861
0.689011
1.0

0.376072
0.032617
-0.392391
-0.031847
0.112162
1.0
1.0
1.0
0.701172
1.0
0.99978
0.479634
0.998608
1.0
0.078755
1.0
1.0
0.132674
0.997729
1.0

0.949158
0.0
-0.478588
0.487434
0.0
1.0
1.0
0.138681
0.601245
1.0
1.0
0.668352
1.0
1.0
0.275971
1.0
1.0
0.285641
1.0
1.0

0.504501
0.0
0.037081
0.226818
-0.348649
1.0
1.0
0.0
0.830403
1.0
0.99978
0.442125
1.0
1.0
0.482564
1.0
1.0
0.487546
1.0
0.830403

0.549908
-0.400421
-0.339661
-0.259146
-0.018315
1.0
1.0
0.761685
0.658681
1.0
1.0
1.0
0.998022
1.0
0.484469
0.999487
0.999487
0.206374
1.0
1.0

0.561924
0.0
-0.115197
-0.440789
0.163006
1.0
1.0
1.0
1.0
1.0
1.0
1.0
1.0
1.0
0.281978
1.0
1.0
0.203883
1.0
0.998901

1.0
0.0
-0.198783
0.15013
0.521341
1.0
1.0
0.182198
1.0
1.0
1.0
0.549963
1.0
0.998315
0.207399
1.0
1.0
0.232161
0.998901
0.947473

0.801889
-0.120545
1.197544
0.10121
-0.143096
1.0
1.0
0.567253
1.0
1.0
1.0
0.686667
1.0
1.0
1.0
1.0
1.0
0.314945
0.865568
1.0

0.214654
-0.333119
0.037822
0.131111
-0.050998
1.0
1.0
0.172821
0.920293
1.0
1.0
1.0
1.0
1.0
0.409011
1.0
1.0
0.567253
1.0
0.998901

0.758763
0.0
-0.198783
0.0
0.221571
1.0
1.0
0.998828
0.625568
1.0
1.0
0.583663
1.0
0.99978
0.127692
1.0
1.0
0.130769
1.0
1.0

0.620432
-0.173511
0.102012
0.0
0.271213
1.0
1.0
0.761685
1.0
1.0
1.0
0.707912
1.0
0.999194
0.298388
1.0
1.0
0.162125
1.0
1.0

0.078146
0.161223
0.037081
0.04818
0.167207
1.0
1.0
1.0
0.658681
1.0
1.0
0.549963
0.998608
1.0
1.0
1.0
0.999194
0.203883
1.0
1.0

