curved_4
Left

0.852718
-0.001398
-0.265226
-0.229527
0.146596
1.0
1.0
1.0
-0.142359
1.0
1.0
-0.118965
0.685641
0.685641
-0.037899
0.946447
0.946447
0.015751
0.722857
0.722857

0.950782
-0.148232
-0.154362
0.070109
-0.133311
1.0
1.0
1.0
-0.251582
1.0
1.0
-0.10726
1.0
1.0
-0.100068
1.0
1.0
0.002564
1.0
1.0

0.55465
0.130929
0.687188
-0.115951
-0.051869
1.0
0.983956
1.0
-0.055771
1.0
1.0
-0.015649
1.0
1.0
0.04999
1.0
1.0
0.023956
1.0
1.0

0.852718
0.350698
0.277811
-0.02225
-0.274136
1.0
1.0
1.0
0.120952
1.0
1.0
-0.102243
0.413114
0.630549
0.072894
1.0
0.894286
0.053553
0.184249
0.038315

-0.767045
0.130929
-0.210886
-0.16258
-0.307408
1.0
1.0
1.0
-0.142359
1.0
1.0
0.007546
0.557582
0.818095
0.480513
0.911575
1.0
0.029524
0.369158
0.325934

0.719126
0.423156
-0.131151
-0.110699
-0.495126
1.0
1.0
0.675385
0.206361
1.0
1.0
0.0
0.630549
0.453114
-0.133082
1.0
0.62381
0.015751
0.352161
0.025421

0.740957
0.347693
0.112901
-0.356513
-0.42635
1.0
1.0
0.406813
0.068791
1.0
1.0
0.001099
0.413114
0.547619
-0.03646
0.250476
0.509377
0.0
0.107179
0.025421

0.475593
-0.245182
-0.007725
-0.233072
-0.051869
1.0
1.0
1.0
0.115971
0.99978
1.0
-0.199111
0.944396
0.258095
-0.090768
0.72315
0.0
0.013407
0.064982
0.174286

-0.14451
0.577546
-0.023155
-0.33564
-0.277926
1.0
1.0
0.668938
-0.02431
1.0
1.0
0.022579
1.0
0.612967
0.0
1.0
1.0
0.066154
0.03011
0.876117

0.367572
-0.148232
-0.000989
-0.592055
-0.439493
1.0
1.0
1.0
0.115971
1.0
0.471429
-0.217736
0.099267
1.0
0.078623
0.314359
0.155531
0.017445
0.0
0.482857

-0.330754
0.174437
0.056683
0.211801
0.379609
1.0
1.0
0.288864
0.023526
1.0
1.0
0.0
0.955824
0.296777
-0.158454
0.62381
1.0
0.0
0.482857
0.174286

0.336647
0.434853
0.078698
-0.26173
-0.307408
1.0
1.0
0.267912
0.206361
1.0
1.0
-0.107178
0.480806
0.818095
-0.150595
1.0
0.011062
0.066154
0.876117
1.0

0.7321
-0.001398
0.277811
-0.332518
-0.270895
1.0
1.0
0.288864
-0.087014
0.976337
0.75978
-0.017629
1.0
0.651502
0.0
1.0
0.261612
0.0
0.395824
0.269231

0.492549
0.200214
0.139234
0.361105
-0.028428
1.0
1.0
1.0
-0.100809
1.0
1.0
-0.078681
0.42337
0.943663
-0.015107
1.0
0.316996
0.003443
0.038315
0.618828

0.334682
0.721181
0.687188
-0.229527
-0.524057
1.0
1.0
1.0
0.417509
1.0
0.471429
-0.042215
0.688865
0.363004
0.0
0.999194
0.509377
0.016075
0.337949
0.007253

0.735402
0.219291
-0.093224
-0.40204
-0.790339
1.0
1.0
0.903517
0.136777
1.0
1.0
-0.310045
0.840073
1.0
-0.090768
0.999194
0.772967
0.040952
0.139267
0.165788

0.61068
0.231298
-0.362383
-0.241185
-0.466378
1.0
1.0
0.172381
0.0
1.0
0.499267
0.0
0.872747
0.943663
0.0
0.5737
0.261612
0.046227
0.395824
0.139267

0.631321
0.277583
-0.007725
0.72144
-0.343978
1.0
1.0
1.0
0.034212
1.0
0.674213
0.022579
0.608572
0.551868
0.3337
1.0
0.595678
0.049744
0.352161
0.419267

