curved_v
Left

0.318835
-0.21885
-0.477982
-0.245039
-0.229634
1.0
0.771795
0.369158
0.082564
0.215897
0.215897
0.045641
0.025714
0.025714
0.741612
1.0
1.0
0.322418
1.0
1.0

0.218515
-0.198336
-0.373702
0.033864
0.058235
1.0
1.0
0.293846
0.176409
0.339854
0.339854
0.052381
0.06967
0.06967
0.770037
1.0
1.0
0.309231
1.0
1.0

0.133463
0.132438
0.028173
-0.00886
0.040219
1.0
1.0
0.244615
0.079927
0.148498
0.148498
0.117143
0.005201
0.005201
0.816044
1.0
1.0
0.421319
1.0
1.0

0.38297
0.317016
-0.416254
-0.098281
0.245783
1.0
1.0
0.459414
0.033626
0.428059
0.506593
0.14967
0.253993
0.304396
1.0
1.0
1.0
0.628791
0.907619
1.0

0.228441
0.255505
-0.168604
0.116526
0.140343
1.0
0.493993
0.270696
0.022784
1.0
0.173114
-0.042721
0.261319
0.01663
1.0
1.0
0.999194
0.601538
1.0
0.999487

0.834028
0.66426
-0.133134
0.008776
0.0
1.0
1.0
0.0
0.03011
1.0
1.0
0.001685
0.113626
0.124176
0.816044
1.0
1.0
0.631282
0.999487
1.0

0.856426
0.66426
-0.054429
0.0
0.299419
1.0
1.0
0.318462
0.037685
1.0
0.148498
0.043297
0.518022
0.110549
1.0
1.0
1.0
0.507033
1.0
1.0

1.0
0.225778
-0.373702
-0.009822
0.071743
1.0
1.0
0.165788
0.026007
0.415165
0.291355
0.152601
0.51011
0.292674
1.0
1.0
1.0
0.560806
1.0
1.0

1.0
0.146747
-0.014542
0.08176
0.43496
1.0
1.0
1.0
-0.003308
0.32315
0.35011
0.0
0.154066
0.261319
0.674506
1.0
1.0
0.697949
1.0
1.0

0.240978
0.196962
-0.538536
0.0
0.245783
1.0
0.762711
0.33663
0.148205
0.551429
0.155238
0.025128
0.518022
0.124176
0.770037
1.0
1.0
0.695165
1.0
1.0

0.624111
1.206915
-0.338857
0.0
0.234431
0.971646
0.493993
0.045055
0.053846
1.0
0.252528
0.262198
0.072601
0.089011
1.0
0.999487
1.0
0.797289
1.0
1.0

0.752298
0.344993
-0.096822
0.0
-0.074347
1.0
0.69619
0.072015
0.063319
0.223517
0.4137
0.033919
0.322564
0.481245
1.0
0.390256
1.0
0.640513
1.0
1.0

0.476609
0.322139
-0.545209
0.055609
0.36115
1.0
0.925641
0.543224
0.124389
0.905714
1.0
0.0
0.386447
0.253993
1.0
1.0
1.0
0.572235
1.0
1.0

0.811246
0.462329
-0.17292
0.153069
0.196803
1.0
1.0
0.253114
0.041245
0.551429
0.92315
0.001685
0.133114
0.793187
1.0
1.0
1.0
0.628352
1.0
1.0

-0.33945
0.66426
-0.047837
0.0
0.316348
1.0
1.0
0.076996
0.187766
0.585568
0.375751
0.052381
0.624689
0.160513
0.674506
1.0
1.0
0.607399
1.0
0.999487

0.862249
0.597226
-0.517444
0.0
0.188919
1.0
0.805788
0.293846
0.0
1.0
1.0
0.096923
0.267179
0.315824
1.0
1.0
1.0
0.604176
0.998901
1.0

0.750577
0.420545
-0.150315
-0.098281
-0.081795
1.0
0.989451
0.367399
-0.032714
0.411941
0.370623
0.001685
0.089011
0.322564
0.650476
1.0
1.0
0.948791
1.0
1.0

0.585869
0.391034
-0.186599
0.0
0.43496
1.0
0.390843
0.603883
0.041245
0.173114
0.007546
0.023077
0.304396
0.133114
0.99707
1.0
1.0
0.251648
1.0
1.0

