curved_1
Left

1.0
-0.092171
0.000231
0.0
-0.098462
1.0
1.0
0.714506
0.536191
0.142051
0.142051
0.999707
1.0
1.0
1.0
1.0
1.0
0.837289
1.0
1.0

1.0
0.231898
0.044164
0.0
0.080852
1.0
1.0
0.988645
0.549817
0.098388
0.098388
0.743663
1.0
1.0
1.0
1.0
1.0
0.508938
1.0
1.0

1.0
0.211209
-0.066844
0.0
-0.118384
1.0
1.0
0.635092
0.468791
0.119194
0.119194
0.819853
1.0
1.0
1.0
1.0
1.0
0.413407
1.0
1.0

0.947867
0.404134
-0.075049
0.0
0.099995
1.0
1.0
1.0
0.046227
0.720806
0.485202
1.0
1.0
0.99978
1.0
1.0
1.0
0.368278
1.0
0.997729

0.749227
0.064533
0.0
0.0
-0.118384
1.0
1.0
1.0
0.391868
0.10044
0.10044
0.778828
0.998315
1.0
0.493407
1.0
1.0
0.775311
0.129744
1.0

0.827194
0.251228
0.0
0.0
0.080852
1.0
1.0
1.0
0.177509
1.0
0.474359
1.0
1.0
0.998608
1.0
1.0
0.999194
0.536191
0.998901
0.999487

0.558619
0.045384
-0.315178
0.0
-0.815111
1.0
0.656337
0.571209
0.071429
0.485202
0.720806
0.785861
1.0
1.0
0.77033
1.0
1.0
0.951136
1.0
1.0

0.835338
0.277238
0.0
0.0
0.321003
1.0
1.0
1.0
0.28696
0.590842
0.295018
0.878608
1.0
1.0
1.0
1.0
1.0
0.663663
1.0
0.997729

1.0
0.752451
0.0
-0.758102
0.126329
1.0
0.927692
0.247839
0.026317
1.0
1.0
0.692528
0.059414
1.0
1.0
1.0
1.0
0.701758
1.0
0.580586

0.788587
-0.073798
0.0
0.0
0.0
1.0
0.843297
0.635092
0.376044
0.780586
0.646081
0.631136
1.0
1.0
1.0
1.0
1.0
0.367546
1.0
1.0

0.827194
0.404134
0.0
0.0
0.270248
1.0
0.711136
0.174432
0.268645
0.71641
0.33033
1.0
1.0
1.0
0.493407
1.0
1.0
0.357143
1.0
1.0

0.422432
-0.180487
0.0
0.046951
0.0
1.0
1.0
1.0
0.344982
0.489304
0.738388
0.819853
1.0
1.0
0.418095
1.0
1.0
0.311429
1.0
1.0

1.0
-0.07012
0.0
0.0
0.106964
0.905869
1.0
0.405495
0.140879
0.291502
0.226154
0.631136
0.998608
1.0
1.0
1.0
1.0
0.973993
1.0
0.999194

1.0
-0.092171
0.0
0.0
0.105408
1.0
0.843297
0.08696
0.088132
0.650769
1.0
0.909524
1.0
0.998608
1.0
1.0
0.523883
0.311429
0.997729
0.814872

0.761719
-0.290209
0.0
-0.048222
0.132369
1.0
1.0
0.246667
0.045348
0.590842
0.489304
1.0
1.0
1.0
0.433626
1.0
1.0
0.663663
1.0
0.997729

0.992124
0.5633
0.0
0.018133
0.0887
1.0
1.0
1.0
0.026317
0.234945
0.267473
0.578388
1.0
1.0
1.0
1.0
1.0
0.918608
1.0
1.0

1.0
-0.022886
0.044164
0.0
0.321003
1.0
1.0
0.188352
0.468791
0.326081
0.485202
0.858681
0.998608
1.0
0.89956
1.0
1.0
1.0
0.999487
1.0

0.384125
0.424612
-0.183297
0.0
-0.046034
1.0
1.0
0.148352
0.3
0.348791
0.489304
1.0
1.0
0.998315
1.0
0.523883
1.0
0.472601
1.0
0.998901

