d
Left

0.992631
-0.150971
-0.053546
0.035945
0.299327
1.0
0.198315
0.08989
0.096953
0.02044
0.02044
0.331355
0.404615
0.404615
0.326667
0.865568
0.865568
0.209744
0.88989
0.88989

1.0
-0.301576
-0.060795
-0.034937
0.271451
1.0
0.211795
0.282711
0.265421
0.0
0.0
0.361538
0.362418
0.362418
0.348352
0.534139
0.534139
0.166667
0.611502
0.611502

1.0
-0.319099
-0.075575
-0.03694
0.325877
1.0
0.388938
0.14674
0.131302
0.0
0.0
0.366081
0.342051
0.342051
0.367106
0.707912
0.707912
0.198608
0.555824
0.555824

1.0
0.095683
-1.162792
-0.155228
-0.106874
1.0
0.142344
0.0
0.165495
0.0
0.0
0.889304
1.0
0.371795
0.226007
0.517436
0.772381
0.142051
0.523297
0.74967

1.0
0.168313
-0.506958
0.91663
-0.031717
1.0
0.417216
0.006081
0.061465
0.0
0.0
0.815165
0.387326
0.477876
0.361538
0.669231
0.669231
0.248864
0.829817
0.585275

0.839899
0.215903
0.076965
-0.28457
-0.116915
1.0
0.869963
0.175458
0.265421
0.0
0.0
0.679194
0.43304
0.679487
0.236117
0.443297
0.879927
0.429963
0.910843
0.601539

0.992631
-0.093064
0.168632
0.202172
-0.11283
1.0
0.185714
0.113187
0.004015
0.0
0.0
0.997216
0.43348
0.158462
0.256191
1.0
1.0
0.134725
0.51011
0.353333

0.895186
-0.55967
-0.268812
-0.672739
0.503186
1.0
0.81956
0.028645
0.0
0.0
0.0
0.287692
0.513773
0.342051
0.326081
0.443297
0.865568
0.118315
0.870403
0.876996

-0.138388
0.074324
-0.161158
0.355567
0.018501
1.0
0.583516
0.0
-0.257722
0.0
0.0
1.0
0.741026
0.678462
0.308205
0.412967
0.534139
0.113333
0.574286
0.933553

1.0
-0.483201
-0.027719
0.194869
0.300681
1.0
0.232601
0.08989
-0.113553
0.0
0.00696
0.591868
0.493407
0.43348
0.562271
0.501319
0.645348
0.200366
0.585275
0.523297

0.917862
0.478614
0.348878
0.215229
-0.051348
1.0
0.81956
0.231429
-0.075616
0.000806
0.000806
0.970183
0.741026
0.371795
0.648718
1.0
0.879927
0.134725
0.74967
0.602564

0.427217
0.011209
0.155922
-0.177857
0.538064
1.0
0.207399
0.175458
-0.202944
0.0
0.0
0.651941
0.590696
0.80315
0.402857
0.430989
0.945861
0.336923
1.0
0.156996

0.899635
0.169583
0.253199
-0.037989
0.526675
1.0
0.276264
0.63685
-0.075616
0.0
0.0
0.970183
0.584689
0.679487
0.265275
0.895165
0.772381
0.09956
0.456484
0.51011

0.959796
0.074324
0.407832
0.364258
0.164506
0.786651
0.869963
0.084029
0.045934
0.0
0.0
0.422198
0.679487
0.386447
0.149377
0.879927
0.687399
0.222637
0.83011
1.0

0.721014
0.016873
-0.234428
0.327517
-0.002172
0.89246
0.0
0.092234
-0.011493
0.0
0.0
0.612674
0.554945
0.515678
0.57663
0.410623
0.534139
0.166667
0.870403
0.523297

0.721014
0.757538
0.024463
0.667717
0.337892
1.0
0.035385
0.724322
0.005201
0.0
0.0
0.910403
0.608571
0.818095
0.597729
1.0
0.687399
0.183077
0.870403
0.583956

-0.05215
-0.088107
0.306235
0.335265
0.079179
1.0
0.319048
0.014872
-0.113553
0.0
0.0
0.429524
0.80315
0.590696
0.213846
0.068498
0.997143
0.09956
0.171355
0.585275

0.860094
-0.319099
-0.268812
0.355567
0.028485
1.0
0.755678
0.772967
-0.085097
0.0
0.0
0.651941
0.590696
0.493407
0.354506
0.669231
1.0
0.209744
0.829817
0.892821

