flat_horns
Left

1.0
0.0
0.139257
0.0
0.08937
1.0
1.0
0.262491
1.0
0.112454
0.112454
0.71729
1.0
1.0
1.0
1.0
1.0
0.538681
0.049451
0.049451

1.0
0.0
0.069775
0.0
0.490667
1.0
1.0
0.207399
1.0
0.109377
0.109377
0.818242
1.0
1.0
1.0
1.0
1.0
0.482857
0.04652
0.04652

1.0
0.0
0.031466
0.0
0.517014
1.0
1.0
0.34718
1.0
0.054139
0.054139
0.758022
1.0
1.0
1.0
1.0
1.0
0.484615
0.041538
0.041538

0.335313
-1.271837
0.0
0.0
0.490667
1.0
0.327253
0.254725
0.237143
0.08315
0.030403
0.920366
1.0
0.851209
1.0
0.915971
0.699707
0.698242
0.035678
0.0

1.0
-0.330724
-0.370275
0.0
-0.227071
1.0
1.0
0.200659
0.210916
0.112454
0.011941
1.0
0.668791
1.0
0.998462
1.0
1.0
0.560952
0.0
0.0

0.819807
-0.302927
-0.027774
-0.000717
-0.507121
1.0
0.95641
1.0
1.0
0.03685
0.0
0.968132
1.0
0.678169
1.0
1.0
1.0
0.501612
0.015458
0.03304

1.0
-1.509644
0.0
0.0
0.354466
1.0
0.456337
0.200366
0.618535
0.008425
0.0
0.886374
0.851209
1.0
1.0
1.0
1.0
0.394066
0.0
0.005495

1.0
-1.617582
-0.416447
-0.240411
-0.313192
1.0
0.53326
0.214725
0.529744
0.0
0.014286
1.0
0.335751
0.654286
1.0
0.789817
0.845055
0.484615
0.0
0.0

0.811841
-0.302927
0.0
0.0
0.0
1.0
0.755092
0.267766
0.370769
0.03685
0.045348
1.0
1.0
0.802564
1.0
1.0
1.0
0.091355
0.0
0.078755

0.981402
-0.08574
0.031466
-0.01112
-0.053565
1.0
0.262051
1.0
1.0
0.016923
0.040073
1.0
0.802564
0.335751
1.0
1.0
1.0
0.379414
0.0
0.0

0.428296
0.0
-0.159692
-0.000717
0.013124
1.0
0.604469
1.0
1.0
0.054139
0.046227
1.0
0.998608
0.697363
1.0
1.0
0.915971
0.227619
0.0
0.005495

0.489007
-0.239252
0.0
0.0
0.064424
1.0
0.876337
0.345128
1.0
0.011355
0.059121
0.696484
0.449597
0.651941
1.0
1.0
0.924176
0.282125
0.0
0.0

0.48533
-1.097631
0.0
-0.031561
-0.086718
1.0
0.95641
1.0
1.0
0.177802
0.112454
0.758022
0.335751
1.0
1.0
0.621172
1.0
1.0
0.060293
0.0

-0.067507
0.0
-0.039747
0.0
0.167023
1.0
0.69663
0.657216
0.649597
0.026886
0.059707
0.72696
0.999194
1.0
1.0
1.0
1.0
0.421465
0.0
0.0

0.640606
0.0
0.139257
0.0
1.215544
1.0
0.579414
1.0
0.613846
0.033333
0.034505
1.0
0.669817
0.972381
1.0
0.699707
0.38293
0.466447
0.0
0.030989

0.667845
-0.759296
0.0
0.0
0.263385
1.0
0.554652
1.0
0.257216
0.045348
0.004322
1.0
1.0
1.0
1.0
0.999414
1.0
0.761832
0.0
0.0

0.346398
0.0
0.0
0.0
0.448185
1.0
0.458242
1.0
1.0
0.0
0.025714
0.90044
1.0
0.818974
1.0
1.0
1.0
0.315531
0.0
0.0

0.469117
-1.392882
-0.123268
0.0
0.035268
1.0
0.688278
1.0
1.0
0.016923
0.030403
1.0
0.964908
0.802564
0.934432
1.0
1.0
0.312308
0.204176
0.0

