flat_b
Left

-0.108302
-0.130743
0.0
0.0
0.026992
0.488825
0.078169
0.121538
0.800366
0.075531
0.075531
1.0
0.0
0.0
1.0
0.030989
0.030989
0.792161
0.009304
0.009304

-0.112592
-0.051217
0.0
0.0
0.0
0.530623
0.234066
0.172381
0.919194
0.128278
0.128278
1.0
0.02044
0.02044
1.0
0.058242
0.058242
1.0
0.013407
0.013407

0.01639
0.0
0.0
0.0
0.0
0.51318
0.084908
0.103077
1.0
0.215311
0.215311
1.0
0.044176
0.044176
1.0
0.071722
0.071722
1.0
0.012234
0.012234

-0.550308
0.0
0.0
-0.178528
0.145939
0.448366
0.378535
0.030696
0.950549
0.096923
0.089011
0.980147
0.0
0.061758
0.91011
0.0
0.0
0.767985
0.0
0.033333

-0.36947
0.0
0.0
0.0
-0.335415
0.530623
0.092234
-0.037494
1.0
0.009304
0.072015
1.0
0.104249
0.028645
1.0
0.0
0.0
0.83978
0.007839
0.151722

-0.325677
0.0
-0.428144
0.0
0.0
0.6985
0.0
0.055604
1.0
0.115824
0.099853
0.528571
0.0
0.059414
0.54967
0.0
0.0
0.998535
0.069084
0.0

0.754282
-0.000461
-0.307034
0.0
0.0
0.45119
0.043004
0.043004
0.963736
0.110696
0.103077
0.867033
0.0
0.068498
0.913773
0.0
0.0
0.863956
0.035385
0.026007

-0.379207
-0.008403
0.0
0.0
-0.001056
0.815063
0.0
0.0
0.923883
0.098974
0.099853
0.837729
0.02044
0.025714
1.0
0.0
0.0
1.0
0.034505
0.141465

-0.766175
0.0
-0.454533
0.000401
0.0
0.574911
0.202418
0.0
0.754799
0.188938
0.046227
0.631136
0.0
0.0
1.0
0.0
0.001099
1.0
0.0
0.0

-0.70016
-0.488767
-0.290391
0.021736
-0.267086
0.577961
0.337509
0.0
1.0
0.168718
0.079048
1.0
0.0
0.059414
0.589231
0.0937
0.0
0.632015
0.0
0.0

-0.238209
-0.280846
-0.255122
-0.548169
0.000311
0.040675
0.0
0.0
1.0
0.15348
0.063223
0.817216
0.068498
0.025714
1.0
0.057363
0.034505
1.0
0.132088
0.035385

-0.59746
0.0
0.0
0.209031
0.0
0.581015
0.177802
0.035092
0.784396
0.0
0.069377
1.0
0.0
0.012234
1.0
0.0
0.0
0.970476
0.0
0.0

-0.379207
-0.001805
0.0
0.0
0.072595
0.248264
0.015751
0.0
0.919194
0.188938
0.062344
0.818388
0.044176
0.014872
1.0
0.071722
0.054139
0.952161
0.0
0.0

0.883537
0.0
-0.183999
-0.560867
0.000311
0.815063
0.031868
0.0
0.901612
0.222637
0.110696
0.852967
0.038315
0.06381
0.54967
0.0
0.0
0.891648
0.035385
0.036264

-0.36947
0.0
0.0
-0.001631
0.0
0.637331
0.315824
0.026886
0.996264
0.110696
0.079048
1.0
0.067033
0.067033
1.0
0.0
0.0
1.0
0.071722
0.0

-0.230132
0.0
0.0
0.0
0.072595
0.452826
0.043004
0.0
0.99978
0.089011
0.110696
1.0
0.067033
0.104249
1.0
0.0
0.0
1.0
0.049451
0.0

-0.48441
0.0
0.119814
-0.173536
0.0
0.786114
0.550696
0.030696
1.0
0.172527
0.042711
1.0
0.119487
0.0
0.815311
0.0
0.0
0.767985
0.036264
0.036264

-0.108302
0.0
-0.009385
0.0
0.0
0.0
0.078169
0.0
1.0
0.110696
0.013114
0.844469
0.00315
0.0
0.757436
0.0
0.0
0.987546
0.0
0.0

