flat_m
Left

1.0
0.0
0.070401
0.359398
0.940848
1.0
1.0
0.207106
1.0
0.062051
0.062051
0.644176
0.028059
0.028059
0.664835
0.091941
0.091941
0.41707
1.0
1.0

0.932456
0.0
0.04174
0.180029
0.963282
1.0
1.0
0.156996
1.0
0.063223
0.063223
0.715238
0.016923
0.016923
0.832894
0.140879
0.140879
0.308938
1.0
1.0

0.785166
0.0
-0.070662
0.065983
0.849203
1.0
1.0
0.247839
1.0
0.174872
0.174872
0.749524
0.002271
0.002271
0.883736
0.081978
0.081978
0.41663
1.0
1.0

0.857827
-0.160966
-0.210706
0.0
0.0
1.0
1.0
0.1337
0.620439
0.054725
0.107473
1.0
0.000806
0.0
0.955092
0.091941
0.000806
0.183516
0.522125
1.0

1.0
-0.294981
0.020824
0.08004
0.547304
1.0
1.0
0.16315
0.464396
0.046813
0.054725
1.0
0.138388
0.0
1.0
0.0
0.016044
0.712601
0.999194
0.247253

1.0
0.0
-0.004825
0.0
0.561302
1.0
0.570476
0.341319
1.0
0.05033
0.055897
1.0
0.0
0.010769
0.217216
0.018681
0.0
1.0
0.729597
0.997729

0.793277
0.0
-0.162414
-0.006237
0.317804
1.0
0.439194
0.088425
0.175458
0.006081
0.040366
1.0
0.039487
0.0
0.247985
0.0
0.024835
0.858974
1.0
0.613553

0.723553
0.0
-0.412674
0.120275
0.477799
1.0
1.0
0.345714
0.199927
0.06967
0.054725
0.612381
0.0
0.072894
1.0
0.0
0.0
0.295018
0.149084
1.0

0.778672
-0.861815
0.0
0.0
0.940848
1.0
1.0
0.079927
0.799048
0.063223
0.046813
1.0
0.028059
0.0
0.283297
0.0
0.130623
1.0
1.0
0.99978

1.0
0.0
0.0
0.647369
0.912128
1.0
1.0
0.173993
1.0
0.175311
0.175311
0.938828
0.013407
0.0
0.743663
0.0
0.130623
0.41663
0.999194
1.0

0.84252
-0.058823
0.070401
-0.024594
0.685173
1.0
0.825128
0.341319
0.934139
0.082857
0.069084
1.0
0.0
0.138388
0.526227
0.044469
0.006374
0.858974
1.0
1.0

0.503943
-0.200084
-0.14451
-0.038732
0.348721
1.0
0.992161
0.220879
0.186007
0.019267
0.0
1.0
0.010769
0.002271
0.332234
0.140879
0.0
0.44315
1.0
1.0

0.793277
-0.153402
0.0
-0.046881
0.0
1.0
1.0
0.845348
0.609744
0.175311
0.14293
0.915238
0.031575
0.003736
0.618242
0.0
0.0
0.423663
1.0
0.999487

0.944942
0.0
0.0
0.180029
0.426267
1.0
0.797875
0.088425
1.0
0.090183
0.0
0.600659
0.00315
0.066447
0.868498
0.024835
0.0
0.724029
1.0
0.676264

0.852447
-0.861815
0.04174
-0.038732
0.0
1.0
0.746593
0.206227
1.0
0.075531
0.186007
0.430842
0.012527
0.013407
1.0
0.0
0.08315
0.295018
1.0
1.0

0.664731
-0.057866
-0.343815
0.161918
0.519394
1.0
1.0
0.206227
0.598608
0.142637
0.079634
1.0
0.003736
0.007546
0.671282
0.052674
0.0
1.0
0.291795
1.0

0.780954
-0.772233
-0.510891
-0.010343
0.608212
1.0
1.0
1.0
0.183077
0.043297
0.125055
0.938828
0.007546
0.007253
0.526227
0.0
0.052674
0.545714
0.729597
0.999194

1.0
-0.846334
0.0
0.0
0.0
1.0
0.844469
0.178095
1.0
0.058828
0.062051
1.0
0.00022
0.066447
1.0
0.0
0.091941
0.390549
0.999194
1.0

