flat_v
Left

1.0
0.439078
0.020388
0.0
0.581589
1.0
1.0
0.191429
0.582198
0.029524
0.029524
0.519487
0.0
0.0
1.0
1.0
1.0
0.627619
1.0
1.0

1.0
0.683614
0.690154
0.0
1.127519
1.0
1.0
0.08315
0.891355
0.003736
0.003736
0.476996
0.0
0.0
1.0
1.0
1.0
0.595678
1.0
1.0

1.0
0.627022
0.262887
0.0
0.616142
1.0
1.0
0.115971
0.720073
0.0
0.0
0.336191
0.0
0.0
1.0
1.0
1.0
0.632747
1.0
1.0

0.605225
0.109074
-0.389671
-0.026889
0.21184
1.0
1.0
0.069084
0.442564
0.013993
0.0
0.761245
0.0
0.0
1.0
1.0
1.0
0.878169
1.0
1.0

0.979541
0.443394
0.013141
0.15169
0.0
1.0
1.0
0.0
0.254579
0.0
0.0
0.450916
0.0
0.0
0.708498
1.0
1.0
0.865568
1.0
1.0

0.645492
0.176965
0.044575
0.0
0.0
1.0
0.850037
0.090183
0.415751
0.0
0.015165
0.55055
0.0
0.0
1.0
0.999487
1.0
0.955531
0.99978
1.0

0.043249
-0.144648
0.069254
-0.449875
0.150468
1.0
1.0
0.039487
0.536191
0.0
0.01663
0.92359
0.0
0.0
1.0
0.999487
1.0
0.554945
1.0
1.0

1.0
-0.255774
-0.308153
0.0
0.053251
1.0
1.0
0.071722
0.403736
0.0
0.009304
0.409744
0.0
0.0
0.881392
1.0
1.0
0.925495
1.0
1.0

0.540114
0.170072
-0.49851
0.0
0.045072
1.0
0.321978
0.064689
0.366813
0.055311
0.0
1.0
0.0
0.0
0.708498
1.0
1.0
0.878169
0.99978
0.997729

0.843891
0.006072
-0.3166
0.0
0.187028
1.0
0.360073
0.001685
0.524176
0.022784
0.022784
0.544396
0.0
0.0
1.0
1.0
1.0
0.807253
1.0
1.0

0.484535
0.683614
0.0
0.0
0.232852
1.0
1.0
0.0
0.298974
0.0
0.0
0.792308
0.0
0.0
0.778242
1.0
0.999487
0.288132
1.0
1.0

0.572046
-0.449347
0.0
-0.026889
0.581589
1.0
0.401978
0.004908
0.140879
0.162857
0.015165
1.0
0.0
0.0
0.767692
1.0
1.0
1.0
1.0
1.0

0.632185
0.439078
0.044575
0.0
0.14636
1.0
0.850037
0.004908
0.445055
0.021319
0.0
0.450916
0.0
0.0
0.446227
1.0
1.0
1.0
1.0
1.0

0.899211
1.215161
0.099282
0.0
0.109581
1.0
0.367985
0.047985
0.262784
0.0
0.010476
0.425128
0.0
0.0
1.0
1.0
1.0
0.812967
1.0
1.0

0.716854
0.500626
-0.166353
0.0
0.211186
1.0
0.930916
0.381612
0.274066
0.0
0.003736
0.423077
0.0
0.034799
0.592454
1.0
1.0
0.231429
0.99978
1.0

0.463316
-0.072655
-0.593489
-0.014462
0.052476
1.0
1.0
0.286227
0.323004
0.0
0.0
1.0
0.0
0.0
1.0
1.0
0.999487
0.745714
0.99978
1.0

1.0
0.439078
-0.166353
-0.37521
0.171695
1.0
0.630696
0.172088
0.403736
0.002564
0.01663
0.46
0.0
0.0
1.0
0.999194
1.0
0.595678
1.0
1.0

0.597226
0.02916
-0.922797
0.0
0.0
1.0
0.282418
0.043297
0.325495
0.023956
0.0
0.503663
0.009304
0.0
0.661905
1.0
1.0
0.554945
1.0
1.0

