flat_ily
Left

0.277615
0.0
0.0
0.0
0.396523
0.178915
0.042418
0.0
1.0
0.026886
0.026886
1.0
1.0
1.0
1.0
1.0
1.0
0.539414
0.091062
0.091062

0.445067
0.001985
0.0
0.0
0.510629
0.28816
0.150549
0.0
0.967253
0.040366
0.040366
1.0
0.931355
0.931355
1.0
1.0
1.0
0.487839
0.127692
0.127692

0.39723
0.0
0.0
0.0
0.591731
0.25085
0.138242
0.0
1.0
0.149377
0.149377
1.0
1.0
1.0
1.0
1.0
1.0
0.687399
0.161099
0.161099

-0.452817
0.0
0.0
0.0
-0.566719
0.163088
0.022491
0.0
1.0
0.033626
0.108059
1.0
0.965494
0.912015
1.0
1.0
0.828352
0.692088
0.082857
0.0

-0.45622
0.0
0.0
0.0
-0.313007
0.0
0.052088
0.144396
1.0
0.0
0.040366
1.0
0.970696
0.988864
1.0
0.566374
0.595238
1.0
0.030403
0.0

-0.587875
0.0
-0.000545
0.0
0.0
0.230959
1.0
0.0
0.626154
0.11685
0.077289
1.0
0.704103
1.0
1.0
1.0
0.974872
1.0
0.006374
0.0

-0.483495
-0.762064
0.0
0.0
-0.465946
0.393504
0.076703
0.005788
1.0
0.008425
0.019853
1.0
0.998608
0.931355
1.0
0.869231
1.0
0.735751
0.0
0.027766

-0.723286
0.0
0.0
0.0
-0.102247
0.36691
0.022491
0.047358
1.0
0.033333
0.108059
1.0
0.924469
0.741905
1.0
1.0
0.985128
1.0
0.033919
0.011941

-0.65601
0.0
0.0
0.0
-0.083826
0.0
0.0
0.171648
1.0
0.019267
0.0
0.99978
0.775165
0.998608
1.0
0.828352
1.0
0.241978
0.006374
0.0

-0.438178
-0.664631
-0.000448
0.0
-0.206015
0.091174
-0.132625
0.0
1.0
0.0
0.072015
0.999487
1.0
0.468059
1.0
0.449158
1.0
0.658388
0.004322
0.0

-0.288195
-1.168705
-0.247207
0.0
-0.465946
0.0
0.052088
0.007881
1.0
0.073187
0.021612
1.0
0.704103
0.998608
1.0
1.0
0.869231
0.961099
0.0
0.0

-0.370881
0.0
-0.000545
0.0
-0.16779
0.26349
-0.33418
0.084615
1.0
0.001685
0.057363
1.0
0.468059
1.0
1.0
1.0
1.0
0.808132
0.169597
0.0

-0.713349
0.0
0.0
0.0
0.0
0.0
0.0
0.016923
1.0
0.033626
0.362125
1.0
1.0
0.914799
1.0
1.0
1.0
0.241978
0.002857
0.006374

-0.184515
-0.1728
-0.000528
0.0
0.277849
0.223626
0.042418
0.170007
1.0
0.044762
0.077289
1.0
0.988864
0.998608
1.0
0.964322
0.55348
1.0
0.099121
0.0

-0.120283
-0.755381
0.0
0.0
0.0
0.0
-0.033083
0.044469
1.0
0.001685
0.035092
1.0
0.970696
0.791429
1.0
0.55348
1.0
0.713773
0.009597
0.0

-0.452817
0.0
0.0
0.0
-0.580875
0.223626
0.117289
0.0
1.0
0.111282
0.095458
1.0
0.998608
1.0
1.0
1.0
1.0
1.0
0.0
0.009597

-0.121447
0.0
0.0
0.0
0.0
0.0
-0.033083
0.047358
1.0
0.030403
0.0
1.0
0.351868
0.965494
1.0
0.515238
1.0
0.960952
0.007253
0.0

0.396121
0.0
0.0
0.0
-0.051
0.51069
0.134725
0.005788
1.0
0.0
0.033626
1.0
1.0
1.0
1.0
0.470843
1.0
1.0
0.079927
0.027766

