h
Left

1.0
0.018109
0.051092
0.0
0.436249
1.0
1.0
0.210769
0.26337
0.032161
0.032161
0.178242
0.0
0.0
1.0
1.0
1.0
0.614872
1.0
1.0

1.0
0.155276
0.066395
0.0
0.394576
1.0
1.0
0.150256
0.262198
0.050037
0.050037
0.227326
0.0
0.0
1.0
1.0
1.0
0.589231
1.0
1.0

1.0
0.110569
-0.009918
0.0
0.275054
1.0
1.0
0.185128
0.378242
0.060586
0.060586
0.378535
0.0
0.0
1.0
1.0
1.0
0.828205
1.0
1.0

0.570739
0.689169
-0.198405
0.0
0.705985
1.0
0.322418
0.639927
0.020733
0.0
0.0
-0.267143
0.0
0.0
1.0
1.0
1.0
1.0
1.0
0.999194

0.727489
0.155276
-0.459446
0.0
0.352299
1.0
1.0
0.0
0.095751
0.000806
0.02044
0.530183
0.0
0.0
1.0
1.0
1.0
0.589084
0.997729
1.0

0.561565
-0.343112
-0.186194
0.120575
0.0
1.0
1.0
0.312601
0.262198
0.0
0.0
0.251062
0.0
0.0
1.0
1.0
1.0
0.553626
1.0
0.999487

0.684892
0.544671
0.032954
0.0
0.299664
1.0
1.0
0.129744
0.182051
0.0
0.0
0.032747
0.0
0.004908
1.0
1.0
1.0
1.0
0.913626
0.999487

0.377823
-0.788629
-1.116493
0.351743
0.55807
1.0
0.572528
0.131502
0.11978
0.0
0.0
0.195678
0.004615
0.0
0.079634
1.0
1.0
0.610623
0.726374
0.998901

0.865017
-0.221936
-0.459446
0.0
0.177819
1.0
1.0
0.433626
0.260147
0.0
0.0
0.137949
0.0
0.025128
0.974359
1.0
1.0
1.0
0.998901
0.737509

0.553119
-0.833836
-0.072178
0.191504
0.696226
1.0
1.0
0.061465
0.226297
0.002857
0.0
0.539414
0.0
0.001392
0.145128
0.999487
1.0
0.771648
0.997143
0.822784

0.354089
-0.510833
-0.37846
0.0
0.398969
1.0
1.0
1.0
0.308791
0.009011
0.015458
0.0
0.0
0.0
0.74293
0.999194
1.0
0.338535
1.0
1.0

0.638646
-0.454757
-0.358541
0.024504
0.251435
1.0
1.0
0.164029
0.035092
0.015458
0.050037
0.178242
0.004908
0.0
1.0
0.858535
1.0
0.868352
0.997729
1.0

0.730462
0.689169
-0.272146
0.0
0.436249
1.0
1.0
0.061465
0.118901
0.0
0.002857
0.538535
0.0
0.0
1.0
1.0
1.0
0.614872
1.0
1.0

0.553119
-0.325331
-0.547964
0.207469
0.277043
1.0
0.709377
0.956117
0.014579
0.0
0.0
0.470843
0.0
0.0
0.309963
1.0
1.0
1.0
1.0
0.810769

0.777462
0.131678
-1.116493
0.152019
0.002769
1.0
1.0
0.159634
0.182051
0.0
0.0
0.378535
0.004029
0.0
1.0
1.0
1.0
0.78337
0.99978
0.913626

1.0
0.544671
-0.000185
0.088912
0.696226
1.0
1.0
0.735458
0.020733
0.016923
0.0
0.221319
0.0
0.0
0.682564
1.0
1.0
0.723736
0.997729
1.0

0.574401
-0.613918
-0.457383
0.0
0.352299
1.0
1.0
0.150256
0.0
0.0
0.041245
0.538535
0.0
0.0
1.0
1.0
1.0
0.589231
1.0
1.0

0.747957
-0.833836
-0.387824
0.101703
0.0
1.0
1.0
0.489597
0.014579
0.02044
0.0
0.220293
0.0
0.0
1.0
1.0
1.0
0.786447
1.0
0.997729

