l
Left

0.514831
-0.176737
0.0
0.0
0.0
0.0
0.058527
-0.015116
0.178388
0.013114
0.013114
1.0
1.0
1.0
1.0
1.0
1.0
1.0
1.0
1.0

0.48188
-0.226903
0.0
0.0
0.044981
0.0
0.039058
-0.03394
0.297363
0.015458
0.015458
1.0
1.0
1.0
1.0
1.0
1.0
0.967399
1.0
1.0

0.656419
-0.427897
0.0
0.0
0.0
0.040781
0.255751
0.0
0.300879
0.020733
0.020733
1.0
1.0
1.0
1.0
1.0
1.0
1.0
1.0
1.0

0.956495
0.277974
0.0
0.0
0.525552
0.104841
0.0
0.038608
0.0
0.0
0.0
0.976044
1.0
0.998315
1.0
1.0
1.0
0.971355
0.867472
0.825128

0.770032
0.180965
0.131295
0.0
0.0
0.0
-0.362123
-0.054737
0.117143
0.0
0.000806
1.0
1.0
0.998608
0.654872
1.0
0.709963
0.960806
0.999194
0.99978

0.910168
0.167294
-0.306429
-0.156311
0.0
0.0
0.0
-0.015116
-0.37258
0.000806
0.0
0.99978
1.0
1.0
1.0
1.0
1.0
1.0
1.0
0.81663

0.470201
-0.071983
0.0
0.0
0.0
0.0
0.054432
-0.037595
0.015458
0.0
0.0
1.0
0.998608
0.779854
1.0
1.0
1.0
1.0
1.0
0.81663

0.950313
-0.02725
0.0
-0.001032
0.0
0.0
0.0
-0.08363
0.117143
0.020733
0.0
1.0
1.0
1.0
1.0
1.0
1.0
0.977289
1.0
0.761685

0.892047
-0.102608
0.0
0.0
0.036667
0.046385
-0.363636
-0.165254
0.295897
0.013114
0.0
0.99978
1.0
0.998315
1.0
0.885201
1.0
1.0
0.998901
1.0

0.581868
-0.343809
0.0
0.0
0.043125
0.0
0.0
0.0
0.295897
0.0
0.0
1.0
0.99978
0.99978
1.0
1.0
1.0
0.954652
1.0
0.999194

0.205616
-0.20873
0.0
0.0
0.396251
0.0
-0.363636
0.0
0.0
0.0
0.0
1.0
0.99978
1.0
0.780146
1.0
1.0
1.0
1.0
0.999487

0.340741
-0.206689
0.0
0.0
0.005147
0.0
0.0
0.0
0.178388
0.0
0.0
1.0
1.0
0.998315
1.0
0.999487
0.999194
1.0
0.767692
1.0

0.288174
0.201474
-0.00047
0.0
0.0
1.0
-0.286131
-0.004019
0.296777
0.0
0.0
0.976044
0.998608
1.0
1.0
1.0
1.0
0.825714
0.815165
0.867472

-0.113972
-0.161954
0.0
0.0
0.0
0.104744
-0.054683
-0.1875
0.518315
0.0
0.0
1.0
0.998022
0.998315
0.995018
1.0
1.0
0.960806
1.0
1.0

0.770032
-0.122468
-0.006819
0.0
0.0
0.0
-0.363636
-0.08363
0.295897
0.0
0.0
1.0
0.744689
1.0
0.961978
1.0
1.0
1.0
0.812527
1.0

0.581523
-0.002507
-0.023063
0.0
0.0
0.0
0.039058
-0.1875
0.428352
0.0
0.0
0.99978
0.998315
0.662198
1.0
1.0
1.0
1.0
0.812527
0.825128

-0.35793
-0.161954
-0.306429
0.0
0.022536
0.0
-0.101442
-0.113933
0.348645
0.0
0.0
1.0
1.0
1.0
1.0
1.0
1.0
0.760366
1.0
0.815165

0.791207
0.145505
0.0
0.0
0.0
0.0
-0.087261
-0.020985
0.0
0.0
0.0
1.0
0.744689
1.0
1.0
1.0
1.0
0.991868
0.044176
0.991795

