m
Left

0.996566
-0.390227
-0.779263
-0.457256
0.120073
1.0
1.0
0.164615
0.84696
0.353626
0.353626
0.467619
0.250183
0.250183
0.674359
0.217949
0.217949
0.461172
1.0
1.0

1.0
-1.529415
-1.258952
-0.643094
-0.24336
1.0
1.0
0.090183
0.333407
0.443004
0.443004
0.280659
0.222198
0.222198
0.515971
0.195971
0.195971
0.378242
1.0
1.0

1.0
-1.250018
0.640746
0.280671
-0.511716
1.0
1.0
0.126227
0.404029
0.384396
0.384396
0.344689
0.232308
0.232308
0.54381
0.264542
0.264542
0.331941
1.0
1.0

0.905159
-0.009585
0.0
0.227824
0.716653
1.0
1.0
0.170476
1.0
0.512308
1.0
0.280659
0.74337
0.885201
0.58
0.702784
0.848864
0.768278
1.0
1.0

0.787249
0.0
0.0
0.0857
0.316554
1.0
1.0
0.0
0.676557
1.0
0.844762
0.872601
0.640366
1.0
0.685934
1.0
0.787912
0.357436
1.0
1.0

0.709671
-0.11742
0.0
0.182197
0.484384
1.0
0.987253
0.0
1.0
1.0
1.0
1.0
0.998608
0.886667
0.331062
1.0
1.0
0.681392
0.258095
1.0

0.767403
0.0
0.0
0.184106
0.765861
1.0
1.0
0.0
0.674213
1.0
1.0
1.0
0.326081
0.80022
0.82718
0.657216
0.768425
0.446813
0.142637
0.123004

0.935671
0.0
0.0
0.0
0.876574
1.0
1.0
0.0
1.0
1.0
1.0
0.737656
0.222198
0.998608
0.634066
1.0
1.0
0.315824
1.0
0.781172

0.902708
0.0
0.0
0.179437
0.810763
1.0
1.0
0.0
1.0
0.962271
0.962271
1.0
0.869817
0.895751
1.0
1.0
0.195971
1.0
0.195092
0.154945

0.996566
0.0
0.0
0.0
0.087488
1.0
1.0
0.0
1.0
1.0
1.0
1.0
0.222198
0.828645
0.975165
0.787912
0.468938
1.0
1.0
1.0

0.709671
0.0
0.0
0.0857
0.121109
1.0
1.0
0.064689
0.760806
0.878169
0.941465
1.0
0.719194
1.0
0.977143
0.217949
0.939121
0.646813
0.997729
0.289744

0.747917
0.0
0.0
0.081918
0.078852
1.0
1.0
0.853407
1.0
1.0
1.0
1.0
0.99978
0.326081
0.82718
1.0
1.0
1.0
1.0
1.0

0.445636
0.076744
0.0
0.081918
0.810763
1.0
1.0
0.0
0.674213
0.512308
1.0
1.0
0.976044
0.777216
1.0
0.998828
0.941612
0.822198
1.0
1.0

1.0
0.0
0.0
0.398997
0.484384
1.0
1.0
0.0
1.0
1.0
0.886081
0.698828
0.685055
0.780733
0.394359
0.564908
1.0
0.824249
0.394652
1.0

0.781785
0.0
0.0
0.00781
0.0
1.0
1.0
0.0
1.0
1.0
0.726667
0.843883
1.0
0.326081
0.636703
1.0
1.0
1.0
1.0
0.684469

0.878669
0.0
0.0
0.0
0.178781
1.0
1.0
0.0
0.987107
1.0
1.0
1.0
0.944103
0.748352
0.466007
1.0
0.806374
0.754506
1.0
1.0

0.463534
0.0
0.0
0.372331
0.561892
1.0
1.0
0.0
1.0
0.726667
0.99978
1.0
0.250183
0.976044
0.975311
1.0
0.264542
1.0
0.28359
0.997729

1.0
-0.405137
0.0
0.0
0.0
1.0
1.0
0.170476
0.677876
1.0
1.0
0.828205
0.572088
0.964029
0.685934
1.0
1.0
0.887253
0.99978
0.997729

