n
Left

1.0
0.0
-0.219655
0.0
0.24515
1.0
1.0
0.085495
1.0
0.3
0.3
0.611648
0.158755
0.158755
1.0
1.0
1.0
0.69663
1.0
1.0

0.969039
-0.114817
-0.250806
0.0
0.217601
1.0
0.668645
0.204469
0.937509
0.132528
0.132528
0.723297
0.043297
0.043297
1.0
1.0
1.0
0.787033
1.0
1.0

1.0
0.0
-0.414576
0.0
0.0
1.0
1.0
0.052967
1.0
0.580732
0.580732
0.741905
0.289011
0.289011
1.0
1.0
1.0
1.0
1.0
1.0

0.531428
0.0
0.041548
0.0
0.0
1.0
1.0
0.0
1.0
0.99978
1.0
0.96381
0.788205
0.998608
1.0
0.30967
1.0
1.0
0.684762
0.99978

0.733458
0.0
0.075734
0.0
0.0
1.0
1.0
0.0
1.0
1.0
1.0
1.0
1.0
0.930916
1.0
1.0
0.493114
1.0
1.0
1.0

0.502858
0.0
-0.000574
-0.005983
0.0
1.0
1.0
0.018095
1.0
1.0
1.0
1.0
1.0
0.92022
1.0
1.0
1.0
0.998022
0.863223
0.364176

0.400411
0.0
0.0
0.0
0.230169
1.0
1.0
0.0
0.763883
0.72696
1.0
1.0
0.289011
0.99978
1.0
1.0
0.849451
0.951722
1.0
1.0

0.542119
-0.009036
0.0
0.0
-0.007195
1.0
1.0
0.00696
1.0
1.0
1.0
0.894286
0.834798
1.0
1.0
0.302637
1.0
1.0
1.0
0.988352

0.606481
-0.114817
0.0
0.0
0.217505
1.0
1.0
0.0
0.987253
1.0
1.0
0.930037
0.804615
0.043297
1.0
1.0
1.0
1.0
1.0
0.999194

0.07818
0.0
0.0
0.0
0.003876
1.0
1.0
0.0
0.921245
1.0
0.580732
1.0
0.289011
0.483736
1.0
1.0
1.0
0.405202
1.0
0.99978

1.0
-0.041397
-0.000574
0.0
0.0
1.0
1.0
0.0
0.875311
1.0
1.0
0.993114
1.0
0.99978
1.0
1.0
1.0
0.787033
1.0
1.0

1.0
0.0
-0.09081
0.0
0.0
1.0
1.0
0.0
0.857949
1.0
1.0
0.611648
0.043297
0.804615
1.0
1.0
1.0
0.69663
0.577802
0.999487

0.269509
-0.072215
0.0
0.0
0.0
1.0
0.790843
0.0
0.857949
0.935897
1.0
0.96022
0.999487
1.0
1.0
0.712161
1.0
1.0
1.0
0.364176

0.217024
0.0
0.0
0.0
0.021635
1.0
1.0
0.0
1.0
1.0
1.0
0.993407
0.949377
1.0
1.0
0.999194
1.0
0.94
1.0
0.999487

0.712866
-0.114817
0.008557
0.0
0.0
1.0
1.0
0.0
1.0
1.0
1.0
1.0
1.0
0.998315
0.859707
0.398755
0.754799
0.214725
1.0
0.997729

1.0
0.0
-0.157128
-0.020807
0.0
1.0
1.0
0.044469
0.875311
0.580732
1.0
1.0
1.0
0.289011
1.0
1.0
1.0
1.0
0.998901
1.0

1.0
-0.072215
0.0
0.0
0.09298
1.0
1.0
0.0
1.0
0.69707
1.0
1.0
0.289011
1.0
1.0
1.0
0.76359
1.0
0.999487
0.684762

0.314801
0.0
0.0
0.0
0.0
1.0
1.0
0.0
1.0
1.0
0.654872
0.598608
1.0
0.596264
1.0
1.0
0.562857
0.597143
0.364176
1.0

