o
Left

0.788731
-0.150163
0.058479
0.457675
0.104229
0.553692
0.074359
0.755678
0.478462
0.868938
0.868938
0.691502
0.54381
0.54381
0.651795
0.793773
0.793773
0.22718
0.807546
0.807546

0.857606
-0.125113
0.066357
0.59948
0.075882
0.53215
0.061465
1.0
0.455751
0.723297
0.723297
0.610037
0.393773
0.393773
0.49663
0.567839
0.567839
0.207399
0.606227
0.606227

0.853021
-0.16882
0.032793
0.580236
0.017905
0.637113
0.041832
0.643736
0.421319
0.728132
0.728132
0.621758
0.408718
0.408718
0.491648
0.54
0.54
0.198169
0.675678
0.675678

0.918217
-0.488552
-0.097338
0.093578
-0.095672
0.97434
0.095165
0.231136
0.630989
1.0
0.868938
0.60359
0.484908
0.54381
0.381465
1.0
0.565788
0.210623
0.997729
0.747766

0.637819
-0.532719
-0.242832
-0.371365
0.433054
1.0
0.215311
1.0
0.140586
0.947033
1.0
0.69033
0.491648
0.352161
0.294725
1.0
1.0
0.186007
0.324029
1.0

0.830582
-0.257829
-0.598305
-0.375642
-0.282396
1.0
0.442125
1.0
0.51011
1.0
0.91304
0.609011
0.377363
0.474213
0.314066
0.949377
1.0
0.284615
1.0
0.658388

0.605418
-0.357588
-0.510578
-0.117993
-0.014413
1.0
0.040073
0.618242
0.162857
1.0
0.728132
0.691502
0.972528
0.796557
0.414286
0.494872
0.878755
0.0
0.606227
0.967839

0.794033
-0.193101
-0.122278
-0.371365
-0.174117
1.0
0.536777
0.056484
0.232161
1.0
0.145275
1.0
0.840366
0.408718
0.651795
0.592747
0.494872
0.198169
0.997729
0.670549

0.694631
-0.125113
-0.097338
-0.118068
-0.051234
1.0
0.371502
0.850037
0.338681
1.0
0.693846
0.825128
0.377363
0.393773
0.259707
0.627766
0.611502
0.207985
0.912161
0.212088

0.69403
-0.954046
-0.115537
-0.295476
-0.282396
1.0
0.642857
0.004908
0.654579
0.99978
0.507179
0.685055
0.559341
0.628791
0.493993
0.797875
0.981099
0.160806
0.247546
0.175311

0.369808
-0.326481
-0.0274
-0.258296
-0.56091
0.968989
0.379414
0.056484
0.57663
1.0
0.145275
1.0
0.54381
0.393773
0.524469
0.567986
0.999194
0.619414
0.440073
0.28696

0.857606
-0.328011
-0.117035
-0.566976
-0.512851
0.869749
0.095165
0.212381
0.140586
0.243883
0.858681
1.0
0.628791
0.657802
0.525641
0.627766
1.0
0.170769
1.0
0.344835

0.692973
-0.488552
-0.775984
-0.368287
-0.203895
0.968989
0.708938
0.253846
0.162857
1.0
1.0
0.51978
0.12359
0.22293
0.663956
0.397875
0.565788
0.170769
0.334872
0.606227

0.857606
-0.974602
-0.515078
-0.421369
-0.034994
1.0
0.113626
0.61326
0.55011
0.741612
1.0
0.69033
0.893993
0.12359
0.370623
1.0
0.31348
0.469963
0.314359
0.357729

0.640634
-0.257829
-0.510578
0.242931
-0.581384
0.869749
0.470256
0.304689
0.57663
1.0
0.683297
1.0
0.636703
0.238462
0.348352
0.85033
0.418535
0.160806
0.41956
0.247546

0.739925
-0.954046
-0.205428
-0.120041
-0.592097
1.0
0.298242
0.841099
0.51011
0.940879
1.0
0.888278
0.756996
0.238462
0.454579
0.418535
1.0
0.0937
0.334872
1.0

0.47026
-0.099267
-0.096469
-0.496644
-0.282396
0.784706
0.042418
0.057363
0.645495
0.899854
0.776484
1.0
0.496923
0.893993
0.363883
1.0
1.0
0.321392
0.462491
0.324029

0.784932
-0.488552
-0.598305
0.197022
0.64347
1.0
0.085201
0.484029
0.57663
0.997363
1.0
0.946154
0.6537
0.448571
0.381465
0.786447
0.434506
0.143956
0.747766
0.462491

