open_h
Left

0.380502
0.037293
0.051059
0.0
0.0
0.227981
0.129744
0.0
0.372674
0.011941
0.011941
0.38293
0.0
0.0
1.0
1.0
1.0
1.0
1.0
1.0

0.434022
-0.101363
-0.03407
0.0
0.0
0.230332
0.077875
0.0
0.279194
0.009304
0.009304
0.311429
0.0
0.0
1.0
1.0
1.0
1.0
1.0
1.0

0.156757
0.099113
0.064955
0.0
0.0
0.188756
0.059121
0.0
0.342491
0.007546
0.007546
0.268938
0.0
0.0
1.0
1.0
1.0
1.0
1.0
1.0

0.297496
-0.240574
-0.109895
0.0
0.0
0.163988
0.0
0.0
0.410769
0.0
0.0
0.311429
0.0
0.0
1.0
1.0
1.0
1.0
1.0
0.999487

0.024697
-0.504367
-0.39131
0.0
0.062984
0.0
0.005788
-0.063597
0.0137
0.007546
0.0
0.283297
0.0
0.0
0.686374
1.0
1.0
0.924762
0.915971
1.0

-0.465263
-0.085369
-0.013998
0.0
0.174337
0.0
0.0
-0.032232
-0.025983
0.0
0.0
0.904981
0.0
0.0
1.0
1.0
0.999194
0.998022
1.0
0.645934

0.468011
-0.183465
-0.155229
0.0
0.0
0.0
0.080806
0.0
-0.078779
0.0
0.0
0.319048
0.0
0.0
1.0
1.0
1.0
1.0
0.976777
0.99978

-0.332513
-0.514487
-0.543741
0.0
0.62173
0.250647
-0.074152
0.0
0.56403
0.0
0.0
0.268938
0.0
0.0
0.647839
1.0
1.0
1.0
1.0
1.0

0.459951
-0.324782
-0.473711
0.0
0.062984
0.0
0.077875
0.0
0.635678
0.0
0.0
0.028645
0.0
0.0
0.631429
1.0
1.0
1.0
1.0
1.0

0.412186
-0.195234
-0.503638
0.000225
0.0
0.0
-0.149437
0.01663
0.0137
0.0
0.0
0.268938
0.0
0.0
1.0
0.806374
0.581172
1.0
1.0
1.0

-0.180644
0.376786
-0.396499
0.0
0.083564
0.511028
-0.00745
-0.005122
0.105714
0.0
0.0
0.511868
0.0
0.0
1.0
1.0
1.0
0.754066
0.915971
0.858535

-0.465263
-0.218088
0.044561
0.122038
0.601326
0.058817
0.059121
0.0
0.655751
0.0
0.0
0.904981
0.0
0.0
1.0
1.0
0.835824
1.0
0.741319
0.741319

-0.332513
-0.218088
-0.132105
0.0
0.0
0.086899
-0.029039
0.0
0.0
0.0
0.0
0.060293
0.0
0.0
1.0
1.0
0.999487
0.998022
1.0
1.0

0.040268
-0.624671
-0.498715
0.0
0.0
0.511028
0.0
0.007253
0.407839
0.0
0.0
0.232894
0.0
0.0
1.0
0.806374
0.999194
0.907912
1.0
1.0

-0.240905
0.376786
-0.01195
0.0
0.0
0.325772
0.061172
-0.050545
0.038901
0.0
0.0
0.556264
0.0
0.0
1.0
0.680659
1.0
0.924762
1.0
0.998901

-0.138014
-0.382498
-0.275149
0.0
0.062984
0.0
-0.04419
0.0
0.656923
0.0
0.0
0.117729
0.0
0.0
0.686374
1.0
1.0
1.0
1.0
0.814432

-0.410652
-0.240123
0.044561
0.0
0.064453
0.126918
0.030989
-0.102738
-0.078779
0.0
0.0
0.607106
0.0
0.0
1.0
1.0
1.0
0.998022
1.0
1.0

0.040268
-0.24242
-0.013998
0.0
0.0
0.008704
0.0
0.0
0.24989
0.0
0.0
0.01956
0.0
0.0
1.0
0.581172
1.0
1.0
1.0
1.0

