open_b
Left

0.31802
-0.110248
-0.232736
0.074212
0.075305
0.342361
0.143516
0.0
-0.023137
0.0
0.0
0.0
0.0
0.0
0.036406
0.01663
0.01663
0.0
0.00022
0.00022

0.357103
-0.076293
-0.156885
0.046547
0.008623
0.343854
0.156117
0.0
-0.033186
0.0
0.0
0.007546
0.0
0.0
0.000744
0.009597
0.009597
-0.010321
0.0
0.0

0.209539
-0.062276
-0.186817
0.083886
0.011952
0.329551
0.184835
0.0
-0.01456
0.0
0.0
0.0
0.0
0.0
0.0
0.002564
0.002564
0.0
0.0
0.0

0.800998
0.005327
-0.116581
-0.068992
0.291728
0.316714
-0.213492
0.0
0.0
0.0
0.0
0.006081
0.0
0.0
0.0
0.0
0.0
0.00696
0.0
0.0

0.563592
-0.07333
-0.454957
0.09578
0.015482
0.0
0.0
0.0
0.0
0.0
0.0
0.007546
0.0
0.0
0.0
0.0
0.0
0.0
0.0
0.0

-0.510572
-0.217433
0.303645
-0.116216
0.049683
0.054203
0.184835
0.0
0.006374
0.0
0.0
0.0
0.0
0.0
0.0
0.0
0.00022
0.019853
0.0
0.004322

0.482258
-1.095117
-0.186817
-0.476442
0.202959
0.0
0.184835
0.0
0.0
0.0
0.0
0.124551
0.0
0.0
0.0
0.0
0.0
0.0
0.0
0.0

0.253063
-0.741528
-0.047909
0.074212
0.09944
0.0
0.156117
-0.039989
-0.018101
0.0
0.0
0.0
0.0
0.0
0.023663
0.0
0.0
0.0
0.00022
0.0

0.168159
-0.212516
-0.106501
0.0
0.210076
0.054922
-0.004407
0.0
0.0
0.0
0.0
0.0
0.0
0.0
0.0
0.0
0.009597
0.0
0.0
0.0

0.586944
-0.514488
-0.039775
-0.029575
0.043846
0.343854
0.004615
0.0
-0.018055
0.0
0.0
0.0
0.0
0.0
0.0
0.0
0.0
0.0
0.0
0.0

0.752869
-0.103882
-0.156885
0.054231
0.015482
0.054203
-0.08123
0.0
0.0
0.0
0.0
0.013114
0.0
0.0
0.0
0.0
0.0
0.0
0.0
0.001685

0.095932
-0.299952
-0.106501
0.060256
-0.035319
0.038439
0.0
0.0
0.0
0.0
0.0
0.0
0.0
0.0
0.044768
0.0
0.0
0.0
0.0
0.0

0.752869
0.439114
-0.056433
-0.029575
-0.367787
0.0
0.037143
0.0
-0.004606
0.0
0.0
-0.08427
0.0
0.0
0.0
0.0
0.0
0.0
0.0
0.0

0.487448
0.074515
-0.038194
0.241339
0.015482
0.324986
-0.004407
-0.039989
-0.03476
0.0
0.0
0.0
0.0
0.0
0.050625
0.0
0.0
0.0
0.0
0.0

-0.028633
-0.337612
-0.351591
-0.113014
-0.067668
0.0
-0.000619
-0.006883
0.0
0.0
0.0
0.0
0.0
0.0
0.0
0.0
0.0
0.0
0.0
0.0

0.563592
-0.212516
-0.47527
0.261375
0.015482
0.0
-0.035241
0.0
0.01663
0.0
0.0
0.0
0.0
0.0
0.0
0.0
0.0
0.004549
0.0
0.0

0.041815
-0.150627
-0.056433
0.131326
-0.134296
0.0
0.0
0.0
0.0
0.0
0.0
0.000806
0.0
0.0
0.0
0.0
0.0
0.0
0.0
0.0

0.300342
-0.337612
0.019433
0.187606
0.098242
0.342361
0.0
-0.039989
0.006081
0.0
0.0
0.0
0.0
0.0
0.036587
0.0
0.0
0.004029
0.0
0.001685

