open_e
Left

-0.046886
-0.044301
-0.206688
-0.232716
-0.205476
0.847083
0.40315
0.14967
0.102492
1.0
1.0
0.045348
1.0
1.0
0.188835
1.0
1.0
0.092234
1.0
1.0

0.146699
0.011767
-0.175414
-0.049508
-0.055412
0.987969
0.619707
0.246667
0.057795
1.0
1.0
0.031868
1.0
1.0
0.138576
1.0
1.0
0.064982
1.0
1.0

0.122783
-0.179747
-0.188274
0.030339
0.08175
1.0
0.51011
0.138681
0.352161
1.0
1.0
0.515678
1.0
1.0
0.498974
1.0
1.0
0.372088
1.0
1.0

-0.285838
0.091832
-0.624213
0.02431
-0.123923
0.310242
0.51011
0.005788
0.041565
1.0
1.0
0.0
0.851062
1.0
0.045934
1.0
1.0
0.007839
0.58293
0.377949

-0.046886
-0.064438
-0.26687
-0.303935
-0.3683
0.340729
0.181612
0.424982
0.0137
1.0
1.0
0.0
1.0
1.0
0.159634
1.0
0.824835
0.035971
0.389817
1.0

0.122783
0.482216
-0.07199
-0.033592
0.015078
0.589472
0.091062
0.091941
-0.073476
1.0
1.0
0.003323
1.0
0.632308
0.498974
0.456777
1.0
0.016337
0.472894
1.0

0.036837
0.07408
-0.624213
0.003196
-0.156246
0.310242
0.203736
0.0
0.033333
1.0
1.0
0.278608
1.0
1.0
0.028059
1.0
1.0
0.053846
1.0
0.783223

0.042791
0.137887
-0.328612
-0.049508
0.019237
0.739223
0.231429
0.0
0.028352
1.0
1.0
-0.105808
1.0
0.997729
0.130555
1.0
1.0
0.097802
1.0
0.957875

-0.032789
-0.052373
-0.09133
-0.201226
-0.022834
0.851642
0.028645
0.0
0.206428
1.0
1.0
0.026886
1.0
1.0
-0.144389
1.0
0.999194
0.124469
1.0
0.679341

-0.006535
-0.052373
-0.214741
-0.143288
-0.351722
0.819163
0.079634
0.0
-0.171348
1.0
1.0
0.031868
0.999194
0.998022
0.01663
1.0
0.464835
0.0
0.986007
1.0

-0.045698
0.0
-0.265925
-0.161286
-0.338349
0.968605
0.782051
0.0
-0.173386
1.0
1.0
-0.039314
0.997729
1.0
0.066442
1.0
1.0
0.059414
0.679341
1.0

-0.020577
0.056342
-0.057214
-0.234981
0.073227
0.811475
0.246081
0.0
-0.073476
1.0
1.0
0.0
0.99978
0.998608
-0.075911
1.0
1.0
0.009011
1.0
0.35304

-0.116616
0.112577
-0.078486
-0.22528
0.240347
0.849221
0.0
0.0
0.028352
1.0
1.0
0.031868
1.0
1.0
0.0
1.0
0.942051
0.05461
1.0
1.0

0.047647
0.363456
-0.130128
-0.160213
-0.156246
0.603969
0.782051
0.0
0.040073
1.0
0.99978
-0.089355
0.99978
1.0
0.071929
1.0
0.391575
0.178974
1.0
1.0

0.350429
0.11829
-0.200275
0.0
0.195177
0.777875
0.0
0.0
0.0137
1.0
1.0
-0.019406
0.998315
1.0
-0.047659
1.0
1.0
0.060586
0.348352
0.497802

0.081988
0.206027
-0.147109
-0.289009
-0.154296
0.641656
0.181612
0.100733
-0.01109
1.0
1.0
-0.042209
1.0
0.998315
-0.029743
0.326667
0.999194
0.05461
1.0
1.0

-0.048995
0.172065
-0.624213
-0.143288
-0.415085
1.0
0.344542
0.007253
-0.159334
1.0
1.0
0.0
1.0
0.999194
0.061238
1.0
0.391575
0.059414
1.0
1.0

-0.11859
0.341462
-0.09133
0.003196
-0.193611
0.676064
0.25707
0.0
-0.23595
1.0
1.0
0.0
0.659707
0.998022
0.122681
1.0
1.0
0.02337
0.377949
0.4663

