open_8
Left

0.051278
-0.117463
0.0
0.163507
-0.343569
0.41595
0.139121
0.0
0.002857
0.0
0.0
1.0
0.025128
0.025128
0.46381
0.0
0.0
-0.143075
0.0
0.0

0.21608
-0.135627
0.0
0.071556
-0.326183
0.516368
0.202711
0.03011
0.047692
0.0
0.0
1.0
0.028645
0.028645
0.80022
0.0
0.0
-0.029794
0.0
0.0

0.202126
-0.24934
0.0
0.069785
-0.18321
0.483087
0.152015
0.0
0.019853
0.0
0.0
1.0
0.064396
0.064396
0.840366
0.0
0.0
0.0
0.0
0.0

0.017308
0.323018
0.0
-0.021789
0.114013
0.349556
0.072894
0.010183
0.430256
0.0
0.0
0.992527
1.0
0.355092
0.212381
0.0
0.016337
0.0
0.0
0.0

-0.043314
-0.334515
-0.044509
0.408588
0.076088
0.45333
0.056484
0.0
0.0
0.0
0.0
1.0
0.310843
0.612088
0.135751
0.005495
0.0
0.004029
0.0
0.0

0.06371
0.78984
-0.386388
0.265412
-0.306005
0.89148
0.308791
0.018095
0.064396
0.12359
0.0
1.0
1.0
1.0
0.311429
0.005201
0.0
-0.058985
0.0
0.009011

-0.104051
-0.173143
0.0
0.291512
0.228319
0.378354
0.210916
0.0
0.2263
0.0
0.0
0.833333
1.0
0.044176
0.781465
0.0
0.0
-0.042155
0.0
0.004908

0.06371
0.067945
0.0
0.16731
-0.233622
0.597351
0.123883
0.057949
0.007253
0.0
0.0
1.0
0.600659
0.709084
0.229377
0.0
0.0
0.0
0.004322
0.0

0.14299
-0.3183
0.0
0.482611
-0.329587
0.382419
0.104835
0.021612
0.316996
0.0
0.0
1.0
1.0
0.028645
0.064982
0.002271
0.0
0.0
0.0
0.0

0.404085
0.150512
0.0
0.160467
-0.329587
0.267724
0.0
0.0
0.0
0.0
0.0
0.669377
0.747473
1.0
0.308498
0.0
0.0
0.0
0.0
0.0

0.162506
0.049661
0.039826
0.408588
0.228319
0.585462
0.205055
0.00989
0.0
0.0
0.0
1.0
1.0
0.652674
0.3
0.002857
0.016337
0.047106
0.0
0.0

0.49178
-0.231424
0.0
0.196937
-0.049099
0.375821
0.0
0.025128
0.308498
0.002564
0.0
0.750403
0.600659
0.458535
0.135751
0.0
0.0
0.0
0.0
0.0

0.051238
-0.231424
0.0
-0.062213
0.029784
0.253925
0.121538
0.0
0.20359
0.0
0.0
0.598168
0.458535
0.354506
0.901612
0.0
0.0
-0.03047
0.0
0.0

0.079976
-0.291755
0.0
-0.021789
-0.159958
0.65796
0.029231
0.0
0.325202
0.0
0.0
0.904249
0.508352
0.043883
0.238169
0.0
0.015458
0.089597
0.0
0.015751

0.095335
-0.118342
-0.326854
0.576654
-0.329175
0.742494
0.152015
0.0
0.367985
0.0
0.0
1.0
0.493553
0.590696
0.551136
0.0
0.0
0.0
0.0
0.0

0.039977
-0.118342
0.0
0.087406
-0.252673
0.358312
0.014872
0.0
0.163883
0.0
0.0
0.880366
0.590696
0.32989
0.195385
0.0
0.002857
0.031282
0.0
0.0

0.051278
-0.05936
0.0
0.747094
-0.026886
0.652801
0.056484
0.0
0.007839
0.0
0.0
1.0
0.0937
0.945275
1.0
0.005495
0.0
-0.126973
0.010183
0.0

0.323429
0.142258
-0.112439
-0.021789
0.023175
0.191318
0.0
0.0
0.561978
0.0
0.0
0.822344
0.945275
1.0
0.318755
0.0
0.0
0.0
0.002857
0.0

