p
Left

0.720817
0.290251
0.0
0.0
0.0
1.0
0.447692
0.0
0.326667
0.0
0.0
1.0
0.0
0.0
1.0
1.0
1.0
1.0
0.726081
0.726081

0.876552
0.337241
0.049458
0.0
0.0
1.0
0.235238
0.0
0.341026
0.007839
0.007839
0.945275
0.033626
0.033626
1.0
1.0
1.0
1.0
0.624982
0.624982

0.938155
0.328778
0.286449
0.0
0.409023
1.0
0.275385
0.0
0.278022
0.033919
0.033919
0.639341
0.011355
0.011355
1.0
1.0
1.0
0.733993
1.0
1.0

0.598828
-0.738709
-0.561106
0.0
0.0
1.0
0.60652
0.0
0.040366
0.0
0.0
0.745421
0.166374
0.013993
0.859414
0.882418
1.0
1.0
0.68652
0.815165

0.80288
-0.336788
-1.131282
0.0
0.0
1.0
0.0
0.047985
0.065568
0.0
0.0
1.0
0.097216
0.16022
1.0
1.0
1.0
0.998022
0.726081
1.0

0.624523
0.582043
0.0
0.0
0.102627
1.0
0.452381
0.0
0.278022
0.0
0.0
1.0
0.302051
0.087839
0.878169
1.0
0.758608
0.988571
0.806081
1.0

1.0
-0.738709
0.0
0.0
-0.01173
1.0
0.305861
0.0
0.040366
0.0
0.0
1.0
0.011355
0.447985
1.0
0.099853
1.0
1.0
0.927106
0.624982

0.80288
-1.126228
0.0
0.0
0.0
1.0
0.077875
0.015458
0.45707
0.0
0.0
0.996557
0.055311
0.017216
1.0
1.0
0.865275
0.397289
1.0
1.0

0.466738
-0.711082
0.0
0.0
0.762102
1.0
0.24022
0.022784
0.072015
0.033919
0.0
1.0
0.0
0.167546
1.0
1.0
1.0
1.0
1.0
0.998901

0.624523
-0.948204
0.0
0.0
0.004989
1.0
0.442418
0.0
0.160306
0.0
0.0
1.0
0.033626
0.195971
1.0
1.0
1.0
1.0
1.0
1.0

0.355119
0.476227
0.0
0.0
0.059374
1.0
0.20652
0.0
0.329597
0.0
0.0
0.728425
0.087839
0.056777
1.0
0.882418
1.0
1.0
0.997729
0.624689

0.34697
0.290251
-0.323851
0.0
0.0
1.0
0.033919
0.0
0.114799
0.0
0.033919
1.0
0.0
0.097216
1.0
1.0
1.0
1.0
0.572234
0.999487

0.534517
0.442855
0.0
0.0
0.004305
1.0
0.064396
0.0
0.072015
0.0
0.0
1.0
0.031282
0.16022
1.0
0.689158
1.0
0.962271
1.0
0.624982

1.0
-1.10305
0.0
0.0
-0.008435
1.0
0.377656
0.0
0.278022
0.006081
0.0
1.0
0.071136
0.406374
1.0
1.0
1.0
0.998022
0.726081
1.0

1.0
0.337241
0.0
0.0
0.039018
1.0
0.235238
0.0
0.337509
0.0
0.0
1.0
0.0
0.013993
1.0
0.95055
1.0
0.993626
1.0
1.0

0.720817
-0.556572
-0.236035
0.0
0.0
1.0
0.241978
0.0
0.440659
0.0
0.0
1.0
0.071136
0.351868
1.0
1.0
0.90044
1.0
1.0
0.998901

1.0
-2.03785
-0.430577
0.0
-0.161903
1.0
0.0
0.011062
0.258681
0.0
0.0
0.67304
0.212088
0.002857
1.0
1.0
1.0
0.983077
1.0
0.999487

0.586773
-1.555431
0.0
0.0
0.0
1.0
0.406667
0.0
0.244615
0.0
0.0
1.0
0.059414
0.017216
1.0
0.227912
1.0
0.79348
0.565641
0.624689

