r
Left

0.562227
-0.944096
-0.110991
0.0
0.418173
1.0
1.0
0.321099
0.392015
0.0
0.0
0.0
0.0
0.0
1.0
1.0
1.0
0.515971
1.0
1.0

0.646188
-0.838385
-0.143764
0.0
0.363735
1.0
1.0
0.536191
0.531502
0.0
0.0
0.049744
0.0
0.0
1.0
1.0
1.0
0.547033
1.0
1.0

0.475039
-0.858105
-0.091852
0.0
0.477376
1.0
1.0
0.308791
0.581612
0.0
0.0
0.065861
0.0
0.0
1.0
1.0
1.0
0.694286
1.0
1.0

0.646188
-0.745299
0.371972
0.0
0.0
1.0
1.0
0.738681
0.180733
0.0
0.0
0.268059
0.285788
0.0
0.43978
1.0
1.0
0.913626
1.0
0.997582

0.824588
-0.513653
0.342396
0.315255
0.532514
1.0
0.611355
0.54718
0.106007
0.0
0.0
0.0
0.0
0.0
1.0
1.0
1.0
0.547033
1.0
0.695897

0.501883
0.040222
0.483765
0.023897
0.477376
1.0
0.390989
0.449744
0.675971
0.011648
0.0
0.0
0.0
0.120806
0.684762
0.999194
1.0
0.216484
1.0
1.0

0.76794
-0.944096
0.402275
0.049919
0.174555
1.0
1.0
0.0
0.171062
0.011355
0.0
0.0
0.0
0.0
0.868205
1.0
1.0
0.968938
1.0
1.0

0.494563
-0.786978
0.412325
0.155901
0.294221
1.0
0.498681
0.078462
0.095751
0.00022
0.0
0.097216
0.0
0.244615
0.634359
1.0
1.0
0.472308
1.0
1.0

0.370623
-0.3347
0.371972
0.314884
0.52599
1.0
0.390989
0.165495
0.392015
0.0
0.0
0.067326
0.021026
0.0
0.861465
1.0
1.0
0.954652
0.999487
1.0

0.496426
-0.786978
0.206867
0.0
0.44245
1.0
1.0
0.171941
0.190403
0.0
0.0
0.11304
0.0
0.0
1.0
1.0
1.0
0.760366
0.999194
1.0

0.577463
-0.344878
0.290261
0.154813
-0.003538
1.0
1.0
0.243736
0.171062
0.0
0.0
0.197729
0.292967
0.120952
1.0
1.0
0.999194
0.913626
1.0
1.0

0.545928
-0.225497
0.412368
0.0
0.209993
1.0
1.0
0.444762
0.190696
0.0
0.0
0.006667
0.052381
0.0
1.0
1.0
1.0
0.966777
1.0
1.0

0.61154
-0.130704
0.483765
0.0
0.290224
1.0
0.489157
0.079341
0.268498
0.0
0.0
0.795238
0.120806
0.068791
1.0
1.0
1.0
0.545861
1.0
0.999487

0.360462
-0.246883
0.181929
-0.082796
0.0
1.0
1.0
0.721392
0.183663
0.0
0.0
-0.001399
0.061172
0.0
0.772088
1.0
0.999487
0.675385
0.99978
0.997582

0.494563
-0.178952
0.255156
0.243806
0.282897
1.0
1.0
0.54718
0.055897
0.0
0.0
0.006667
0.0
0.047106
0.828938
1.0
1.0
0.975311
1.0
0.998901

0.41115
0.400267
0.26413
0.003706
0.047144
1.0
0.965495
0.160806
0.405201
0.0
0.0
0.0
0.05619
0.032454
0.593773
1.0
1.0
0.827766
1.0
0.998901

0.431055
0.725586
0.396646
0.0
0.03568
1.0
1.0
0.146593
0.19304
0.0
0.0
0.065861
0.0
0.0
0.949231
1.0
1.0
0.792894
0.99978
0.99978

0.749914
-0.393239
-0.018971
0.0
0.311007
1.0
1.0
0.0
0.190403
0.0
0.0
0.0
0.0
0.040366
1.0
0.999194
1.0
0.59304
0.695897
1.0

