s
Left

0.504016
0.0
0.0
0.0
0.068757
1.0
1.0
0.746447
1.0
1.0
1.0
1.0
1.0
1.0
1.0
1.0
1.0
0.899267
1.0
1.0

0.457487
0.0
-0.11375
0.0
0.064647
1.0
1.0
0.451648
1.0
1.0
1.0
0.914945
1.0
1.0
1.0
1.0
1.0
0.771648
1.0
1.0

0.441916
0.0
-0.248608
0.0
0.116567
1.0
1.0
0.444176
1.0
1.0
1.0
0.742784
1.0
1.0
1.0
1.0
1.0
0.691648
1.0
1.0

0.441916
0.0
0.039753
0.0
-0.327052
1.0
1.0
1.0
0.706447
1.0
1.0
1.0
1.0
0.99978
0.612674
1.0
1.0
0.463517
1.0
0.999487

0.15726
0.0
-0.222524
0.0
0.190657
1.0
0.540146
0.628791
0.616484
1.0
1.0
0.898828
1.0
0.998022
1.0
1.0
1.0
0.200366
1.0
1.0

0.973234
-0.505369
0.0
-0.022203
0.021323
1.0
1.0
1.0
1.0
1.0
1.0
0.874359
1.0
1.0
0.718169
1.0
1.0
0.599487
0.994213
1.0

0.375362
0.0
-0.041799
0.0
0.116567
1.0
1.0
0.910256
0.733993
1.0
1.0
1.0
0.998022
1.0
1.0
1.0
0.999487
1.0
0.998901
1.0

0.443793
0.0
0.0
0.0
0.021323
1.0
1.0
0.65663
1.0
1.0
1.0
0.875824
1.0
1.0
0.691502
1.0
1.0
0.237289
0.997729
1.0

0.679158
0.0
0.0
0.0
-0.009387
1.0
0.540146
0.030989
1.0
1.0
1.0
1.0
0.998608
1.0
1.0
1.0
1.0
0.599487
0.810916
0.915092

0.631903
0.0
0.0
0.135189
-0.440879
1.0
1.0
0.304689
0.841538
1.0
1.0
1.0
0.998022
1.0
0.22293
1.0
1.0
0.14381
1.0
1.0

0.769125
0.0
0.0
0.0
-0.371526
1.0
0.937363
0.041832
1.0
1.0
1.0
1.0
1.0
0.998608
1.0
0.999487
1.0
0.691648
0.810916
0.997729

0.599334
-0.067524
0.0
0.184224
0.290876
1.0
0.951136
0.228498
0.629084
1.0
1.0
0.936484
1.0
1.0
0.691502
1.0
1.0
1.0
1.0
1.0

0.704966
0.0
0.0
0.135189
0.068757
1.0
1.0
0.449744
0.805494
1.0
1.0
1.0
0.998022
0.998608
0.970769
1.0
1.0
0.920366
0.99978
1.0

0.441916
-0.042541
0.0
0.0
0.213864
1.0
0.981685
0.047692
1.0
1.0
1.0
0.936484
1.0
1.0
1.0
1.0
1.0
0.585128
1.0
1.0

0.620823
-0.505369
-0.041799
0.0
0.182129
1.0
1.0
0.746447
0.83304
1.0
0.99978
0.701758
0.998022
1.0
1.0
1.0
1.0
0.342198
1.0
1.0

0.375362
-0.056043
0.0
0.0
0.136236
1.0
1.0
0.229084
1.0
1.0
1.0
1.0
1.0
1.0
1.0
0.999487
1.0
0.805788
1.0
1.0

0.504016
-0.103614
0.0
0.017193
0.047473
1.0
0.609744
1.0
0.616484
1.0
1.0
1.0
1.0
0.998608
0.718169
1.0
1.0
0.739267
1.0
1.0

0.818555
0.0
0.0
0.0
0.213864
1.0
1.0
0.467912
1.0
1.0
1.0
0.774579
1.0
1.0
0.832015
1.0
1.0
0.767546
1.0
1.0

