spread_e
Left

0.902937
0.579537
0.0
-0.175227
-0.54213
1.0
1.0
1.0
0.071429
1.0
1.0
-0.081968
1.0
1.0
-0.005219
1.0
1.0
0.0
0.820147
0.820147

0.963117
0.657125
0.026486
0.071704
-0.528076
1.0
1.0
0.838608
0.130037
1.0
1.0
0.0
1.0
1.0
0.021308
1.0
1.0
0.0
0.922125
0.922125

0.444575
0.444355
-0.130241
-0.212054
-0.546929
1.0
0.875531
1.0
-0.091584
1.0
1.0
-0.224557
1.0
1.0
-0.030889
1.0
1.0
0.0
0.581319
0.581319

0.679976
0.40496
0.010327
-0.522625
-0.937421
1.0
1.0
1.0
0.169744
1.0
1.0
0.056484
0.881685
0.731648
-0.013197
0.526227
0.864689
0.038022
0.774432
0.407546

0.461378
0.329975
0.174978
-0.146429
-0.685899
1.0
1.0
1.0
0.06
1.0
1.0
-0.28822
0.825421
1.0
0.016094
1.0
0.751575
0.006081
0.386593
1.0

0.446138
0.714171
0.248072
-0.394894
-0.372124
1.0
1.0
0.783517
-0.234479
1.0
1.0
-0.295449
1.0
0.774432
-0.050002
1.0
1.0
0.0
0.922125
0.29707

0.649931
0.769069
0.139237
0.071704
-0.381594
1.0
1.0
1.0
0.26337
1.0
0.99978
-0.271518
0.99978
1.0
-0.050002
0.642564
1.0
0.029231
1.0
0.407546

0.686634
0.560588
0.031326
-0.018996
-0.314596
1.0
1.0
1.0
0.0937
1.0
1.0
-0.029615
1.0
1.0
0.253114
0.535604
1.0
0.0
0.774432
1.0

0.76241
0.748633
-0.028548
-0.571206
0.485862
1.0
1.0
1.0
0.0
1.0
1.0
-0.226882
1.0
1.0
0.422491
1.0
0.999414
0.05033
0.273626
0.55685

0.742319
0.285716
-0.229304
0.785349
-0.403587
1.0
1.0
1.0
0.123065
1.0
1.0
-0.202719
1.0
1.0
-0.169854
0.750989
1.0
0.037143
0.482857
0.57663

0.586844
0.707165
-0.281995
-0.387029
-0.372124
1.0
1.0
1.0
-0.191967
1.0
1.0
-0.29113
1.0
0.998315
-0.099107
0.54044
1.0
0.002271
1.0
0.527692

0.592524
0.651311
0.11419
-0.25789
-0.415322
1.0
1.0
0.543077
0.26337
1.0
1.0
-0.105204
0.8937
0.670696
-0.171191
1.0
1.0
0.028938
0.922125
1.0

0.719739
0.821743
0.031326
-0.509354
-0.095289
1.0
1.0
0.270696
-0.175482
1.0
1.0
-0.105204
1.0
1.0
-0.090191
1.0
1.0
0.0
0.330769
0.891062

0.690534
1.458917
-0.140402
-0.322662
-0.17988
1.0
1.0
0.341905
-0.091584
1.0
1.0
-0.285038
0.881685
1.0
0.016094
0.999194
0.767399
0.030696
0.3337
0.163736

0.53755
0.239845
0.716645
-0.522625
-0.403587
1.0
1.0
0.0
-0.028092
0.963883
1.0
0.035092
1.0
1.0
0.046741
0.828645
0.517729
0.009597
0.786447
0.351868

0.679976
1.019297
-0.187502
-0.465371
0.286391
1.0
1.0
0.783517
0.215018
1.0
1.0
-0.340861
0.998022
0.998315
-0.009823
0.54044
1.0
0.05033
1.0
0.622637

0.702169
0.905384
0.103358
-0.394894
-0.423229
1.0
1.0
1.0
-0.106353
1.0
1.0
-0.226882
1.0
1.0
-0.169854
1.0
0.630549
0.358315
0.515385
0.273626

0.95319
0.429302
-0.196607
-0.159799
-0.937421
1.0
1.0
1.0
-0.122122
1.0
1.0
-0.242165
1.0
1.0
-0.174538
0.999194
1.0
0.027473
0.867619
0.57663

