spread_open_e
Left

-0.086569
0.606287
0.320731
-0.107279
-0.631326
0.869013
0.437436
0.104835
-0.043007
1.0
1.0
-0.24919
0.742491
0.742491
-0.26322
0.712601
0.712601
-0.158075
0.376777
0.376777

-0.273382
0.728907
0.274932
-0.095339
-0.705279
0.588432
0.154652
0.062344
0.042922
1.0
1.0
-0.227717
1.0
1.0
-0.141748
1.0
1.0
-0.101052
0.341612
0.341612

-0.116673
0.566153
0.303664
0.067553
-0.348598
0.757423
0.212967
0.022198
0.336044
1.0
1.0
-0.057813
1.0
1.0
0.068684
1.0
1.0
0.050104
0.501319
0.501319

0.144037
0.330685
0.009384
-0.366891
0.255276
0.517786
0.257802
0.0
-0.201053
1.0
1.0
-0.138541
0.735458
0.851209
-0.073481
1.0
1.0
0.431575
0.444176
0.358022

-0.11107
0.659755
0.941339
0.009643
-0.703532
0.891473
0.411795
0.041245
-0.178698
1.0
1.0
0.0
1.0
1.0
-0.102743
1.0
0.53326
0.008718
0.906593
0.33707

-0.067807
0.397066
-0.140844
-0.07345
-0.423488
0.219568
0.0
0.017216
-0.346124
1.0
1.0
-0.054786
0.742491
1.0
0.02044
1.0
0.927692
0.0
0.311429
0.70967

-0.031284
0.61644
0.935316
-0.211888
-0.30521
0.455141
0.038022
0.260147
0.071429
1.0
1.0
0.0
0.998022
0.998608
-0.127715
1.0
1.0
0.033626
1.0
0.56315

0.200327
0.514359
0.941339
-0.152486
-0.357537
0.174423
0.354212
0.021905
0.0
1.0
1.0
-0.084031
0.966374
0.841099
0.052636
0.67685
1.0
0.05619
0.33707
0.520806

0.186788
0.810701
-0.001978
0.209158
-0.44709
0.96888
0.178974
0.352747
0.017294
1.0
1.0
-0.19451
0.772088
0.998901
-0.124617
0.769451
0.847106
0.0
0.712601
0.501319

0.132452
0.695769
0.65545
-0.24442
-0.49203
0.585863
0.153187
0.06967
-0.346124
1.0
1.0
-0.054786
0.715678
0.998315
0.100087
1.0
0.528132
0.030403
0.652821
0.638755

-0.031284
0.632858
1.348773
-0.343931
-0.504422
0.219568
0.0
0.045348
-0.127179
1.0
1.0
0.0
0.867766
0.890183
-0.154797
1.0
0.67685
0.176923
0.324322
0.324322

0.47415
0.454779
0.162161
0.067553
-0.198725
0.356105
0.052088
0.067033
-0.119557
1.0
1.0
-0.135868
0.762857
0.982051
-0.049001
1.0
0.549231
0.006374
1.0
0.947326

0.057309
0.227158
-0.462713
-0.26112
-0.103625
0.891473
0.08696
0.0
0.165228
1.0
0.99978
-0.24919
1.0
1.0
-0.202417
0.769451
1.0
0.336337
0.275238
0.514506

0.435055
0.463429
-0.008096
0.047429
-0.340138
0.681029
0.0
0.021905
0.0
1.0
1.0
-0.002605
0.765934
0.469963
0.0
1.0
1.0
0.0
0.376777
0.275238

0.31884
0.324905
0.344722
-0.330465
-0.730714
0.586455
0.252821
0.0
-0.097539
1.0
1.0
-0.146663
0.469963
1.0
-0.049001
1.0
1.0
-0.158075
0.891941
0.26044

0.325531
0.813223
-0.094578
-0.343931
-0.497697
0.487199
0.171355
0.0
0.071429
1.0
1.0
-0.247488
1.0
1.0
0.02044
1.0
0.641392
0.125055
0.413407
0.778388

0.354201
0.550444
-0.323324
0.109561
-0.423488
0.274139
0.112454
0.0
0.029231
1.0
1.0
-0.200432
0.890183
0.844176
-0.069887
1.0
1.0
0.0
0.663956
1.0

0.057309
0.731236
0.219865
-0.221104
-0.215033
0.608383
0.411795
0.0
0.0
1.0
1.0
-0.15332
1.0
0.867766
-0.119976
0.712601
0.715384
0.0
0.199634
0.504835

