v
Left

1.0
0.517474
-0.146529
0.0
0.504824
1.0
1.0
0.216484
0.077123
0.0
0.0
0.092821
0.0
0.0
1.0
1.0
1.0
0.724908
1.0
1.0

0.829072
0.518956
0.001884
0.0
0.46457
1.0
1.0
0.224835
0.081047
0.0
0.0
0.218388
0.0
0.0
1.0
1.0
1.0
0.668352
1.0
1.0

0.832129
0.557899
-0.028964
0.0
0.454534
1.0
1.0
0.147326
0.100146
0.0
0.0
0.186007
0.0
0.0
1.0
1.0
1.0
0.643443
1.0
1.0

0.585361
0.629291
-0.137828
0.234497
0.277067
1.0
0.521392
0.147326
0.012821
0.0
0.0
0.0
0.0
0.0
0.416777
1.0
0.999487
0.633187
1.0
1.0

0.80901
0.510253
0.058183
0.028231
0.697923
1.0
1.0
0.376191
0.001392
0.0
0.0
0.0
0.0
0.0
1.0
1.0
1.0
0.72652
1.0
0.288278

0.556803
0.401227
-0.128826
-0.098836
0.27225
1.0
1.0
0.125055
0.08022
0.0
0.0
0.175751
0.0
0.0
0.599487
1.0
1.0
0.45956
0.999487
1.0

0.615787
0.500934
-0.204846
0.160969
-0.027233
1.0
0.710843
0.710549
0.0
0.0
0.0
0.218388
0.0
0.0
0.927106
1.0
1.0
0.668352
0.999487
1.0

0.254326
0.544124
-0.169923
0.318681
0.567353
1.0
1.0
0.113187
0.015165
0.0
0.0
0.092821
0.0
0.0
0.876996
1.0
1.0
1.0
0.99978
1.0

0.718083
0.51194
-0.399116
0.0
0.454534
1.0
1.0
0.325495
-0.027781
0.0
0.0
0.0
0.0
0.0
0.540293
1.0
1.0
0.540293
1.0
0.379707

0.609164
0.559462
-0.146529
0.0
0.342141
1.0
0.710843
0.710549
0.0
0.0
0.0
0.020733
0.0
0.0
0.655897
1.0
1.0
0.298828
0.997729
1.0

0.825183
0.578287
0.058183
0.09676
0.18491
1.0
1.0
0.0
0.081047
0.0
0.0
0.0
0.0
0.0
0.562125
1.0
1.0
0.369304
0.954066
1.0

0.548331
0.477115
-0.0403
0.0
0.0
1.0
1.0
0.124176
0.0
0.0
0.0
0.0
0.0
0.0
1.0
1.0
1.0
0.45956
0.361245
0.288278

0.51031
0.356187
-0.285843
-0.008624
0.46457
1.0
0.601392
0.589231
0.100146
0.0
0.0
-0.104203
0.0
0.0
0.889011
1.0
1.0
0.78337
1.0
0.998901

0.816429
0.517474
-0.097774
0.09676
0.0
1.0
0.435092
0.124176
-0.049972
0.0
0.0
0.039487
0.0
0.0
1.0
1.0
1.0
0.540293
0.99978
1.0

0.645477
0.557899
-0.314663
0.0
0.454534
1.0
1.0
0.00696
-0.024573
0.0
0.0
0.0
0.0
0.0
0.540293
1.0
1.0
0.54674
0.941172
1.0

0.448304
0.704579
-0.192593
0.157001
0.209802
1.0
1.0
0.043004
0.008425
0.0
0.0
0.0
0.0
0.0
1.0
1.0
1.0
0.483443
0.860879
0.288278

0.90532
0.477115
-0.151705
0.234497
0.277067
1.0
1.0
0.113187
-0.106457
0.0
0.0
0.0
0.0
0.0
0.655897
1.0
1.0
0.752454
0.997729
0.999194

0.6283
0.681149
0.262011
0.0
0.27225
1.0
1.0
0.487839
0.0
0.0
0.004029
0.367106
0.0
0.0
0.835385
0.71392
1.0
1.0
1.0
0.997729

