x
Left

0.658728
-0.110671
0.184607
0.0
0.046119
1.0
1.0
1.0
0.360366
1.0
1.0
0.810769
0.862051
0.862051
1.0
1.0
1.0
0.79978
1.0
1.0

0.184438
0.346836
-0.034176
0.0
0.261695
1.0
1.0
0.562271
0.313187
1.0
1.0
0.746007
0.905714
0.905714
1.0
1.0
1.0
0.761978
1.0
1.0

0.231887
0.108572
-0.036434
0.0
0.175136
1.0
1.0
0.231575
0.404615
1.0
1.0
0.820879
0.648718
0.648718
1.0
1.0
1.0
0.770623
1.0
1.0

0.785421
-0.489543
0.0
-0.042278
-0.218686
1.0
1.0
1.0
0.360366
0.870549
0.691502
0.815018
1.0
0.661026
0.488132
1.0
0.495458
0.285934
0.581905
0.598608

0.60832
-0.16286
0.0
0.0
0.376383
1.0
1.0
0.677143
0.383517
1.0
1.0
1.0
0.831575
0.725788
1.0
0.561978
1.0
0.770623
1.0
0.552015

0.545674
-1.438063
0.0
-0.201866
0.114078
1.0
1.0
0.863223
0.143648
0.166667
0.992527
0.75685
0.978974
0.905714
0.507326
1.0
1.0
0.749377
0.997729
1.0

-0.049219
-0.976585
-0.158565
0.0
-0.107204
1.0
1.0
0.0
0.404615
0.467033
0.998572
1.0
0.985568
0.998608
0.589817
1.0
1.0
0.770623
0.997729
0.99978

0.702163
-0.16286
0.0
0.147861
-0.676577
1.0
1.0
0.0
0.290623
0.998572
1.0
1.0
0.94293
0.9063
0.60652
0.832161
0.993773
0.87348
1.0
0.552015

-0.26295
-1.091587
0.0
-0.334531
0.0
1.0
1.0
1.0
0.539707
0.166667
1.0
0.813114
0.872308
0.99978
1.0
0.541172
1.0
0.825714
1.0
1.0

-0.423501
0.097184
0.0
-0.189375
0.0
1.0
1.0
0.235238
0.620147
1.0
0.667912
0.871136
1.0
0.927692
1.0
1.0
1.0
1.0
0.581905
1.0

0.824569
-0.068224
0.0
-0.339902
-0.260971
1.0
1.0
0.302637
0.28359
1.0
0.4263
1.0
1.0
0.869377
1.0
1.0
0.522564
1.0
0.997729
1.0

1.0
-0.16286
0.0
-0.140375
-0.218686
1.0
1.0
0.565495
0.113383
1.0
1.0
0.722564
0.978974
0.928571
1.0
1.0
0.999487
0.58337
1.0
1.0

-0.118331
-0.110671
-0.055058
0.0
0.0
1.0
1.0
0.0
0.143648
0.632308
0.635238
1.0
1.0
1.0
1.0
1.0
0.999487
0.482564
1.0
1.0

1.0
-0.903333
0.0
0.0
0.530704
1.0
1.0
1.0
0.290623
1.0
1.0
1.0
0.905714
1.0
0.99978
1.0
1.0
0.65282
1.0
1.0

1.0
-0.290421
0.0
0.0
0.175136
1.0
1.0
0.516264
0.17788
1.0
0.905421
1.0
0.928571
0.99978
1.0
1.0
0.729304
1.0
0.998901
1.0

1.0
-0.187144
0.080422
0.0
0.0
1.0
1.0
0.170476
0.527692
1.0
0.467033
1.0
0.927986
0.966081
0.919048
1.0
1.0
0.749377
1.0
1.0

0.545674
-0.068224
-0.031787
0.0
0.0
1.0
1.0
0.22381
0.293553
0.464689
1.0
1.0
0.99978
0.927986
0.661612
1.0
0.919487
0.728718
1.0
1.0

0.965375
-0.389347
0.0
0.0
0.0
1.0
1.0
1.0
0.565495
0.657509
1.0
1.0
0.905714
1.0
0.507326
1.0
1.0
0.567985
0.999194
0.908645

