y
Left

0.392176
0.0
0.0
0.0
0.0022
0.0
-0.004487
-0.070727
1.0
1.0
1.0
1.0
1.0
1.0
1.0
1.0
1.0
0.864982
0.038608
0.038608

0.543965
0.0
0.0
0.0
0.0
0.0
0.018454
-0.104314
1.0
1.0
1.0
1.0
1.0
1.0
1.0
1.0
1.0
1.0
0.026886
0.026886

0.310361
0.0
0.0
0.0
0.0
0.0
0.109708
-0.08187
1.0
1.0
1.0
1.0
1.0
1.0
1.0
1.0
1.0
1.0
0.027766
0.027766

0.636919
0.0
0.0
0.0
-0.746737
0.0
0.074359
0.015348
1.0
1.0
1.0
1.0
0.99978
1.0
0.938461
1.0
1.0
0.234652
0.0
0.0

0.532275
0.0
0.0
0.033656
0.0
0.243252
-0.077343
0.0
1.0
1.0
1.0
1.0
1.0
1.0
0.918608
1.0
1.0
1.0
0.069377
0.0

-0.330797
0.0
0.0
0.0
-0.831083
0.0
-0.040159
-0.008689
1.0
1.0
1.0
1.0
0.799634
1.0
1.0
1.0
1.0
0.518608
0.029231
0.0

0.128531
0.0
0.0
0.0
-0.329318
0.0
-0.003046
-0.088993
1.0
1.0
1.0
1.0
1.0
0.998608
1.0
1.0
1.0
0.349231
0.0
0.0

0.265923
0.0
0.0
0.033656
-0.263028
0.06483
-0.017636
0.0
1.0
0.99978
1.0
1.0
1.0
0.998608
1.0
1.0
0.964396
0.805494
0.001978
0.0

0.475561
-0.421466
0.0
0.0
-0.831083
0.16919
0.020733
-0.057088
1.0
1.0
1.0
0.880366
0.998608
0.998608
0.998608
0.709963
1.0
0.258535
0.0
0.0

0.399487
0.0
0.0
0.0
-0.296691
0.0
-0.004487
-0.084657
1.0
1.0
1.0
0.921245
0.979707
0.998608
1.0
0.957875
1.0
0.426007
0.0
0.0

0.251372
0.0
0.0
0.011938
-0.143213
0.0
-0.165806
-0.057088
1.0
1.0
1.0
1.0
0.956923
0.998315
1.0
0.964396
1.0
0.38381
0.0
0.0

0.561373
0.0
0.0
0.0
0.06118
0.0
-0.077343
-0.049762
1.0
1.0
0.99978
1.0
1.0
0.799634
1.0
1.0
0.927692
0.493407
0.0
0.0

0.310655
0.0
-0.000367
0.0
-0.550586
0.0
0.064396
-0.142528
1.0
1.0
1.0
1.0
1.0
1.0
1.0
1.0
1.0
0.355971
0.059707
0.0

0.251372
0.0
0.0
0.0
-0.296691
0.0
0.00022
-0.154595
1.0
1.0
0.971648
1.0
0.956923
0.826154
1.0
1.0
0.957875
0.249597
0.0
0.069377

0.646204
0.0
0.0
0.0
-0.313741
0.0
0.074359
0.042079
1.0
1.0
0.687399
0.999414
1.0
1.0
1.0
1.0
1.0
0.407839
0.0
0.0

0.646204
-0.000423
0.0
0.0
-0.43132
0.0
-0.014489
0.0
1.0
1.0
1.0
1.0
1.0
0.998315
1.0
0.771355
0.821612
0.248425
0.0
0.059707

-0.193842
0.0
0.0
-0.002213
0.0
0.0
0.0
-0.030089
1.0
1.0
0.747766
0.93707
0.799634
1.0
0.961318
1.0
0.70967
0.071722
0.059707
0.0

0.055418
0.0
-0.089613
0.0
-0.139601
0.0
0.357143
0.028938
1.0
1.0
1.0
1.0
0.523004
1.0
1.0
0.999414
1.0
0.024249
0.0
0.0

