3
Left

0.519784
0.307337
-0.360563
0.0
-0.004297
0.0
0.014345
-0.005802
0.013889
0.0
0.0
0.052967
0.0
0.0
1.0
1.0
1.0
0.454725
0.952894
0.952894

0.447284
0.283306
-0.318811
0.0
0.173941
0.0
-0.058418
-0.064691
0.049744
0.0
0.0
0.161099
0.0
0.0
1.0
1.0
1.0
0.751868
0.827179
0.827179

0.42888
0.27883
-0.383917
0.0
0.124646
0.0
-0.114815
-0.0809
0.058242
0.0
0.0
0.194799
0.0
0.0
1.0
1.0
1.0
0.530037
0.99978
0.99978

0.650782
0.491851
-0.434987
0.035597
0.25946
0.027272
0.094872
-0.033989
0.028645
0.0
0.0
0.052381
0.0
0.0
0.930037
1.0
1.0
1.0
1.0
0.634799

0.135661
0.215558
-0.374565
0.0
0.11482
0.0
-0.0926
-0.014253
0.018974
0.0
0.0
0.0
0.0
0.0
1.0
1.0
0.708791
1.0
0.998901
1.0

-0.001523
0.109874
-0.035406
0.0
0.145568
0.041193
-0.238189
0.0
0.015165
0.0
0.0
0.103956
0.0
0.0
0.3337
1.0
0.803883
0.575458
0.515678
1.0

0.413347
0.231449
-0.286805
0.044062
0.0
0.057011
0.033631
-0.064691
0.091941
0.0
0.0
0.0
0.0
0.0
0.958461
0.950549
1.0
0.663663
1.0
1.0

0.11922
0.497693
-0.581508
0.0
0.0
0.027272
0.0
-0.005802
0.015165
0.0
0.0
0.171648
0.0
0.0
1.0
1.0
1.0
0.97729
0.697656
0.805788

0.605109
0.443475
-0.024629
0.0
0.436129
0.0
0.181758
-0.063662
0.038022
0.0
0.0
0.547033
0.0
0.0
1.0
0.827179
1.0
0.811355
1.0
0.827179

-0.037319
0.768606
-0.161781
0.0
0.293691
0.253339
0.014345
0.0
0.124176
0.0
0.0
0.079341
0.0
0.0
1.0
0.886081
1.0
0.690916
1.0
0.999194

-0.001523
-0.177617
-0.024629
0.076058
0.0
0.071931
-0.114815
-0.031875
-0.089603
0.0
0.0
0.262491
0.0
0.0
0.915092
0.890037
1.0
0.663663
0.515678
0.694725

0.385608
0.246534
-0.517496
0.007188
0.0
0.0
0.0
-0.027232
0.0
0.0
0.0
0.119634
0.0
0.0
0.3337
1.0
0.80022
0.988645
0.999194
1.0

0.11922
1.028515
-0.001174
0.047273
0.293691
0.0
-0.238189
0.0
-0.102506
0.0
0.0
0.079341
0.0
0.0
0.988352
1.0
1.0
1.0
1.0
1.0

0.31186
0.104543
-0.292879
0.0
0.0
0.0
0.0
-0.003981
0.049158
0.0
0.0
0.171648
0.0
0.0
0.907179
1.0
0.999487
0.751868
1.0
0.997729

-0.342663
0.281956
-0.19374
0.066403
0.06887
0.168167
-0.018461
-0.068774
0.009304
0.0
0.0
0.284469
0.0
0.0
0.849744
0.675824
1.0
0.62967
0.515678
0.515678

-0.245472
-0.329601
-0.27172
0.0
0.124646
0.0
-0.090881
-0.064691
0.013407
0.0
0.0
0.859707
0.0
0.0
1.0
1.0
1.0
0.679927
1.0
1.0

0.517068
-0.177617
0.024762
0.138361
0.293691
0.0
0.032161
-0.11353
-0.012416
0.0
0.0
0.275971
0.0
0.0
0.904835
0.80022
1.0
0.882711
0.998901
0.654286

0.682894
-0.020748
-0.033007
0.0
0.0
0.0
-0.311927
-0.003246
0.124176
0.0
0.0
0.004029
0.0
0.0
1.0
1.0
1.0
0.891355
0.997729
0.952894

