4
Left

0.454081
0.477834
-0.029871
-0.396124
-0.593465
1.0
1.0
0.458974
0.0
0.0
0.0
-0.056885
0.0
0.0
-0.120381
0.0
0.0
-0.040055
0.0
0.0

0.512749
0.321574
0.017666
-0.372566
-0.646114
1.0
1.0
0.53707
0.0
0.0
0.0
0.0
0.0
0.0
-0.066631
0.0
0.0
-0.044468
0.0
0.0

0.436712
0.512081
0.070111
-0.31029
-0.523759
1.0
1.0
0.464396
0.0
0.0
0.0
0.0
0.0
0.0
-0.041165
0.0
0.0
-0.026878
0.0
0.0

0.29681
0.78679
0.234576
-0.324885
-0.294679
1.0
1.0
0.234359
0.0
0.0
0.0
-0.10155
0.0
0.0
-0.057056
0.0
0.0
0.0
0.0
0.0

-0.274486
0.0
0.033309
-0.199788
-0.394286
1.0
0.820293
0.458974
0.014286
0.0
0.0
-0.016634
0.0
0.0
0.0
0.0
0.0
0.002271
0.0
0.0

-0.275735
0.543521
0.035526
-0.223461
-0.489543
1.0
1.0
0.127106
-0.087022
0.0
0.0
0.0
0.0
0.0
0.0
0.0
0.0
-0.040055
0.0
0.0

-0.142099
0.78679
0.263361
-0.18806
-0.262984
1.0
1.0
0.464396
-0.080437
0.0
0.0
0.004908
0.0
0.0
0.0
0.0
0.0
0.016923
0.0
0.0

0.509647
0.367673
-0.146419
-0.138419
-0.3092
1.0
1.0
0.042125
0.014286
0.0
0.0
0.0
0.0
0.0
0.022784
0.0
0.0
-0.220435
0.0
0.0

0.233971
0.07826
0.257215
-0.223461
0.48832
1.0
1.0
0.030989
-0.069463
0.0
0.0
0.160513
0.0
0.0
0.0
0.0
0.0
0.0
0.0
0.0

-0.100717
0.6768
0.632971
-0.140389
-0.340668
1.0
1.0
0.285348
0.0
0.0
0.0
0.0
0.0
0.0
0.087369
0.0
0.0
0.00315
0.0
0.0

-0.538393
0.595926
0.144067
0.120409
-0.374139
1.0
1.0
0.412234
-0.08008
0.0
0.0
-0.054017
0.0
0.0
0.0
0.0
0.0
0.0
0.0
0.0

-0.19786
0.721405
0.195006
0.0
-0.611269
1.0
1.0
0.0
-0.057115
0.0
0.0
0.0
0.0
0.0
-0.037
0.0
0.0
0.005788
0.0
0.0

0.356798
0.515178
0.073056
-0.251994
-0.281925
1.0
1.0
0.412234
0.0
0.0
0.0
0.0
0.0
0.0
0.0
0.0
0.0
0.035385
0.0
0.0

0.405097
1.275852
-0.094079
-0.111479
-0.340668
1.0
1.0
0.043297
0.0
0.0
0.0
0.0
0.0
0.0
0.0
0.0
0.0
0.0
0.0
0.0

-0.271478
0.410796
0.257215
-0.253091
-0.489543
1.0
1.0
0.939707
0.0
0.0
0.0
-0.045349
0.0
0.0
-0.106645
0.0
0.0
0.0
0.0
0.0

0.549505
0.674767
0.017217
-0.055708
-0.611269
1.0
1.0
0.285348
0.0
0.0
0.0
-0.10155
0.0
0.0
0.022784
0.0
0.0
0.0
0.0
0.0

0.177587
0.075526
0.035526
-0.396124
-0.255131
1.0
1.0
0.935971
0.0
0.0
0.0
0.008425
0.0
0.0
-0.057056
0.0
0.0
0.0
0.0
0.0

0.436712
0.626736
0.020652
0.291674
-0.450129
1.0
1.0
0.13663
0.040659
0.0
0.0
-0.02048
0.0
0.0
0.0
0.0
0.0
-0.095737
0.0
0.0

