a
Left

-0.55139
0.0
0.0
0.0
0.000244
0.0
-0.306216
-0.1875
1.0
1.0
1.0
1.0
1.0
1.0
1.0
1.0
1.0
0.99978
0.99978
0.99978

-0.403457
0.0
0.0
0.0
0.0
0.0
-0.255128
-0.1754
1.0
1.0
1.0
1.0
1.0
1.0
1.0
0.961392
0.961392
1.0
0.99978
0.99978

-0.962705
0.0
0.0
0.0
0.000246
0.0
-0.363636
-0.1875
1.0
0.936996
0.936996
1.0
0.99011
0.99011
1.0
1.0
1.0
0.99978
0.99978
0.99978

0.705506
0.0
0.0
0.0
0.0
0.0
0.0
-0.1875
1.0
1.0
1.0
1.0
0.998022
1.0
1.0
0.782198
1.0
1.0
1.0
1.0

-0.403457
0.0
0.0
0.0
0.0
0.080331
-0.260211
0.091648
1.0
1.0
1.0
1.0
1.0
1.0
1.0
1.0
0.999194
0.91011
1.0
1.0

-0.124112
0.0
0.0
0.0
0.0
0.0
-0.072561
0.219732
1.0
1.0
0.936996
1.0
1.0
1.0
1.0
1.0
1.0
0.998022
1.0
1.0

0.471538
0.0
0.0
0.0
0.042329
0.077292
0.0
0.461866
1.0
1.0
1.0
1.0
1.0
0.998022
1.0
1.0
1.0
1.0
1.0
1.0

0.719993
0.0
0.0
0.0
0.0
0.039844
0.0
0.091648
1.0
1.0
1.0
0.65663
0.998022
1.0
1.0
1.0
1.0
0.997143
1.0
1.0

1.0
0.0
0.0
0.0
0.0
0.0
-0.255128
0.282487
1.0
1.0
1.0
1.0
1.0
1.0
1.0
1.0
1.0
1.0
0.99978
1.0

1.0
0.0
0.0
0.0
0.000244
0.060642
-0.112491
0.0
1.0
1.0
1.0
1.0
0.998608
1.0
1.0
0.999194
1.0
1.0
1.0
1.0

-0.972909
0.0
0.0
0.0
0.0
0.0
-0.176224
-0.016351
1.0
1.0
1.0
1.0
1.0
0.998608
1.0
1.0
1.0
1.0
1.0
1.0

0.491351
0.0
0.0
0.0
-0.00077
0.0
-0.115563
0.426194
1.0
1.0
1.0
1.0
0.998608
1.0
0.984799
1.0
1.0
1.0
1.0
1.0

-0.073328
0.0
0.0
0.0
0.0
0.080331
0.0
-0.064076
1.0
1.0
1.0
1.0
1.0
1.0
1.0
0.999487
1.0
1.0
0.99978
1.0

-0.403457
0.0
-0.000459
0.0
0.064498
0.0
-0.363636
0.219732
1.0
0.99978
1.0
1.0
1.0
1.0
1.0
1.0
0.999487
0.941319
1.0
1.0

-0.55139
0.0
0.0
0.0
-0.001327
0.0
-0.221702
-0.031781
0.999487
1.0
1.0
1.0
1.0
0.998315
1.0
1.0
1.0
1.0
1.0
1.0

0.015399
0.0
0.0
0.0
0.0
0.0
0.0
0.163007
1.0
1.0
1.0
1.0
1.0
1.0
1.0
1.0
1.0
1.0
1.0
0.999487

0.347793
0.0
0.0
0.0
0.0
0.0
0.0
-0.081325
1.0
1.0
1.0
1.0
1.0
1.0
1.0
1.0
1.0
0.91011
0.997729
0.997729

1.0
0.0
0.0
0.0
0.0
0.0
0.019853
-0.05095
0.99978
0.936996
1.0
1.0
0.998608
0.99978
1.0
1.0
1.0
1.0
1.0
1.0

