bent_v
Left

0.58256
0.273663
-0.2605
0.053843
0.358842
1.0
1.0
0.368278
0.030403
1.0
1.0
0.0
1.0
1.0
0.879048
1.0
1.0
0.581319
0.99978
0.99978

0.686971
0.215465
-0.247572
0.0006
0.333433
1.0
1.0
0.269524
0.047106
1.0
1.0
0.0
0.869377
0.869377
0.998901
1.0
1.0
0.523443
0.99978
0.99978

0.698601
0.210562
-0.232656
0.095589
0.352312
1.0
1.0
0.310549
0.053553
1.0
1.0
0.0
0.921538
0.921538
0.728425
1.0
1.0
0.573407
0.99978
0.99978

0.46796
0.490249
-0.196933
0.058089
0.317423
1.0
0.448571
1.0
0.072154
1.0
0.753333
0.0
0.709963
0.722857
1.0
1.0
1.0
0.520073
0.997729
1.0

0.263186
0.407409
-0.057811
-0.016731
0.681302
1.0
1.0
0.0
0.025714
1.0
0.672747
-0.046027
0.326374
0.918608
0.519194
1.0
1.0
0.859853
1.0
1.0

0.248365
0.334227
-0.453789
0.093842
0.483693
1.0
0.249304
0.023663
0.045641
1.0
1.0
0.0
0.684322
0.326374
0.879048
1.0
1.0
1.0
1.0
1.0

0.605861
0.186916
-0.379533
0.043615
0.0
1.0
1.0
0.327546
-0.104096
1.0
1.0
0.22967
1.0
0.625861
0.761832
1.0
1.0
1.0
1.0
1.0

0.458014
0.449603
-0.121304
-0.043317
0.893553
1.0
0.692088
0.269524
-0.02317
1.0
0.640806
0.0
0.869377
0.950256
0.916264
1.0
1.0
1.0
1.0
0.999194

0.403523
0.674662
-0.142208
-0.056121
0.098595
1.0
1.0
0.813114
-0.125613
1.0
0.99978
-0.408642
0.656044
0.722857
0.647985
1.0
1.0
0.577216
0.999487
0.998901

0.333824
-0.002797
-0.237734
0.03246
0.399063
1.0
0.688865
0.834799
0.071818
1.0
0.99978
0.0
0.684322
0.357729
0.575311
1.0
0.999194
0.886374
0.997729
1.0

-0.35825
0.273663
-0.057811
0.0
0.258793
1.0
0.692088
0.431282
0.094303
1.0
1.0
-0.074363
0.648132
0.729304
0.809597
1.0
1.0
0.609597
0.889597
1.0

0.46796
0.658635
-0.121304
-0.071785
0.07871
1.0
1.0
0.32989
0.045641
1.0
0.677436
0.036557
0.47685
1.0
0.872015
1.0
1.0
0.865568
0.99978
0.398022

-0.103323
0.451271
-0.472397
0.0
0.072139
1.0
0.34044
0.0
0.047106
1.0
1.0
0.020147
0.709963
1.0
0.83392
1.0
0.935458
0.617949
1.0
1.0

0.498146
0.215465
-0.2605
0.0
0.317423
1.0
0.816191
1.0
0.016278
0.875824
1.0
-0.032987
1.0
0.998315
1.0
1.0
1.0
1.0
0.998901
0.848278

0.395611
0.450356
-0.552748
-0.044158
0.430605
1.0
1.0
0.431282
-0.02317
0.876117
1.0
0.22967
0.998315
0.921538
1.0
1.0
1.0
0.360366
1.0
1.0

0.228992
0.247626
-0.453789
0.209504
0.644209
1.0
0.736923
0.0
-0.044477
1.0
0.677436
-0.042592
0.897802
0.950256
0.998901
1.0
1.0
0.347326
1.0
1.0

0.458014
0.215465
-0.319359
0.099805
0.239132
1.0
1.0
0.834799
0.044176
1.0
1.0
0.0
1.0
1.0
1.0
1.0
1.0
0.731355
0.99022
0.999487

0.337722
0.371753
0.011364
0.044288
0.174568
1.0
1.0
1.0
0.02512
1.0
1.0
-0.074363
1.0
0.804322
0.625568
1.0
1.0
0.581319
1.0
1.0

