c
Left

0.808363
-0.514303
-0.680017
-0.4859
-0.195552
1.0
0.355971
0.125934
0.077875
0.409597
0.409597
0.280073
0.492821
0.492821
0.17663
0.499267
0.499267
0.18718
0.294725
0.294725

0.755943
-0.641118
-0.770851
-0.494006
-0.138572
1.0
0.445641
0.46967
0.091355
0.930037
0.930037
0.307766
0.56022
0.56022
0.178974
0.550403
0.550403
0.166081
0.387912
0.387912

0.690938
-0.652047
-0.739866
-0.448008
0.007973
1.0
0.539707
0.508645
0.06293
0.99978
0.99978
0.295604
0.616484
0.616484
0.096923
0.628205
0.628205
0.15011
0.707033
0.707033

0.98951
-0.414495
-0.441246
0.152833
0.119828
0.759066
0.0
0.0
0.120952
0.070549
1.0
0.031575
0.427473
0.594213
0.061172
0.425421
0.505568
0.05326
0.536337
0.477875

0.821172
-0.20739
-0.595894
-0.72821
-0.159639
0.908655
0.813846
0.0
0.0
0.048864
0.948205
0.033919
0.649597
0.361392
-0.050813
0.505568
0.414286
0.015751
0.369158
0.0

0.880301
-0.446786
-0.312467
0.034591
-0.755313
1.0
0.539707
0.276264
0.105714
0.147766
0.417363
0.198608
0.558755
0.124469
0.042711
0.470256
0.127985
0.076703
0.891355
0.065275

0.690938
-0.739654
-0.467827
-0.026199
-0.134909
0.738254
0.508352
0.036557
0.223916
0.522857
0.405495
0.151282
0.396117
0.324029
-0.047548
0.570476
0.722857
0.061758
0.294725
0.017802

0.879093
-0.171791
-0.409919
-0.305866
-0.197093
0.938923
0.149817
0.170769
0.0
0.417363
0.27978
0.295604
0.73707
0.427473
0.123004
0.121832
0.113626
0.0
0.365055
0.477875

0.882183
-0.327999
-0.65111
-0.624873
-0.147923
0.759066
0.813846
0.0
0.06293
0.436264
1.0
-0.184992
0.261319
0.532088
0.0
0.426447
0.371062
0.120659
0.585714
0.027179

0.9146
-0.21302
-0.437812
-0.433398
-0.314873
0.82338
0.005201
0.159341
-0.01763
0.5463
1.0
0.0
0.35978
0.421319
0.098095
0.313773
1.0
0.028059
0.067912
0.268352

1.0
-0.209695
-0.739866
-0.493185
-0.465621
0.864737
0.813846
0.11685
0.028059
0.751868
0.070549
0.036557
0.416923
0.018095
0.0
0.44359
0.550256
0.263223
0.375311
0.477875

0.891503
-0.813264
-0.521324
-0.269038
-0.366449
1.0
0.117436
0.0
0.0
0.906447
0.99978
0.280073
0.426886
0.324029
0.0
0.628205
0.570476
0.0
0.070549
0.888425

0.926172
-0.164979
-0.467071
-0.458435
-0.058088
0.908655
0.05326
0.399927
0.055604
1.0
0.487546
0.307766
0.498974
0.444762
0.031868
0.391722
0.550403
0.11304
0.048278
0.296044

0.927168
-0.17528
-0.67421
0.017236
-0.158974
1.0
0.310549
0.036557
0.182198
0.99978
1.0
0.238169
0.41663
0.682711
0.058242
0.242857
0.426447
0.031282
0.891355
0.280073

0.80265
-0.813264
-0.687264
-0.448008
-0.088787
1.0
0.0
0.0
0.058242
1.0
0.436264
0.231575
0.094286
0.361392
0.353187
0.532967
0.420147
0.015751
0.027179
0.368865

0.882183
-0.098344
-0.163945
-0.319065
0.007973
1.0
1.0
0.126813
0.182198
0.048864
0.418095
0.125495
0.580733
0.426886
0.11824
0.406081
0.550403
0.0
0.048278
0.281245

0.885405
-0.252581
-0.441246
0.034591
-0.253955
0.39013
0.408718
0.414872
0.127399
0.986887
0.986887
0.198608
0.416923
0.580733
0.284176
0.409011
0.574872
0.069377
0.888425
0.001978

0.856516
-0.17528
-0.721856
0.192994
-0.292021
1.0
0.310549
0.0
0.120952
0.147766
0.328865
0.009597
0.094286
0.342491
0.043297
0.127985
0.053846
0.021612
0.368865
0.057656

