closed_e
Left

0.621369
-0.400421
-0.478588
-0.383713
-0.348649
1.0
1.0
1.0
0.670989
1.0
1.0
0.458974
1.0
1.0
0.390549
1.0
1.0
0.214872
0.99978
0.99978

0.376072
-0.350643
-0.363612
-0.266228
-0.245914
1.0
1.0
1.0
0.629084
1.0
1.0
0.367106
1.0
1.0
0.281978
1.0
1.0
0.232161
0.99978
0.99978

0.277461
-0.358235
-0.349034
-0.292705
-0.28748
1.0
1.0
0.913333
0.625568
1.0
1.0
0.40696
1.0
1.0
0.298388
1.0
1.0
0.206374
0.99978
0.99978

0.54397
-0.107818
0.081977
0.487434
0.054234
1.0
1.0
0.0
1.0
1.0
0.99978
0.570183
0.99978
1.0
0.371648
1.0
1.0
0.30044
0.998901
0.99978

0.769865
-0.304589
-0.021622
-0.256585
0.553794
1.0
1.0
0.739267
0.920293
1.0
1.0
1.0
0.998022
0.998315
0.390549
1.0
1.0
0.227179
1.0
1.0

0.611508
0.045837
0.0
0.0
0.109409
1.0
1.0
0.063516
0.590403
1.0
1.0
0.453407
0.998608
0.998022
0.153919
1.0
1.0
0.128864
1.0
1.0

1.0
-0.304589
0.001768
0.064272
0.143484
1.0
1.0
1.0
0.852967
1.0
1.0
1.0
1.0
1.0
0.193626
1.0
1.0
0.128864
1.0
1.0

0.640146
0.161223
0.0
0.612371
0.521341
1.0
1.0
1.0
0.990037
1.0
1.0
0.707912
1.0
1.0
1.0
1.0
1.0
0.227179
1.0
1.0

0.785504
-0.355979
0.0
-0.256585
0.326781
1.0
1.0
1.0
0.800659
0.99978
1.0
0.519048
0.998608
0.998315
1.0
1.0
1.0
0.493407
1.0
1.0

0.505974
-0.020451
0.0
0.159784
0.271213
1.0
1.0
0.182198
0.852967
1.0
1.0
1.0
1.0
1.0
1.0
1.0
1.0
0.175458
1.0
1.0

0.689931
0.0
0.0
0.213823
0.759869
1.0
1.0
0.331795
1.0
1.0
1.0
0.40696
0.998315
1.0
0.469377
1.0
1.0
0.18718
1.0
0.689011

0.89586
-0.291325
-0.001378
0.157114
-0.186039
1.0
1.0
0.611062
0.892821
1.0
1.0
0.686667
0.998608
1.0
0.06967
1.0
1.0
0.145568
1.0
0.997729

0.621369
-0.284994
0.0
0.0
-0.145354
1.0
1.0
1.0
1.0
1.0
1.0
0.435971
0.99978
1.0
0.075531
1.0
0.999194
0.452527
1.0
1.0

0.600654
-0.097653
0.155098
0.213823
0.082136
1.0
1.0
0.063516
0.50044
1.0
1.0
0.551722
0.998608
1.0
0.533993
1.0
1.0
0.130769
1.0
1.0

1.0
0.349471
0.001515
0.0
-0.348649
1.0
1.0
1.0
1.0
1.0
1.0
1.0
1.0
1.0
0.484469
1.0
1.0
0.18718
1.0
1.0

0.971012
-0.097653
-0.054562
-0.18346
-0.295777
1.0
1.0
1.0
1.0
1.0
1.0
0.732821
1.0
1.0
0.207399
1.0
1.0
0.214872
1.0
1.0

0.364049
-0.171758
-0.20813
0.213823
-0.096911
1.0
1.0
1.0
1.0
1.0
1.0
1.0
1.0
1.0
0.259707
1.0
1.0
0.225861
0.999487
1.0

0.893812
-0.024768
0.063891
0.221209
-0.348649
1.0
1.0
1.0
0.629084
1.0
0.99978
0.4263
0.998022
1.0
0.588059
0.999194
0.999194
0.126813
1.0
0.999487

