curved_5
Left

0.809992
0.447852
0.044036
-0.120028
-0.36338
0.67245
0.181905
0.035678
0.014286
0.310256
0.310256
0.035385
0.279634
0.279634
0.054139
0.234652
0.234652
0.406374
0.125494
0.125494

0.779099
0.356049
0.03145
-0.124265
-0.229828
0.816043
0.227912
0.001099
0.008132
0.432747
0.432747
0.0
0.176044
0.176044
0.011355
0.123883
0.123883
0.532381
0.057363
0.057363

0.798155
0.163294
0.014299
-0.065835
-0.293333
0.841879
0.242564
0.051209
0.012527
0.148498
0.148498
0.002857
0.076117
0.076117
0.0
0.14293
0.14293
0.394213
0.144103
0.144103

0.808415
0.120306
0.044036
-0.120028
-0.675208
1.0
0.485202
0.013114
0.008132
0.718462
1.0
0.001392
0.452088
0.88989
-0.010995
0.74674
1.0
0.557582
0.023077
0.0

0.928644
0.139937
0.026798
-0.142832
0.120077
1.0
0.360073
0.0
0.0
1.0
0.718462
0.0
0.809597
0.487839
0.0
0.666007
0.14293
0.05619
0.896337
0.668791

0.623535
0.296139
-0.06015
-0.122692
-0.417745
0.9699
0.217656
0.029817
0.06674
0.755678
0.392308
0.0
0.474945
0.39348
0.0
0.718462
0.78
0.062051
0.196703
0.896337

0.948575
0.03467
-0.023302
0.575854
-0.600646
0.489561
0.222344
0.285934
-0.050083
0.607985
0.799048
-0.009169
0.422491
0.438608
0.272747
0.085495
0.295604
0.052674
0.15348
0.544689

0.88117
0.447852
0.148087
-0.120028
-0.5093
1.0
0.745568
0.029817
0.020147
0.464396
0.464835
-0.039343
0.992454
0.176044
0.0
0.964762
0.386007
0.040952
0.176337
0.076703

0.928644
0.181628
0.056597
-0.026943
-0.350744
1.0
0.279194
0.675678
0.0
0.046227
1.0
0.0
0.88989
0.452088
0.0
0.216777
0.358022
0.120659
0.165201
0.124176

0.771249
0.021306
0.109715
-0.184398
-0.579434
1.0
0.525641
0.452967
0.012527
0.22293
0.275971
0.0
0.194506
0.801685
-0.042001
1.0
0.324615
0.047399
0.028645
0.013993

0.776521
0.055393
0.026798
-0.075123
-0.053867
1.0
0.126374
0.0
0.0
0.799048
0.755678
0.314359
0.425861
0.397582
0.08696
0.170769
0.295604
0.406374
1.0
0.047399

0.8305
0.327581
-0.061406
-0.31044
-0.618014
1.0
0.413114
0.0
0.0
0.552601
0.824835
0.003443
0.191282
0.438608
0.0
0.783223
0.718462
0.127692
0.200952
0.048864

0.82135
0.33883
-0.381472
-0.142832
-0.229828
1.0
0.181905
0.0
0.012527
0.702784
1.0
0.0
0.506447
0.425861
0.000513
0.595092
0.783223
0.211355
0.028645
0.164029

0.938141
0.160545
0.172323
-0.31044
0.129168
1.0
0.706154
0.592161
-0.022593
0.986887
0.614725
0.008718
0.397582
0.36359
0.0
0.448864
0.752747
0.047399
0.205348
0.321685

0.795605
0.41837
0.145478
-0.456376
-0.384691
0.734473
0.334286
0.452967
0.008132
0.324322
1.0
-0.005882
0.242271
0.487839
0.0
0.277143
0.993114
0.044762
0.227912
0.928864

0.948575
0.139695
-0.007531
-0.089009
-0.293333
0.734473
0.53619
0.285934
0.338095
0.464835
0.584689
0.0
0.619267
0.418681
0.18637
0.328132
0.123883
0.05619
0.482857
0.181026

0.700256
0.312766
0.024807
-0.285984
-0.1027
0.761968
0.0
0.0
0.0
0.88989
1.0
0.022491
0.076117
0.438901
0.0
0.390549
0.065568
0.455897
0.165201
0.564908

0.371421
-0.254598
-0.053905
0.011787
-1.011222
0.706846
0.211502
0.0
0.0
0.83348
1.0
0.0
0.166081
0.166081
0.272161
0.216777
0.78
0.211355
0.200952
0.341319

