curved_4
Left

0.61068
0.158371
-0.262262
-0.356513
-0.270895
1.0
1.0
1.0
-0.100809
1.0
1.0
-0.265545
1.0
1.0
0.290037
0.772967
0.772967
0.07804
0.72022
0.72022

0.631321
0.193231
-0.362383
-0.502808
-0.439493
1.0
1.0
1.0
-0.165218
1.0
1.0
-0.223581
0.818095
0.818095
0.02044
0.663077
0.663077
0.016075
0.379414
0.379414

0.719126
0.024905
-0.398685
-0.482585
-0.403551
1.0
1.0
1.0
-0.172979
1.0
1.0
-0.217736
0.78381
0.78381
-0.03646
0.6537
0.6537
0.017445
0.392308
0.392308

-0.427799
0.231298
0.001971
-0.632238
-0.107226
1.0
1.0
0.809304
0.191575
1.0
1.0
-0.10726
0.453114
0.480806
0.0
0.295018
0.999194
0.0
0.181026
0.139267

0.061966
0.064158
-0.086453
-0.058334
-0.266421
1.0
1.0
1.0
0.138388
1.0
1.0
-0.188694
1.0
0.87641
-0.037603
0.574579
0.011062
0.243297
0.392308
0.738535

0.579262
0.220816
0.112901
0.323007
-0.133311
1.0
1.0
1.0
0.065568
1.0
1.0
-0.151355
0.296777
0.910256
0.181172
0.765934
0.999194
0.059121
0.395824
0.395824

0.753053
0.220816
0.009435
-0.16258
-0.524057
1.0
1.0
1.0
0.316703
0.499267
0.720806
-0.1608
0.296777
0.998315
-0.116335
0.295018
1.0
0.011941
0.235531
0.223517

0.424023
0.192258
-0.103431
-0.36033
-0.642682
1.0
1.0
1.0
0.120952
1.0
1.0
-0.223581
0.099267
0.685641
-0.080521
1.0
1.0
0.0
0.722857
0.118022

0.341608
0.181461
0.078698
-0.343048
-0.367805
1.0
0.916264
1.0
0.0
0.159927
1.0
-0.017629
1.0
1.0
-0.024926
0.894286
1.0
0.026593
0.618828
0.0

0.464254
0.420493
0.139234
0.361105
-0.642301
1.0
1.0
0.782637
0.316703
0.760952
1.0
-0.170854
0.813407
0.840073
0.072894
0.6537
1.0
0.018095
1.0
0.417802

-0.427799
0.369359
0.038101
0.783002
-0.343978
1.0
1.0
0.172381
-0.055771
0.717289
1.0
0.103956
0.99978
0.480806
0.02044
0.663077
0.702637
0.089597
0.337949
0.618828

0.643734
1.062632
0.360581
-0.33679
-0.028428
1.0
1.0
1.0
0.119927
1.0
1.0
-0.102243
0.258095
0.608572
0.026007
0.72315
0.384689
0.079927
0.165788
0.235531

0.63631
0.350975
-0.302104
-0.632238
-0.034049
1.0
1.0
1.0
-0.10647
1.0
1.0
-0.192353
1.0
0.288571
0.0
0.250476
0.72315
0.040952
0.265128
1.0

0.305943
0.426615
-0.093224
-0.098738
0.747635
1.0
1.0
1.0
-0.087751
1.0
1.0
-0.272542
0.612967
0.87641
-0.037899
0.698388
0.011062
0.013407
0.417802
1.0

0.735402
0.423156
0.009435
-0.40204
-0.265554
1.0
1.0
1.0
0.316703
1.0
1.0
-0.310045
0.87641
1.0
0.078623
0.0
1.0
0.039487
0.369158
0.165788

0.490373
0.411447
-0.034049
-0.072734
-0.9505
1.0
1.0
0.809304
0.023526
0.43685
1.0
-0.145727
0.557582
0.78381
0.0
0.595678
0.163883
0.066154
0.0
0.305568

0.455809
0.446077
0.009065
0.324375
-0.376394
1.0
1.0
1.0
-0.251582
0.717289
0.679194
-0.158042
1.0
0.413114
-0.260849
1.0
1.0
0.011648
0.601245
0.181026

0.341608
0.200214
0.009435
-0.229527
-0.403551
1.0
1.0
1.0
0.191575
0.918315
1.0
-0.217736
0.376484
0.879048
-0.1707
0.498388
1.0
0.016075
0.419267
0.738535

