curved_v
Left

0.811246
0.362099
-0.274245
0.0
0.137497
1.0
1.0
0.270696
0.041538
0.461172
0.461172
0.0
0.372674
0.372674
1.0
1.0
1.0
0.839194
0.99978
0.99978

0.844196
0.254722
-0.275296
0.0
0.071743
1.0
1.0
0.34
0.026007
0.69956
0.69956
0.026886
0.386447
0.386447
1.0
1.0
1.0
0.695165
0.99978
0.99978

0.862249
0.420545
-0.342389
0.0
0.150843
1.0
1.0
0.258681
0.026007
1.0
1.0
0.023077
0.51011
0.51011
1.0
1.0
1.0
0.611502
0.99978
0.99978

0.133463
0.129131
-0.422572
0.140372
0.313978
1.0
1.0
0.0
0.041538
1.0
0.92315
0.083443
0.793187
0.085788
1.0
1.0
1.0
0.409304
1.0
1.0

1.0
0.448562
-0.17292
0.0
0.43496
1.0
0.404615
0.644176
0.218095
0.582931
0.065275
0.064396
0.154066
0.180147
1.0
1.0
1.0
0.622344
1.0
1.0

1.0
0.265644
0.021306
0.198036
-0.081795
1.0
1.0
0.045055
0.0
0.92315
0.585568
0.0
0.089011
0.081978
0.741612
1.0
1.0
0.695165
1.0
1.0

0.30848
1.307217
-0.285606
0.0
0.251563
1.0
1.0
0.270696
0.036264
0.905714
0.71641
0.096923
0.180147
0.339561
1.0
1.0
1.0
0.604176
1.0
1.0

0.750577
0.344993
-0.406043
0.001083
0.627858
1.0
1.0
0.260586
0.0
0.4137
0.92315
0.0937
0.01663
0.372674
0.843883
1.0
1.0
0.871722
1.0
1.0

0.228441
0.378242
-0.17292
0.0
0.30978
1.0
0.33033
0.822491
0.041538
0.148498
0.146593
0.085466
0.481245
0.061172
1.0
1.0
1.0
0.536191
0.997729
1.0

0.545383
0.288973
-0.545209
4.4e-05
0.188919
1.0
0.989451
0.076996
0.022784
1.0
0.415165
0.070016
0.081099
0.081978
1.0
1.0
1.0
0.942637
1.0
1.0

0.811246
0.349665
-0.347997
0.0
0.033972
1.0
0.507766
0.258681
0.218095
1.0
0.465275
-0.033855
0.066447
0.289744
1.0
1.0
1.0
0.948791
0.527839
1.0

0.419869
0.275326
-0.312221
0.0
0.488812
1.0
0.687399
0.369158
0.064103
0.207106
0.151429
0.0
0.309084
0.267179
1.0
1.0
1.0
0.601538
0.999487
0.587179

0.612046
-0.028543
-0.274245
0.103771
0.05619
1.0
1.0
0.0
-0.007491
0.065275
0.465275
0.14967
0.267179
0.315824
0.826007
1.0
1.0
0.719927
1.0
1.0

0.759297
0.286409
-0.347997
0.069843
0.30978
1.0
0.472454
0.959927
0.142637
0.252528
0.585568
0.033919
0.285348
0.40652
1.0
1.0
1.0
0.128571
1.0
0.907619

0.450295
0.288973
-0.517444
0.0
0.455761
1.0
0.69619
0.034212
0.0
0.291355
0.35011
0.0937
0.187473
0.270696
1.0
1.0
0.999487
0.251648
1.0
1.0

1.0
0.322139
-0.422572
0.0
-0.073481
1.0
1.0
0.0
0.036264
0.370623
0.339854
0.052381
0.216777
0.007546
1.0
1.0
1.0
0.409304
1.0
1.0

0.844196
0.146747
-0.323313
0.103771
0.426504
1.0
0.465861
0.3463
0.272454
0.422491
0.905714
0.0
0.386447
0.246227
0.670696
1.0
1.0
0.712747
0.999194
0.998901

0.469739
-0.017296
-0.25436
-0.245039
0.0
1.0
0.534725
1.0
0.134276
0.905714
0.71641
0.16022
0.55304
0.267179
1.0
1.0
1.0
0.607399
0.907619
1.0

