curved_1
Left

0.262469
0.306877
-0.644766
-0.758102
-0.815111
0.876963
0.843297
0.46381
0.176205
0.10044
0.10044
0.237943
0.059414
0.059414
0.441538
0.143516
0.143516
0.095526
0.129744
0.129744

0.749227
0.142406
-0.068207
0.0
0.270248
1.0
1.0
1.0
0.055018
1.0
1.0
0.858681
1.0
1.0
1.0
1.0
1.0
0.642271
0.99978
0.99978

0.635112
0.206047
0.0
0.0
0.037846
1.0
1.0
0.588205
0.109499
1.0
1.0
1.0
1.0
1.0
1.0
1.0
1.0
0.973993
0.99978
0.99978

1.0
0.079999
0.0
0.0
0.131811
1.0
1.0
0.284762
0.344982
0.805495
0.226154
0.825128
0.998608
1.0
1.0
1.0
1.0
0.976337
1.0
0.99978

0.937326
0.206047
0.0
0.454818
0.0
1.0
1.0
0.025714
0.072601
0.354799
1.0
1.0
1.0
1.0
1.0
1.0
0.143516
1.0
1.0
1.0

1.0
0.189545
-0.005957
0.0
0.033159
1.0
1.0
0.0
0.29707
1.0
0.354799
1.0
1.0
1.0
1.0
1.0
1.0
0.973993
0.99978
1.0

0.702139
0.064533
-0.075049
0.0
0.033159
1.0
0.911575
1.0
0.11063
0.291502
0.711429
0.909524
1.0
1.0
1.0
1.0
1.0
0.837289
0.998901
0.999194

0.755933
0.120668
0.0
0.0
-0.098462
1.0
0.858242
1.0
0.268645
1.0
0.355678
1.0
1.0
1.0
1.0
1.0
1.0
0.431575
0.999487
0.814872

0.983107
0.404134
0.0
0.0
0.065271
1.0
0.530623
0.090476
0.146886
0.33033
0.307326
1.0
1.0
1.0
1.0
1.0
1.0
0.358608
1.0
1.0

0.663191
-0.159433
-0.183297
0.0
0.0
1.0
1.0
0.090476
-0.080378
0.474359
0.805495
1.0
0.998608
0.998608
1.0
1.0
1.0
0.509524
1.0
1.0

1.0
0.159994
-0.068207
0.0
0.021945
1.0
1.0
1.0
0.045348
0.486081
0.245788
0.681245
1.0
0.059414
1.0
0.999487
1.0
1.0
0.69326
1.0

0.558619
0.306877
0.0
0.0
0.005127
1.0
1.0
0.167399
0.362418
0.535897
0.264542
0.832161
1.0
0.999194
1.0
1.0
1.0
1.0
1.0
1.0

0.48901
0.045384
0.0
0.0
0.0
1.0
1.0
0.149963
0.146886
1.0
0.119194
0.832161
1.0
0.998608
1.0
1.0
1.0
0.367546
1.0
1.0

0.555192
0.211209
0.044164
0.0
0.099995
1.0
0.656337
1.0
0.536191
0.738388
0.142051
1.0
1.0
1.0
1.0
1.0
1.0
0.357143
0.69326
1.0

0.77985
-0.003597
-0.173693
0.0
0.184878
1.0
1.0
0.165495
0.26674
1.0
0.291502
1.0
0.99978
1.0
1.0
1.0
1.0
0.964322
1.0
0.999194

0.358553
-0.584239
0.0
0.0
0.0
1.0
1.0
0.405788
0.177509
0.535897
0.232015
1.0
1.0
1.0
1.0
1.0
1.0
0.96315
1.0
0.99978

-0.14635
0.87433
-0.167152
0.0
0.167381
1.0
0.530623
0.090476
0.067912
0.834212
0.659121
1.0
1.0
0.999194
1.0
1.0
1.0
0.701758
0.997729
1.0

0.947867
-0.290209
0.250913
0.003749
0.065271
1.0
1.0
1.0
0.218535
1.0
0.401392
1.0
1.0
1.0
1.0
1.0
1.0
1.0
0.814872
1.0

