d
Left

0.837554
0.016873
-1.102274
0.014436
-0.002172
1.0
0.517289
0.342491
-0.031752
0.0
0.0
0.407106
0.513773
0.513773
0.240659
0.472454
0.472454
0.134725
0.7337
0.7337

0.806905
-0.188538
-1.162792
-0.177857
-0.311202
1.0
0.47392
0.353919
0.0
0.0
0.0
0.417656
0.515678
0.515678
0.226007
0.412967
0.412967
0.093114
0.448278
0.448278

0.821887
0.006256
-0.268812
-0.155228
-0.124315
1.0
0.583516
0.409011
0.0
0.0
0.0
0.471136
0.673773
0.673773
0.353626
0.640073
0.640073
0.183077
0.877582
0.877582

1.0
0.713759
-0.158524
0.337228
0.541782
1.0
0.093993
0.092234
-0.031752
0.0
0.0
0.417656
0.679487
0.404615
0.497802
1.0
0.727839
0.051209
0.448278
0.449451

0.935532
0.212891
-0.006389
-0.037989
0.3014
1.0
0.102784
0.231429
0.004015
0.0
0.0
0.167399
0.366227
0.464982
0.938828
0.27685
0.412967
0.169011
0.998901
0.611502

0.704464
-0.070138
-0.472208
-0.030352
-0.225362
1.0
0.634066
0.007546
0.0
0.0
0.000806
1.0
0.513773
0.578974
0.376777
0.472454
0.945861
0.167839
0.941758
1.0

-0.05215
-0.070138
-0.053546
-0.037989
0.00277
1.0
0.47392
0.092234
-0.113553
0.0
0.0
0.358022
0.678462
0.621465
0.407692
0.517436
1.0
0.093114
0.230256
0.74967

1.0
0.218514
-0.006389
-0.823027
0.271451
1.0
0.03685
0.0
0.0
0.0
0.0
0.679194
0.580147
1.0
0.462198
0.472454
0.27685
0.087546
0.74967
0.998901

0.941761
0.215903
-0.143481
-0.004462
0.079179
1.0
0.922272
0.0
0.0
0.0
0.0
0.337802
0.749524
0.386447
0.137363
0.895165
0.864982
0.207692
1.0
0.292381

0.944194
-0.166008
0.096153
0.667717
0.018501
1.0
0.787326
0.30674
0.020833
0.0
0.0
0.422198
0.546447
0.513773
0.149377
1.0
0.669231
0.14044
1.0
0.691941

0.965848
-0.150971
-0.075575
0.254856
-0.113039
1.0
0.014579
0.006081
0.004015
0.0
0.0
0.5463
0.818095
0.546154
0.224982
0.953187
0.498974
0.225275
0.601539
0.583956

0.8636
0.571339
-0.143481
-0.823027
0.687339
1.0
0.490623
0.028645
0.0
0.0
0.0
0.456923
0.673333
0.580147
0.813993
1.0
1.0
0.142491
0.910843
0.876996

0.958694
0.124013
-0.437991
-0.396058
-0.098566
0.970057
0.198608
0.30674
-0.130626
0.0
0.0
0.395238
0.493407
0.657802
0.152509
0.838169
1.0
0.220879
0.585275
0.925641

0.835317
0.059757
-0.573481
0.982517
0.503186
1.0
0.188352
0.015751
0.0
0.0
0.0
0.462051
0.43348
0.678462
0.183224
0.472454
0.384982
0.052088
0.292381
0.83011

0.806905
0.006256
-0.10241
0.081329
0.167888
1.0
0.416044
0.0
0.014286
0.0
0.0
0.544542
0.43304
0.818095
0.123883
0.867619
1.0
0.440366
0.171355
0.813407

0.924146
0.371289
0.509598
-0.421176
0.018501
1.0
0.171062
0.007839
-0.058701
0.0
0.0
0.165788
0.546154
0.608571
0.326081
0.412967
0.774432
0.150403
0.606081
0.602564

1.0
0.095683
-0.31691
0.215229
0.37891
1.0
0.0
0.386154
0.0
0.0
0.0
0.524762
0.493407
0.780879
0.436996
0.472454
0.422491
0.281832
0.585275
0.813407

0.723186
0.08511
-0.08325
0.203847
0.658413
1.0
0.188352
0.282711
0.0
0.0
0.0
0.64315
0.673333
0.673333
0.183663
0.695165
0.324615
0.098974
0.156996
0.691941

