e
Left

0.78594
-0.073464
-0.283862
-0.306838
-0.288434
1.0
1.0
1.0
-0.233943
1.0
1.0
-0.253326
1.0
1.0
-0.042539
1.0
1.0
0.001194
0.99978
0.99978

0.747275
-0.017359
-0.318132
-0.341998
-0.375142
1.0
1.0
1.0
-0.232444
1.0
1.0
-0.218005
1.0
1.0
0.001482
0.948059
0.948059
0.013645
0.92696
0.92696

0.766483
0.076209
-0.318281
-0.370477
-0.430338
1.0
1.0
1.0
-0.221796
1.0
1.0
-0.18399
1.0
1.0
0.078955
1.0
1.0
0.020459
0.99978
0.99978

-0.050719
0.754981
-0.123499
-0.096797
0.009851
1.0
1.0
1.0
-0.07173
0.99978
1.0
0.0
1.0
1.0
0.131549
1.0
1.0
0.058703
1.0
0.669524

0.815378
0.021168
-0.096523
-0.064478
0.102829
1.0
1.0
1.0
-0.18232
1.0
1.0
-0.218005
0.994506
0.998608
0.023534
1.0
1.0
0.159341
1.0
1.0

0.8507
0.292891
0.062605
-0.16596
-0.019147
1.0
1.0
1.0
-0.170955
1.0
1.0
-0.130751
0.99978
0.998608
-0.129896
1.0
1.0
0.039675
1.0
1.0

0.696715
0.084316
-0.219749
-0.197418
0.078361
1.0
1.0
1.0
-0.102257
1.0
1.0
0.02392
1.0
0.713187
0.019143
1.0
1.0
0.154945
0.341612
1.0

0.953973
-0.167123
-0.082235
-0.081183
-0.516305
1.0
1.0
1.0
-0.165759
1.0
1.0
0.160971
1.0
0.996264
0.059707
0.521685
0.464103
0.016194
1.0
0.316117

0.853597
0.157669
-0.219194
-0.165391
-0.279598
1.0
1.0
1.0
-0.160348
0.99978
1.0
-0.18399
0.987692
0.99978
0.059521
0.933846
1.0
0.042125
0.688278
1.0

0.971255
0.302683
-0.368342
-0.096797
0.049276
1.0
1.0
1.0
-0.210761
1.0
1.0
-0.057138
1.0
0.8137
0.147619
1.0
0.865275
0.092234
1.0
0.669524

0.81649
0.015
-0.050634
0.080083
-0.114916
1.0
1.0
1.0
-0.168144
1.0
1.0
-0.048015
1.0
1.0
0.025128
1.0
1.0
0.0
1.0
1.0

0.815378
0.016815
-0.347037
-0.031202
-0.099955
1.0
1.0
1.0
-0.210616
1.0
1.0
0.001099
1.0
1.0
0.0
0.999194
1.0
0.144249
0.731941
1.0

0.898664
0.120916
0.019328
-0.091798
0.110151
1.0
1.0
1.0
0.008425
1.0
1.0
-0.044807
1.0
0.998608
0.001482
1.0
1.0
0.049744
1.0
1.0

0.747275
0.126911
-0.368342
-0.270328
0.0
1.0
1.0
0.742784
0.0
1.0
1.0
0.0
0.998022
0.832308
0.147619
1.0
1.0
0.050037
1.0
1.0

1.0
0.005233
-0.087211
-0.031833
0.046783
1.0
1.0
1.0
-0.051125
1.0
1.0
0.035092
0.832308
0.99978
0.324029
0.572821
1.0
0.0
1.0
1.0

0.894653
0.014537
-0.05845
-0.218029
0.006256
1.0
1.0
1.0
0.065568
1.0
1.0
0.0
0.99978
0.867326
0.110403
0.948791
1.0
0.250183
1.0
1.0

0.83458
-0.066705
-0.044915
-0.089638
0.102829
1.0
1.0
1.0
-0.102257
1.0
1.0
-0.043841
1.0
1.0
0.066154
1.0
0.945568
0.0
1.0
0.6663

0.696715
-0.045346
0.030954
0.044574
-0.375142
1.0
1.0
1.0
-0.165759
1.0
1.0
0.0
1.0
1.0
0.199164
0.948059
0.585714
0.188352
1.0
1.0

