f
Left

0.867243
-0.594788
-0.223044
-0.164959
-0.603184
1.0
0.277875
0.743077
0.342051
0.984835
0.984835
0.050916
0.0
0.0
-0.100639
0.0
0.0
-0.230147
0.001099
0.001099

0.854419
-0.748181
-0.345184
-0.180516
-0.510177
1.0
0.192308
0.928572
0.333407
1.0
1.0
0.072601
0.0
0.0
-0.085606
0.0
0.0
-0.18093
0.0
0.0

0.836145
-0.79665
-0.423178
-0.219001
-0.524583
1.0
0.253993
0.724029
0.327253
0.897509
0.897509
0.179267
0.0
0.0
-0.08503
0.0
0.0
-0.202373
0.02337
0.02337

0.399412
-0.232625
-0.345184
0.161997
-0.063536
0.919066
0.0
1.0
1.0
0.795238
0.229963
0.0
0.0
0.0
-0.017799
0.0
0.011062
-0.315642
0.037729
0.0

0.882172
-0.055638
-0.158483
-0.129325
-0.443428
1.0
0.175018
0.112454
0.357436
1.0
0.334579
0.226958
0.0
0.02044
-0.126852
0.198022
0.0
0.0
0.0
0.0

0.860761
-0.060266
-0.324293
-0.58837
-0.671699
1.0
0.212967
0.073187
0.29707
0.995385
0.236117
0.179267
0.004908
0.0
0.014579
0.033333
0.0
-0.073211
0.0
0.0

1.0
-0.21302
-0.259417
-0.055805
-0.510177
0.887975
0.051502
0.527399
0.286667
1.0
0.515678
0.079295
0.0
0.0
0.043297
0.0
0.0
-0.132084
0.0
0.0

0.880047
-0.090077
-0.107927
-0.160438
-0.333666
0.915689
0.371795
0.292527
0.327253
0.360952
1.0
0.031282
0.0
0.055897
0.207136
0.0
0.018974
-0.174037
0.011941
0.0

0.867243
-0.748181
-0.267735
-0.186594
-0.674445
1.0
0.0
0.0
0.29707
1.0
0.894286
0.0
0.0
0.0
0.0
0.0
0.0
-0.053134
0.001978
0.083736

0.670714
-0.134938
-0.818976
-0.327808
-1.012739
1.0
0.016923
0.724029
0.193187
0.950256
1.0
0.156996
0.0
0.0
-0.083295
0.198022
0.0
-0.25896
0.0
0.0

0.85794
-0.395355
-0.193703
-0.140601
-0.382848
0.935081
0.964029
0.558901
0.329597
0.732821
0.868205
0.050623
0.0
0.0
-0.085606
0.154359
0.0
-0.133201
0.013114
0.0

0.401928
-0.232625
0.049794
-0.249332
-0.389935
0.89117
0.221172
0.928572
0.26381
0.968132
0.968132
0.0
0.055897
0.0
-0.26441
0.0
0.0
-0.078051
0.0
0.013114

1.0
-0.012195
-0.104541
0.161997
-0.756488
1.0
0.033626
0.086081
0.525055
0.334579
0.868205
0.071722
0.0
0.055897
0.048143
0.0
0.0
0.0
0.0
0.0

0.401928
-0.231437
-0.259417
-0.61043
-0.657489
1.0
0.037729
0.266447
0.557289
0.950256
1.0
0.158976
0.0
0.0
-0.044741
0.0
0.0
-0.137269
0.0
0.0

0.85794
-0.667672
-0.039627
-0.491016
-0.332284
0.832962
0.397436
0.724029
0.213407
0.517143
0.968132
0.0
0.0
0.0
-0.092874
0.0
0.0
0.0
0.0
0.0

0.76451
-0.594788
-0.393135
-0.61308
-0.432081
1.0
0.391575
0.185421
0.289744
0.525055
1.0
0.274799
0.0
0.0
-0.085606
0.0
0.0
-0.005976
0.008718
0.0

0.833987
0.418885
-0.315449
0.014023
-0.588538
0.915689
0.010476
0.308791
0.779267
1.0
1.0
0.127985
0.0
0.004908
-0.114864
0.011062
0.0
-0.118242
0.083736
0.0

0.828496
-0.057776
-0.193703
-0.113717
-1.08645
1.0
0.080806
0.094579
0.53033
1.0
1.0
0.0
0.0
0.0
0.0
0.033333
0.018974
0.0
0.0
0.0

