flat_b
Left

-1.294405
0.0
0.0
0.0
-0.172433
0.0
-0.363636
-0.1875
1.0
0.098974
0.098974
1.0
0.00315
0.00315
1.0
0.0
0.0
0.748205
0.022198
0.022198

-1.150922
-0.183066
-0.400533
-0.518081
-0.434045
0.0
-0.363636
-0.091653
0.925641
0.036264
0.036264
0.843883
0.0
0.0
0.716996
0.010183
0.010183
0.658095
0.040659
0.040659

-0.980525
-0.511637
-0.534128
-0.560867
-0.335415
0.0
-0.363636
-0.185776
0.754799
0.022784
0.022784
0.754212
0.012234
0.012234
0.478755
0.002564
0.002564
0.48652
0.041245
0.041245

-0.178825
0.0
0.0
-0.548449
-0.046562
0.186581
0.315824
0.0
1.0
0.178388
0.110696
0.852967
0.0
0.008132
0.779121
0.0
0.0
0.954212
0.012234
0.055604

0.754282
0.0
0.0
0.051481
-0.032393
0.837398
0.002857
0.0
1.0
0.195385
0.063223
0.817216
0.00315
0.005495
0.733114
0.0
0.018974
0.970476
0.0
0.0

0.01639
-0.130743
0.0
0.0
0.0
0.488825
0.0
0.043004
0.74044
0.054725
0.186007
1.0
0.011062
0.071136
1.0
0.0
0.0
1.0
0.0
0.0

-0.405141
-0.827961
-0.424049
0.051481
0.0
0.465216
0.258388
0.0
0.709377
0.103077
0.062051
1.0
0.065861
0.042125
1.0
0.011648
0.0937
0.769158
0.0
0.0

-0.36577
0.0
-0.054786
-0.549854
0.150721
0.689853
0.378535
0.093993
1.0
0.152015
0.138535
1.0
0.059414
0.0
1.0
0.0
0.010183
0.906593
0.026007
0.010476

-0.178825
0.0
-0.092597
0.012388
0.0
0.564792
0.0
0.0
0.996264
0.177216
0.062344
1.0
0.06381
0.0
0.610916
0.054139
0.017802
0.819853
0.0
0.0

-0.144766
0.0
-0.009385
0.0
0.098957
0.00316
0.008425
0.0
1.0
0.177216
0.168718
0.812381
0.0
0.0
0.672161
0.0
0.018974
0.658095
0.0
0.008718

-0.306225
-0.001464
0.119814
0.0
0.0
0.6985
0.078169
0.547912
1.0
0.222637
0.178388
0.894286
0.0
0.022198
1.0
0.132234
0.0
0.819853
0.0
0.15348

-0.325893
0.0
0.0
0.031256
-0.11404
0.153221
0.234066
0.0
1.0
0.154945
0.012821
0.797289
0.0
0.015165
0.571648
0.0
0.058242
1.0
0.031282
0.0

-0.42171
0.0
-0.454533
0.0
0.026992
0.847658
-0.363636
0.048278
0.950549
0.071429
0.026007
0.844469
0.015165
0.061758
0.549377
0.0
0.018974
0.940293
0.0
0.0

-0.112592
-0.389393
0.0
0.0
0.098957
0.581015
0.156557
0.06967
1.0
0.054725
0.11011
0.631136
0.033333
0.0
1.0
0.0
0.0
0.627326
0.0
0.0

-0.527311
-0.006171
0.0
-0.04429
0.175176
0.0
0.078169
0.049744
0.880806
0.072015
0.012821
0.806667
0.014286
0.0
0.672161
0.017802
0.0
0.717582
0.055604
0.0

-0.527311
-0.370445
0.0
0.0
0.077118
0.492846
0.0
0.0
1.0
0.207692
0.046227
1.0
0.042125
0.0
0.54967
0.0
0.0
1.0
0.075824
0.214432

-1.150922
-0.227566
-0.059024
0.0
0.015715
0.655722
0.588645
0.049744
1.0
0.126813
0.063223
0.66044
0.0
0.008132
1.0
0.0
0.0
0.964615
0.0
0.0

-0.59746
-0.733347
-0.428144
0.209031
0.026992
0.391633
0.0
0.038901
1.0
0.115824
0.186007
1.0
0.038315
0.0
1.0
0.08989
0.0
0.736044
0.0
0.049451

