flat_v
Left

0.76985
0.034124
-0.354198
0.0
0.171695
1.0
1.0
0.296484
0.285055
0.015165
0.015165
0.46
0.0
0.0
1.0
1.0
1.0
0.722271
0.99978
0.99978

0.654163
-0.195466
-0.506005
0.0
0.202316
1.0
1.0
0.268352
0.453846
0.00989
0.00989
0.503663
0.0
0.0
1.0
1.0
1.0
0.745714
0.99978
0.99978

0.700487
-0.255774
-0.669349
0.0
0.14636
1.0
0.930916
0.36315
0.358315
0.0
0.0
0.453553
0.0
0.0
1.0
1.0
1.0
0.677876
0.99978
0.99978

0.413059
0.974003
0.0
0.0
0.060491
1.0
0.522271
0.275678
0.265714
0.021026
0.088132
0.433626
0.0
0.0
1.0
1.0
1.0
0.195238
1.0
1.0

0.256564
-0.274266
-0.620345
0.0
0.078829
1.0
1.0
0.34
0.50337
0.047985
0.022784
1.0
0.0
0.02044
0.749231
1.0
1.0
0.465568
1.0
1.0

0.42551
0.079393
-0.324696
0.0
0.31571
1.0
0.505275
0.0
0.224689
0.0
0.0
0.520073
0.0
0.009304
1.0
1.0
1.0
0.869377
1.0
1.0

0.843891
0.044202
-0.506005
0.0
-0.425058
1.0
0.686813
0.0
0.891355
0.009304
0.089011
0.792308
0.0
0.0
1.0
1.0
1.0
0.807253
1.0
1.0

0.744599
0.275443
-0.922797
0.0
-0.033213
1.0
1.0
0.250183
0.453846
0.0
0.0
0.321539
0.0
0.0
1.0
1.0
1.0
0.465568
1.0
1.0

1.0
-0.220267
0.027141
0.0
0.148584
1.0
1.0
0.399341
0.265714
0.0
0.021026
0.805201
0.0
0.0
1.0
1.0
1.0
0.264835
1.0
1.0

0.69203
-0.534961
-0.73796
0.0
-0.033213
1.0
1.0
0.0
0.285055
0.01663
0.0
0.440073
0.006081
0.0
0.974579
0.999194
1.0
0.632747
1.0
1.0

0.717459
1.215161
-0.676181
0.140755
0.0
1.0
0.389963
0.074652
0.27685
0.005201
0.0
0.761245
0.0
0.0
1.0
1.0
1.0
0.781172
1.0
1.0

0.903954
-0.274266
-0.013127
0.0
0.211186
1.0
0.367985
0.205494
0.281685
0.282711
0.0
0.334872
0.0
0.0
1.0
1.0
1.0
1.0
1.0
1.0

0.839335
-0.075477
-0.64756
0.0
0.308224
1.0
1.0
0.270403
0.668498
0.0
0.0
0.92359
0.0
0.0
0.88022
1.0
1.0
0.642271
1.0
1.0

0.69203
-0.230802
-0.669349
-0.026889
0.045072
1.0
0.389963
0.001685
0.399341
0.015458
0.0
0.623223
0.0
0.043883
1.0
1.0
0.999194
0.288718
0.999194
1.0

0.256564
-0.264771
-0.324696
0.0
0.171695
1.0
1.0
0.36315
0.140879
0.0
0.005201
0.427179
0.0
0.0
1.0
0.999194
1.0
0.888425
1.0
1.0

0.899211
-0.090168
0.195834
0.0
0.150468
1.0
1.0
0.081978
0.668498
0.055311
0.309084
1.0
0.0
0.0
0.711136
1.0
1.0
0.61326
1.0
0.998901

0.725788
0.204529
0.690154
0.0
0.0
1.0
0.53033
0.0
0.337949
0.0
0.088132
0.54293
0.0
0.0
1.0
1.0
1.0
0.722271
0.999194
1.0

0.717459
0.288102
0.027141
-0.486035
0.173198
1.0
0.985934
0.653993
0.531502
0.0
0.003736
1.0
0.0
0.0
1.0
1.0
1.0
0.677876
1.0
1.0

