flat_horns
Left

0.837151
-0.550707
0.0
0.0
-0.365544
1.0
0.952601
0.848571
0.41956
0.029524
0.029524
1.0
1.0
1.0
1.0
1.0
1.0
0.348205
0.0
0.0

0.778891
-0.433784
0.0
0.0
-0.4946
1.0
0.841538
0.891502
0.560073
0.03685
0.03685
1.0
1.0
1.0
1.0
1.0
1.0
0.379414
0.0
0.0

0.869836
-0.752758
-0.079823
0.0
-0.402899
1.0
0.730623
0.657216
0.389377
0.0137
0.0137
0.90044
1.0
1.0
1.0
1.0
1.0
0.312894
0.0
0.0

0.821218
0.0
0.0
-0.092689
0.036011
1.0
0.808425
1.0
0.635678
0.046227
0.132674
1.0
0.523736
0.575458
1.0
0.817509
1.0
0.953187
0.0
0.00315

0.837151
-1.215236
0.0
0.0
-0.053565
1.0
0.562271
0.275531
1.0
0.0
0.046227
1.0
0.764469
0.99978
1.0
1.0
0.309231
0.079927
0.204176
0.0

1.0
-0.239252
0.0
0.0
0.060696
1.0
0.644322
0.471429
0.529744
0.074359
0.00022
1.0
0.57033
0.618681
1.0
1.0
1.0
0.482857
0.0
0.067326

0.81994
0.504033
0.0
0.0
-0.02219
1.0
1.0
0.193626
0.743517
0.059121
0.074359
0.96315
1.0
1.0
1.0
1.0
1.0
0.166813
0.0
0.030989

1.0
0.0
0.0
0.0
-0.34686
1.0
1.0
0.345128
1.0
0.117729
0.0
0.818242
0.99978
0.764469
1.0
1.0
0.789817
0.379414
0.04652
0.0

1.0
0.0
-0.005028
0.0
-0.476752
1.0
0.952601
1.0
0.525934
0.045348
0.011355
0.948205
1.0
0.335751
1.0
1.0
0.621172
0.70293
0.010476
0.04652

1.0
0.0
0.0
0.0
0.245264
1.0
1.0
1.0
0.912747
0.032454
0.146154
1.0
0.964908
0.964908
1.0
1.0
1.0
0.367985
0.0
0.0

0.821218
0.0
-0.40578
0.0
-0.02219
1.0
0.808425
0.193626
1.0
0.017509
0.0
0.992821
0.686813
0.57033
0.547033
1.0
1.0
0.484615
0.0
0.0

0.660405
0.0
-0.137958
0.0
0.37238
1.0
0.652821
0.267766
1.0
0.042125
0.123883
1.0
0.669817
1.0
1.0
1.0
1.0
0.974286
0.03304
0.0

0.968118
-0.409993
0.0
0.0
-0.02219
1.0
0.748791
0.27978
0.370769
0.011941
0.004322
1.0
1.0
0.998608
1.0
1.0
1.0
0.079927
0.0
0.004322

1.0
0.0
0.0
0.0
-0.206774
1.0
0.873773
0.215604
1.0
0.109377
0.030696
1.0
0.964908
0.736337
1.0
0.38293
1.0
0.581319
0.0
0.0

1.0
-1.235132
-0.137958
0.0
0.245264
1.0
0.924176
1.0
0.41956
0.059707
0.054139
0.877289
0.972381
1.0
1.0
1.0
0.309231
0.562857
0.0
0.0

1.0
-0.091253
0.0
0.0
0.0
1.0
1.0
1.0
0.337509
0.0
0.020733
0.892821
0.575458
1.0
1.0
0.882857
1.0
0.091355
0.0
0.0

1.0
0.0
-0.079823
0.0
-0.02219
1.0
1.0
1.0
0.618535
0.023663
0.146154
1.0
1.0
0.99978
1.0
0.846227
1.0
0.512161
0.0
0.0

0.88107
-1.083061
0.0
0.0
0.167023
1.0
0.92359
1.0
0.670989
0.177802
0.03685
1.0
0.651941
1.0
1.0
0.924176
0.999487
0.466447
0.0
0.0

