flat_ily
Left

-0.452817
0.0
0.0
0.0
-0.566719
0.0
-0.02734
0.047358
1.0
0.019267
0.019267
1.0
0.775165
0.775165
1.0
0.607692
0.607692
0.718755
0.017216
0.017216

-0.713349
0.0
0.0
0.0
-0.634572
0.0
-0.152937
0.026358
1.0
0.00696
0.00696
1.0
0.783077
0.783077
1.0
0.758901
0.758901
0.718901
0.004908
0.004908

-0.514133
0.0
0.0
0.0
-0.524608
0.143912
0.0
0.044469
1.0
0.0
0.0
1.0
0.914799
0.914799
1.0
0.654286
0.654286
0.796557
0.0
0.0

-0.069844
0.0
-0.000513
0.0
-0.696993
0.296724
0.0
0.171648
1.0
0.019853
0.0
1.0
1.0
1.0
1.0
1.0
0.470843
0.441538
0.161099
0.0

-0.713349
0.0
6.6e-05
0.0
-0.184437
0.253106
0.0
-0.002878
0.909817
0.0
0.072015
0.918315
1.0
0.931355
1.0
1.0
1.0
1.0
0.0
0.0

-0.051079
0.0
0.0
0.0
0.0
0.28816
0.134725
-0.037174
1.0
0.026886
0.045348
0.881099
0.775165
0.828205
1.0
1.0
1.0
0.732235
0.074652
0.007253

-0.680573
0.001985
0.0
0.0
-0.275474
0.26349
-0.159174
0.0
1.0
0.0
0.111282
1.0
0.813407
0.702931
1.0
0.405202
0.964322
1.0
0.136777
0.004322

-0.713349
-0.217179
0.0
0.0
-0.006808
0.178915
0.052088
0.275385
0.940293
0.095458
0.026886
1.0
1.0
0.94
1.0
0.859414
0.979414
1.0
0.074652
0.108352

0.277615
0.0
-0.000545
0.0
-0.313007
0.25161
0.0
0.083022
0.967253
0.044469
0.081392
0.99978
0.690623
0.669231
1.0
1.0
1.0
0.887253
0.030403
0.004322

-0.483495
-0.443373
0.0
0.0
-0.293653
0.351209
-0.028802
0.02836
0.710256
0.13326
0.001685
1.0
0.998608
1.0
1.0
0.572235
1.0
0.796557
0.03304
0.0

-0.364079
0.0
-0.000528
0.0
0.396523
0.097632
0.138242
-0.048176
0.748938
0.040366
0.026886
1.0
0.965494
0.904835
1.0
1.0
0.566374
1.0
0.030403
0.0

-0.335555
0.0
-0.000367
0.0
-0.533305
0.095657
-0.033083
0.0
1.0
0.11685
0.0
1.0
1.0
0.65663
1.0
1.0
1.0
0.441538
0.022784
0.027766

-0.734806
-0.487605
0.0
0.0
0.591731
0.068517
0.0
-0.002878
1.0
0.0
0.060586
0.99978
1.0
0.998608
1.0
1.0
0.828352
1.0
0.108352
0.0

-0.094314
-1.168705
0.0
-0.030061
-0.10841
0.326318
-0.202294
0.329451
0.622051
0.019267
0.111282
1.0
0.827766
0.468059
1.0
1.0
1.0
0.559634
0.079927
0.038901

-0.288195
0.0
0.0
0.0
0.0
0.163088
-0.132625
-0.037174
1.0
0.023663
0.019853
1.0
0.844908
0.574579
1.0
0.859414
0.979414
0.718755
0.0
0.027766

-0.723286
0.0
-0.000448
0.0
0.0
0.227495
0.0
0.012527
0.710256
0.044469
0.13326
1.0
0.65663
0.990769
1.0
0.553333
1.0
0.821612
0.0
0.0

-0.45622
-0.566162
0.0
0.0
-0.566719
0.326318
0.138242
0.0
0.940293
0.057363
0.072015
1.0
0.75304
0.998608
1.0
1.0
0.595238
0.887253
0.0
0.007253

-0.483495
0.0
0.0
0.0
-0.264045
0.551697
0.0
0.008132
1.0
0.0
0.148059
1.0
0.931355
0.94
1.0
0.974872
0.513626
0.881392
0.0
0.0

