flat_4
Left

0.749657
-1.021562
-0.889762
-0.955204
-0.643807
1.0
1.0
1.0
0.300586
0.005495
0.005495
0.478755
0.0
0.0
0.288278
0.0
0.0
0.204176
0.0
0.0

0.655786
-1.053962
-0.84168
-0.785804
-0.536928
1.0
1.0
1.0
0.233187
0.042418
0.042418
0.453846
0.0
0.0
0.41956
0.0
0.0
0.195385
0.0
0.0

0.633822
-1.011202
-0.695196
-0.761344
-0.511662
1.0
1.0
1.0
0.272747
0.008718
0.008718
0.554652
0.0
0.0
0.435092
0.0
0.0
0.217949
0.0
0.0

0.87846
-0.130382
0.0
0.0
0.081237
1.0
1.0
1.0
1.0
0.028352
0.008718
0.453846
0.0
0.006667
1.0
0.0
0.0
0.736923
0.0
0.0

0.907478
0.0
-0.38543
0.007838
0.469352
1.0
1.0
0.739267
1.0
0.152308
0.091648
1.0
0.0
0.0
0.812821
0.0
0.013993
0.300733
0.0
0.006667

0.904392
-0.372235
-1.024046
-0.044615
-0.287503
1.0
1.0
1.0
1.0
0.040073
0.040073
0.435678
0.017509
0.017509
0.682711
0.0
0.0
0.660879
0.0
0.011648

0.768128
0.054611
0.0
0.025631
0.205098
1.0
1.0
1.0
0.272454
0.01663
0.058535
0.530623
0.0
0.0
1.0
0.0
0.001099
0.201245
0.0
0.005201

-0.903432
-1.053962
0.0
0.110609
0.216412
1.0
1.0
0.321099
0.901026
0.045641
0.007253
0.384396
0.0
0.0
0.436264
0.0
0.0
0.660879
0.0
0.0

-0.95101
0.0
-0.84168
0.059385
-0.536928
1.0
1.0
0.34718
0.730769
0.043297
0.047399
1.0
0.0
0.003736
0.816044
0.0
0.0
0.205934
0.0
0.0

0.87846
-0.858361
0.0
0.040425
-0.059953
1.0
1.0
1.0
1.0
0.040073
0.126227
1.0
0.0
0.0
1.0
0.0
0.0
0.612381
0.014872
0.0

0.99577
-0.523197
-1.03306
0.046767
0.138195
1.0
1.0
1.0
1.0
0.043004
0.055311
1.0
0.0
0.0
1.0
0.024542
0.019853
0.017509
0.014579
0.034505

0.712073
-1.050681
0.0
-0.139827
0.362934
1.0
1.0
0.352161
0.369158
0.056484
0.0137
1.0
0.008425
0.0
0.212967
0.011062
0.0
0.207106
0.044176
0.0

0.524547
0.0
0.0
0.0
0.080367
1.0
1.0
0.726081
0.895458
0.01663
0.040073
0.453846
0.0
0.0137
0.56315
0.0
0.0
0.55348
0.007253
0.081392

0.749657
0.0
0.0
0.0
0.205098
1.0
1.0
0.59978
0.718462
0.0
0.152894
1.0
0.066447
0.0
0.190403
0.0
0.0
0.215604
0.011648
0.0

0.046944
-0.114279
0.0
0.0
-0.450443
1.0
1.0
1.0
1.0
0.049451
0.060586
1.0
0.0
0.0
1.0
0.0
0.0
0.195385
0.006667
0.0

0.661963
-0.579356
-1.180828
-0.214394
0.362934
1.0
1.0
1.0
1.0
0.007253
0.0
0.357729
0.0
0.003736
0.212967
0.001099
0.0
0.735751
0.0
0.0

-0.950427
-0.751513
0.0
-0.044615
0.346585
1.0
1.0
0.59978
1.0
0.02044
0.055897
0.609158
0.0
0.001099
1.0
0.0
0.021612
0.935824
0.0
0.044176

-0.868348
-0.880658
-0.16899
-0.091492
-0.158621
1.0
1.0
1.0
0.901026
0.040073
0.01663
0.554652
0.005201
0.070842
0.436264
0.0
0.0
0.75304
0.0
0.034505

