flat_n
Left

0.709266
-0.319687
-0.051837
0.0
0.202055
1.0
1.0
1.0
0.475531
0.127985
0.127985
0.830403
0.020147
0.020147
1.0
1.0
1.0
0.607985
0.99978
0.99978

0.666011
-0.560348
-0.229103
0.0
0.151193
1.0
1.0
0.774725
0.429817
0.141905
0.141905
0.750403
0.013114
0.013114
1.0
1.0
1.0
0.647399
0.99978
0.99978

0.683392
-0.652534
-0.132989
0.0
0.172195
1.0
1.0
0.725055
0.417802
0.071136
0.071136
0.887253
0.012527
0.012527
1.0
1.0
1.0
0.695311
0.99978
0.99978

-0.251891
-0.061319
0.0
0.0
0.418661
1.0
1.0
0.131209
0.344249
0.095751
0.100879
1.0
0.0
0.00315
1.0
1.0
1.0
0.654872
1.0
1.0

0.882357
-0.204468
0.0
0.0
0.0
1.0
1.0
0.270403
1.0
0.080806
0.089304
1.0
0.081685
0.10718
1.0
1.0
1.0
0.370037
0.016337
1.0

0.250901
-0.174401
-0.027564
0.0
0.207489
1.0
0.813114
0.426007
0.941465
0.135458
0.007253
0.721685
0.067033
0.061172
1.0
1.0
1.0
0.937656
1.0
1.0

-0.34561
-0.326138
-0.002017
0.0
0.023314
1.0
0.756117
0.14
0.448278
0.011941
0.0
0.757143
0.00315
0.0
0.886081
1.0
1.0
1.0
1.0
0.998901

0.683392
0.0
-0.373548
0.0
0.0
1.0
1.0
0.128571
0.767106
0.079048
0.079048
0.960513
0.998022
0.0
1.0
1.0
1.0
0.562418
0.021319
0.140733

0.727526
-0.404882
0.238047
0.0
-0.003259
1.0
0.838608
1.0
0.566227
0.160806
0.055604
0.725495
0.045934
0.003443
0.841978
1.0
1.0
0.745421
0.140733
0.999194

-0.34561
0.0
0.026078
0.0
0.18532
1.0
1.0
0.452088
0.389377
0.115385
0.007253
1.0
0.002271
0.051502
1.0
1.0
1.0
0.228791
1.0
1.0

0.484068
-0.097847
-0.132989
0.0
0.464694
1.0
0.838608
0.425275
1.0
0.060586
0.024835
1.0
0.151429
0.031575
0.597729
1.0
1.0
1.0
1.0
0.079048

0.890745
-0.53035
0.0
0.0
0.036375
1.0
1.0
0.161978
0.509084
0.0
0.127985
0.922637
0.0
0.017802
0.64652
1.0
1.0
1.0
1.0
1.0

0.460098
-0.53035
0.0
0.0
-0.077736
1.0
1.0
0.164322
0.542051
0.090476
0.0
0.767399
0.0
1.0
0.847692
1.0
1.0
0.627619
1.0
0.997729

0.727526
-0.560348
0.0
0.0
0.030388
1.0
1.0
0.087253
0.482271
0.034799
0.0
0.945861
0.051502
0.0
1.0
1.0
1.0
1.0
0.999194
1.0

0.620548
-0.310739
-0.292196
0.0
0.165131
1.0
1.0
0.425275
0.275824
0.120073
0.042418
0.676703
0.0
0.017216
1.0
1.0
0.999194
0.191575
0.998901
1.0

0.612218
-0.294492
-0.25336
0.0
0.315469
1.0
1.0
0.054432
1.0
0.101612
0.079048
0.664249
0.008425
1.0
1.0
1.0
1.0
0.66337
1.0
0.997729

0.694147
0.0
0.0
-0.105822
0.114575
1.0
1.0
1.0
0.6137
0.042418
0.055311
1.0
0.002271
0.018388
1.0
1.0
1.0
0.191575
1.0
1.0

0.385928
-0.519596
0.0
0.0
0.165131
1.0
0.358608
1.0
1.0
0.0
0.069377
1.0
0.998022
0.054432
1.0
1.0
1.0
0.810769
0.99978
1.0

