g
Left

0.563596
-0.655646
0.0
0.0
0.121246
1.0
0.419268
0.0
0.595092
0.0
0.0
1.0
1.0
1.0
1.0
1.0
1.0
0.866447
0.99978
0.99978

0.55233
-0.72309
0.0
0.0
0.107833
1.0
0.572234
0.0
0.452967
0.0
0.0
1.0
1.0
1.0
1.0
1.0
1.0
0.901172
0.99978
0.99978

0.548499
-0.638502
0.0
0.0
0.188888
1.0
0.462051
0.0
0.421172
0.012527
0.012527
1.0
1.0
1.0
1.0
1.0
1.0
0.799048
0.99978
0.99978

0.440182
-0.047647
0.0
0.0
0.188888
0.709166
0.786301
0.0
0.515678
0.017509
0.012527
1.0
1.0
1.0
1.0
1.0
1.0
1.0
1.0
0.918755

0.55233
0.257909
-0.309483
0.0
0.0
1.0
0.707619
0.0
0.493114
0.090769
0.053846
1.0
1.0
1.0
1.0
1.0
1.0
1.0
1.0
1.0

0.845782
0.315805
0.0
0.0
0.0
1.0
0.813846
0.0
0.381172
0.0
0.054432
1.0
1.0
1.0
1.0
1.0
1.0
0.961392
1.0
1.0

0.548499
-0.219607
0.0
0.0
0.0
1.0
0.064103
0.0
1.0
0.0
0.0
1.0
1.0
1.0
1.0
0.999194
1.0
1.0
1.0
1.0

0.707736
-0.698742
0.073544
0.0
0.001745
1.0
0.0
0.0
0.678315
0.04652
0.011355
0.907179
1.0
1.0
1.0
1.0
1.0
1.0
1.0
1.0

-0.208487
-0.982394
0.0
0.0
0.0
1.0
1.0
0.0
0.560513
0.0
0.0
0.635238
1.0
1.0
1.0
1.0
0.981026
1.0
1.0
1.0

0.655077
-0.248354
0.0
0.0
-0.893341
1.0
0.317289
0.0
1.0
0.027179
0.0
0.991539
0.999194
0.998315
1.0
1.0
1.0
1.0
1.0
1.0

0.574776
-0.388474
0.0
0.0
0.0
1.0
0.075531
0.0
0.554799
0.00989
0.115971
1.0
1.0
1.0
1.0
0.770623
1.0
0.83011
1.0
0.99978

0.530055
-0.817508
0.0
0.0
0.121246
1.0
0.0
0.0
1.0
0.0
0.0
1.0
0.998608
1.0
1.0
1.0
0.770623
1.0
1.0
1.0

0.497999
-0.19989
-0.228882
0.0
0.0
1.0
0.270843
0.026007
0.225275
0.011355
0.195092
1.0
1.0
1.0
1.0
1.0
1.0
1.0
1.0
1.0

0.435919
-1.109937
0.0
0.0
0.0
0.738761
0.0
0.0
1.0
0.0
0.0
0.604469
1.0
0.998022
1.0
1.0
1.0
1.0
1.0
1.0

0.511609
-0.72309
0.0
0.009108
0.376562
1.0
0.317289
0.0
0.629377
0.091648
0.017509
1.0
0.99978
1.0
1.0
1.0
1.0
1.0
1.0
1.0

0.028767
0.0
0.131171
0.009108
0.121246
1.0
0.572234
0.0
1.0
0.0
0.0
1.0
0.999194
1.0
1.0
0.958169
1.0
0.435971
1.0
0.999487

0.540669
0.012693
0.0
0.0
0.0
1.0
0.0
0.0
0.560513
0.050916
0.088425
1.0
1.0
0.998608
1.0
1.0
1.0
1.0
1.0
1.0

0.814697
-0.982394
-0.309483
0.0
0.178088
1.0
0.317289
0.0
0.90337
0.115971
0.0
0.775018
0.998608
0.999194
1.0
1.0
1.0
1.0
0.997729
0.999194

