goody_goody
Left

0.479952
0.195659
-0.201605
0.0
-0.316808
0.223172
0.214725
0.0
0.033626
0.0
0.0
0.395238
0.0
0.0
1.0
1.0
1.0
0.324615
0.016044
0.016044

0.297849
0.109162
-0.113657
0.0
-0.192235
0.270944
0.169011
0.0
0.057363
0.0
0.0
0.366227
0.0
0.0
1.0
0.956996
0.956996
0.074652
0.0
0.0

0.446449
0.001398
-0.023727
0.0
-0.180392
0.135723
0.091648
0.0
0.023956
0.0
0.0
0.201245
0.0
0.0
1.0
1.0
1.0
0.077289
0.0
0.0

0.139748
0.421669
0.254947
0.054677
-0.310877
0.0
0.08022
0.0
0.419854
0.0
0.0
0.008718
0.0
0.0
0.426007
0.999487
1.0
0.0
0.0
0.0

-0.213505
-0.04903
0.12795
0.128334
0.20715
0.169494
0.214725
0.0
0.0
0.002857
0.0
0.972528
0.0
0.0
1.0
1.0
0.548498
0.233187
0.0
0.001685

0.212194
0.233375
0.046412
0.0
0.15957
0.074558
0.0
0.0
0.0
0.0
0.0
0.035092
0.0
0.0
1.0
1.0
1.0
0.0
0.058535
0.007839

0.909644
0.559813
-0.165245
0.226867
0.269683
0.258693
0.0
0.03011
0.108938
0.0
0.0
0.972528
0.0
0.0
0.118022
1.0
1.0
0.508059
0.0
0.0

0.599253
-0.089216
0.251873
0.0
-0.310877
0.0
0.136923
0.0
0.1063
0.0
0.0
-0.112561
0.0
0.0
1.0
1.0
1.0
0.098388
0.06
0.0

0.203948
0.221109
0.290161
-0.161493
-0.058274
0.775275
0.0
0.0
0.0
0.0
0.0
0.006374
0.000806
0.0
0.940586
1.0
1.0
0.0
0.007839
0.0

0.223709
0.026408
0.274809
0.029007
0.369672
0.14788
0.034799
0.0
0.0
0.0
0.0
-0.082817
0.006374
0.000806
0.157888
1.0
1.0
0.308352
0.06
0.050916

0.006965
-0.058426
0.016397
0.273305
0.100947
0.665718
0.075238
-0.069676
0.023663
0.0
0.0
0.24315
0.0
0.0
1.0
1.0
1.0
0.124762
0.0
0.0

0.06053
0.165161
-0.116236
0.054677
-0.019103
0.196364
0.240806
0.0
0.088131
0.0
0.0
0.008718
0.0
0.0
0.337509
1.0
1.0
0.026593
0.093114
0.0

0.06053
-0.099543
0.274809
-0.056868
-0.462819
0.0
0.349231
-0.069676
0.0
0.0
0.0
0.0
0.0
0.0
1.0
0.978974
1.0
0.354799
0.0
0.0

0.273982
-0.241303
0.081291
0.0
0.166604
0.763085
-0.056878
0.117436
0.0
0.0
0.0
0.057363
0.0
0.0
0.913919
0.941685
0.532967
0.308352
0.0
0.0

0.559384
0.080149
0.12795
0.0
0.037234
0.187252
0.079634
0.007546
0.0
0.0
0.0
-0.082817
0.0
0.0
1.0
1.0
1.0
0.15641
0.0
0.0

-0.025204
0.102669
-0.183481
0.0
0.166604
0.08527
0.349231
0.0
0.220248
0.0
0.0
0.366227
0.0
0.0
0.471136
1.0
1.0
0.037436
0.0
0.0

0.507105
0.2639
-0.212081
0.167515
-0.009891
0.376161
0.151722
0.0
0.0
0.0
0.0
0.0
0.0
0.000513
1.0
1.0
1.0
0.043883
0.016044
0.0

0.569041
-0.095781
-0.201605
-0.020357
-0.367031
0.337617
0.079634
0.0
0.1063
0.0
0.0
0.0
0.0
0.0
0.192881
1.0
1.0
0.077289
0.0
0.035092

