h
Left

0.575684
-0.833836
-0.448494
0.0
0.568437
1.0
1.0
0.525348
0.303223
0.0
0.0
0.52022
0.0
0.0
1.0
1.0
1.0
0.610623
0.99978
0.99978

0.553119
-0.705399
-0.430866
0.0
0.55807
1.0
0.976923
0.538242
0.092234
0.0
0.0
0.373846
0.0
0.0
1.0
1.0
1.0
0.589084
0.99978
0.99978

0.661101
-0.4582
-0.27114
0.0
0.488651
1.0
0.801099
0.428059
0.035092
0.000806
0.000806
0.412674
0.0
0.0
1.0
1.0
1.0
0.78337
0.99978
0.99978

0.834654
-0.311436
0.824091
0.0
0.37578
1.0
0.709377
0.078755
0.088425
0.0
0.0
0.221319
0.0
0.0
1.0
1.0
1.0
1.0
0.737509
0.997143

0.697434
0.142379
-0.243767
0.351743
0.696226
1.0
1.0
0.0
0.092234
0.002564
0.0
0.0
0.043297
0.0
1.0
1.0
1.0
0.895458
1.0
1.0

0.331471
-0.361877
-0.358541
0.0
0.319266
1.0
0.955824
1.0
0.014579
0.034212
0.0
0.058535
0.0
0.0
0.74293
1.0
1.0
0.998022
0.998901
1.0

0.570739
-0.510833
-0.4149
0.0
0.568496
1.0
0.36652
0.023663
0.308791
0.0
0.0
-0.143026
0.0
0.0
0.961612
1.0
1.0
0.338535
1.0
0.999194

0.237781
-0.678547
0.070602
0.006222
0.558715
1.0
0.914066
0.469377
0.140586
0.0
0.0
0.108352
0.0
0.0
1.0
1.0
1.0
1.0
1.0
1.0

0.542764
-0.59176
-0.40873
0.0
0.106271
1.0
1.0
0.035385
0.314066
0.0
0.0
0.062073
0.0
0.0
1.0
1.0
1.0
0.205202
1.0
1.0

0.331471
0.544671
-0.4149
0.0
0.378122
1.0
0.791722
0.956117
0.1463
0.012821
0.0
0.292674
0.0
0.0
1.0
1.0
1.0
0.271868
1.0
0.999487

1.0
-0.4582
-0.457383
0.006222
0.160045
1.0
1.0
0.887399
0.157289
0.0
0.0
0.191912
0.0
0.0
1.0
1.0
1.0
1.0
1.0
0.810769

0.574401
-0.613254
-0.113607
0.0
0.0
1.0
1.0
0.185128
0.30718
0.012527
0.0
0.062073
0.0
0.0
1.0
1.0
1.0
0.706447
1.0
1.0

0.824933
-0.678547
-0.291971
0.0
0.500618
1.0
0.462931
0.167546
0.0
0.0
0.0
1.0
0.0
0.0
1.0
0.999194
1.0
0.790843
1.0
1.0

0.700133
-0.271125
0.011086
0.0
0.263902
1.0
1.0
0.177802
-0.003799
0.0
0.015751
0.401832
0.001392
0.0
0.079634
1.0
1.0
1.0
0.737509
1.0

1.0
0.142379
0.051092
0.0
0.338973
1.0
0.646667
0.091648
0.378242
0.0
0.0
0.198169
0.0
0.0
1.0
1.0
1.0
0.862637
1.0
1.0

0.562023
-0.271125
-0.186194
0.223263
0.588103
1.0
1.0
0.525348
0.025128
0.0
0.0
0.545568
0.001685
0.0
1.0
1.0
1.0
1.0
1.0
1.0

0.865017
-0.361877
-0.512448
0.0
0.0
1.0
0.758462
0.469377
0.157289
0.002857
0.006667
0.52022
0.0
0.001685
0.752894
1.0
1.0
0.730623
1.0
1.0

0.295794
0.155276
-0.243767
0.192768
0.160045
1.0
1.0
1.0
-0.046216
0.034212
0.0
0.530183
0.0
0.0
1.0
1.0
1.0
0.715238
0.999194
1.0

