i
Left

0.707806
-0.062459
-0.032383
0.0
-0.298772
1.0
1.0
0.898828
0.884322
1.0
1.0
0.951648
1.0
1.0
1.0
1.0
1.0
0.161099
0.0
0.0

0.673784
-0.187372
-0.130956
0.0
-0.235892
1.0
1.0
0.537802
0.684176
1.0
1.0
0.765348
1.0
1.0
1.0
1.0
1.0
0.094286
0.0
0.0

0.729757
-0.153288
-0.154115
0.0
-0.204233
1.0
1.0
0.69033
0.762418
1.0
1.0
0.803297
1.0
1.0
1.0
1.0
1.0
0.033333
0.0
0.0

0.932641
0.0
0.0
0.0
0.342675
1.0
0.974945
0.152894
1.0
1.0
0.798169
1.0
1.0
1.0
1.0
0.999487
1.0
0.337802
0.035971
0.022784

1.0
-0.416277
0.0
0.060595
0.144473
1.0
1.0
1.0
1.0
1.0
1.0
0.955531
1.0
1.0
1.0
1.0
1.0
0.250769
0.0
0.0

1.0
0.0
0.0
0.0
0.224101
1.0
0.809597
0.29326
1.0
1.0
1.0
1.0
1.0
0.998022
0.969011
1.0
1.0
0.273919
0.031575
0.0

0.932641
0.0
0.0
0.0
0.059936
1.0
1.0
1.0
1.0
1.0
1.0
1.0
0.99978
1.0
0.77033
1.0
1.0
0.148791
0.0
0.0

0.534465
0.0
0.0
0.0
0.086211
1.0
0.481392
0.087253
1.0
1.0
1.0
1.0
0.998608
1.0
1.0
1.0
1.0
0.308205
0.0
0.0

0.673784
0.0
0.0
0.0
0.07829
1.0
0.768132
0.10674
0.615458
1.0
0.99978
0.803297
1.0
0.980073
1.0
1.0
0.999487
0.161099
0.0
0.0

0.928825
0.0
0.0
0.0
0.059936
1.0
0.481392
0.155531
0.481099
1.0
1.0
1.0
0.944103
0.832747
1.0
1.0
1.0
0.262491
0.022784
0.0

0.918014
0.0
-0.123356
0.038376
0.397652
1.0
1.0
0.258681
1.0
1.0
1.0
1.0
1.0
0.998022
1.0
0.748352
1.0
0.159634
0.052381
0.026886

0.603692
0.0
0.0
0.131466
-0.040425
1.0
0.942198
0.689744
1.0
1.0
1.0
1.0
1.0
1.0
0.702637
1.0
1.0
0.229084
0.0
0.0

1.0
0.0
0.0
0.0
0.177209
1.0
1.0
1.0
1.0
1.0
1.0
1.0
1.0
1.0
1.0
0.999194
1.0
0.265275
0.052381
0.0

0.63089
0.0
-0.130956
0.0
0.359358
1.0
0.79685
1.0
1.0
1.0
1.0
1.0
1.0
1.0
0.966667
1.0
1.0
0.144103
0.0
0.0

1.0
0.0
-0.123356
0.0
0.500195
1.0
0.629084
0.10674
1.0
1.0
1.0
1.0
1.0
0.998022
1.0
1.0
1.0
0.155238
0.0
0.0

0.586634
-0.189464
0.000242
0.0
0.024145
1.0
0.944982
1.0
1.0
1.0
1.0
1.0
1.0
1.0
1.0
0.999194
1.0
0.139121
0.0
0.0

0.365307
0.0
-0.154115
0.0
0.06987
1.0
0.768132
0.5
1.0
1.0
1.0
1.0
0.998315
1.0
0.910696
1.0
1.0
0.087839
0.0
0.0

0.321859
0.0
0.000847
0.0
0.048437
1.0
1.0
0.537802
1.0
1.0
1.0
1.0
1.0
1.0
1.0
1.0
1.0
0.241099
0.0
0.0

