ily
Left

0.383758
-0.363112
0.0
0.0
0.167432
0.0
0.030732
-0.070287
0.600659
0.0
0.0
1.0
1.0
1.0
1.0
1.0
1.0
0.296191
0.0
0.0

0.747198
-0.27213
0.0
0.0
-0.076573
0.0
-0.047045
-0.088301
0.59011
0.0
0.0
1.0
1.0
1.0
1.0
1.0
1.0
0.145275
0.0
0.0

0.598723
-0.17017
0.0
0.0
-0.071717
0.0
0.082949
-0.033783
0.562564
0.0
0.0
1.0
0.927692
0.927692
1.0
1.0
1.0
0.096923
0.0
0.0

-0.101265
-0.164858
-0.109035
0.010344
-0.282536
0.081132
0.201245
0.0
1.0
0.034799
0.0
0.251209
1.0
0.992527
1.0
1.0
1.0
0.229524
0.0
0.224396

0.747198
-0.242492
-0.259846
0.0
-0.490825
0.0
0.15641
0.0
0.562564
0.0
0.0
1.0
0.692381
1.0
1.0
1.0
1.0
0.0
0.0
0.076996

0.738368
0.009286
-0.094499
0.0
-0.12863
0.123806
0.0
0.0
0.376191
0.0
0.0
0.128278
0.99978
0.998315
0.605201
1.0
0.998315
0.063223
0.048571
0.0

0.955095
0.175599
-0.109035
0.010344
0.200277
0.378959
0.23641
0.215604
0.0
0.0
0.0
1.0
1.0
1.0
1.0
0.991282
1.0
0.173407
0.0
0.0

0.631005
0.478278
0.0
0.0
-0.135096
0.271507
-0.208515
0.0
0.614139
0.0
0.005495
1.0
1.0
0.572967
1.0
0.582198
0.999707
0.178095
0.279194
0.030989

0.221973
0.128261
-0.009241
-0.061049
-0.181961
0.600286
0.0
0.047399
0.451502
0.005495
0.0
1.0
0.784689
0.998608
1.0
1.0
0.487839
0.050623
0.048571
0.0

0.371965
0.009286
-0.055786
-0.137685
-0.12863
0.0
0.0
0.0
0.267766
0.0
0.0
1.0
1.0
0.775604
1.0
0.999707
0.582198
0.160806
0.032161
0.025421

0.080444
-0.27213
0.0
0.0
-0.348004
0.113106
0.001685
0.0
-0.040256
0.0
0.0
0.715238
0.998022
1.0
1.0
1.0
1.0
0.035385
0.0
0.0

0.10658
-0.164858
0.0
0.0
0.198046
0.271507
-0.208515
-0.088301
0.0
0.029231
0.014579
0.735165
0.810476
0.998022
1.0
1.0
1.0
0.173407
0.02337
0.030989

0.383758
-0.056993
0.0
0.0
0.0
0.0
-0.047045
-0.054035
0.224542
0.0
0.0
1.0
1.0
0.998608
0.026593
1.0
1.0
0.045641
0.064689
0.0

0.585187
0.113755
0.0
0.0
-0.348004
0.081132
-0.102509
0.029231
0.081685
0.0
0.017509
1.0
0.998315
1.0
1.0
1.0
1.0
0.12696
0.02337
0.021612

0.738368
0.279448
0.0
0.167289
0.163891
0.123806
0.0
0.002564
0.726813
0.0
0.0
1.0
1.0
0.784689
1.0
0.487839
0.80652
0.0
0.0
0.0

0.632918
-0.110844
-0.075542
0.0
0.145752
0.019944
0.0
0.0
0.317582
0.0
0.005495
1.0
0.810476
0.775604
1.0
1.0
1.0
0.090769
0.032161
0.0

0.623041
0.0
0.0
-0.05511
-0.061447
0.378959
0.0
0.0
-0.055065
0.030403
0.0
1.0
1.0
1.0
1.0
1.0
1.0
0.063223
0.048571
0.0

0.312216
0.009286
0.0
0.0
0.198878
0.0
-0.01914
-0.029422
1.0
0.0
0.0
0.823663
1.0
0.998022
1.0
1.0
1.0
0.0
0.0
0.04359

