k
Left

0.496554
0.317207
-0.029631
0.0
0.264194
1.0
0.386154
0.0
0.203417
0.0
0.0
0.646667
0.0
0.0
1.0
1.0
1.0
0.65956
0.99978
0.99978

0.37143
0.329521
-0.125017
0.0
0.143995
1.0
0.462051
0.0
0.170302
0.0
0.0
0.457949
0.0
0.0
1.0
1.0
1.0
0.62337
0.99978
0.99978

0.369544
0.36652
-0.058723
0.0
0.056179
1.0
0.481099
0.0
0.160246
0.0
0.0
0.570037
0.0
0.0
1.0
1.0
1.0
0.93707
0.99978
0.99978

0.555006
0.107736
-0.034428
0.0
0.0
0.812943
0.258681
0.0
-0.023183
0.0
0.0
1.0
0.0
0.032161
1.0
0.919194
0.999487
0.62337
1.0
0.915092

0.30399
-0.012047
0.0
0.0
0.0
0.600951
0.210623
0.0
0.058242
0.0
0.0
1.0
0.0
0.0
1.0
1.0
0.688864
0.951575
1.0
1.0

0.40134
0.311041
-0.058723
0.0
0.031545
0.90357
0.414579
0.0
0.319048
0.0
0.0
0.646667
0.0
0.0
1.0
1.0
1.0
0.912747
1.0
1.0

0.250686
0.276339
0.035471
0.0
-0.011089
0.959264
0.481099
0.0
0.05707
0.0
0.0
0.646667
0.0
0.0
1.0
1.0
1.0
0.726667
0.762418
1.0

0.496554
-0.719525
0.0
0.0
-0.004493
0.755915
0.609304
0.0
0.02044
0.0
0.0
0.872015
0.0
0.007253
0.770476
1.0
0.999487
0.955531
1.0
0.998901

0.716889
0.537452
0.197763
0.0
0.039802
1.0
0.224103
0.0
0.171195
0.0
0.0
0.477582
0.015165
0.0
1.0
1.0
1.0
1.0
0.714652
1.0

0.413654
-0.02544
-0.029894
0.0
0.031545
0.785311
0.165495
0.0
0.411941
0.0
0.0
0.51685
0.0
0.0
0.822491
1.0
1.0
0.99685
0.99978
0.998901

0.488173
0.116276
0.174365
0.08526
0.264194
0.71958
0.145568
0.001392
-0.023183
0.004908
0.001685
0.646667
0.0
0.032454
0.888425
1.0
1.0
1.0
0.998901
1.0

0.369544
0.152504
0.033221
0.0
0.033421
1.0
0.306154
0.0
-0.008291
0.0
0.0
0.304103
0.0
0.009597
1.0
1.0
1.0
1.0
0.644322
0.93619

0.389555
0.414226
-0.113548
0.0
0.0
0.860422
0.0
0.0
0.042418
0.009304
0.0
0.499854
0.001099
0.009597
1.0
0.889597
1.0
1.0
0.762418
0.999487

0.555935
0.245123
-0.029631
0.0
0.0
0.959264
0.107619
0.00696
0.411941
0.0
0.0
0.891062
0.0
0.0
1.0
1.0
1.0
0.951575
1.0
1.0

0.088553
0.536154
-0.120279
0.017179
0.002798
0.785311
0.165495
0.0
0.150256
0.0
0.009304
1.0
0.0
0.0
1.0
1.0
1.0
0.939927
1.0
0.99978

0.338354
0.145194
-0.120279
0.0
0.032527
0.755915
0.165495
0.0
0.767692
0.0
0.0
1.0
0.0
0.0
0.647546
1.0
1.0
0.942344
1.0
1.0

0.352472
0.067692
-0.125017
0.050382
0.787564
0.829571
0.386154
0.0
0.134805
0.0
0.0
0.705275
0.0
0.0
1.0
1.0
1.0
1.0
1.0
0.99978

0.217789
0.021452
0.044368
0.0
0.037764
1.0
0.40022
0.019267
0.171195
0.0
0.0
0.570769
0.0
0.0
0.977802
1.0
1.0
0.825421
1.0
1.0

