l
Left

0.398689
-0.073444
0.0
0.0
1.4e-05
0.0
-0.286131
-0.1875
0.477582
0.0
0.0
1.0
1.0
1.0
1.0
1.0
1.0
0.99978
0.99978
0.99978

0.648871
-0.162803
0.0
0.0
0.000226
0.0
-0.119704
-0.119718
0.661612
0.0
0.0
1.0
1.0
1.0
1.0
1.0
1.0
0.980733
0.99978
0.99978

0.538026
-0.118705
0.0
0.0
0.013863
0.0
-0.125355
-0.113933
0.518315
0.0
0.0
1.0
1.0
1.0
1.0
1.0
1.0
0.960806
0.99978
0.99978

0.361846
-0.148551
0.0
-0.028849
0.0
0.0
-0.030524
-0.041208
0.082857
0.0
0.001392
0.709377
0.998608
1.0
1.0
1.0
1.0
1.0
0.835824
0.735458

0.581523
-0.427897
0.0
0.0
0.0
0.102465
-0.007497
-0.047501
0.661612
0.0
0.0
1.0
1.0
1.0
1.0
1.0
1.0
0.994762
1.0
1.0

-0.113972
-0.343809
0.0
0.0
0.0
0.0
-0.061364
-0.180043
0.297363
0.0
0.0
1.0
0.99978
0.998608
1.0
1.0
1.0
0.950256
1.0
0.767692

0.361846
-0.07554
0.0
-0.01423
0.0
0.040781
-0.030524
-0.050207
0.0
0.0
0.015458
1.0
1.0
0.998608
1.0
1.0
1.0
0.991868
1.0
1.0

0.571405
0.101615
0.0
0.0
-0.081538
0.0
-0.119704
-0.03394
0.482857
0.0
0.0
1.0
0.998608
0.998022
1.0
1.0
1.0
0.937949
1.0
1.0

1.0
0.019382
0.0
0.0
0.155835
0.0
-0.096166
0.0
0.348645
0.0
0.0
1.0
0.998022
1.0
1.0
1.0
0.598022
1.0
1.0
1.0

0.398689
-0.022255
0.0
-0.097145
0.0
0.102465
0.0
-0.060241
0.518022
0.0
0.0
1.0
0.967839
1.0
1.0
1.0
0.988132
0.962564
0.991795
1.0

0.950313
0.145505
-0.037282
0.0
0.0
0.0
-0.135741
-0.020985
0.015458
0.0
0.0
1.0
1.0
1.0
0.928864
1.0
1.0
0.825714
1.0
1.0

0.00139
0.019382
0.0
0.0
0.037466
1.0
-0.060795
-0.050207
0.146886
0.0
0.0
0.749524
1.0
1.0
0.931062
1.0
1.0
0.977289
0.998901
0.81663

0.525715
-0.022255
0.0
0.007751
0.0
0.0
-0.331764
-0.1875
0.197729
0.0
0.0
1.0
0.998022
0.998608
1.0
1.0
1.0
0.994762
1.0
0.99978

1.0
0.01569
0.0
0.0
-0.236286
0.0
0.048278
-0.138941
0.106886
0.0
0.0
1.0
1.0
1.0
1.0
1.0
0.054725
0.971355
1.0
0.826886

1.0
-0.210607
0.0
-0.122173
0.0
0.067309
-0.110468
0.0
0.188765
0.0
0.0
1.0
0.779854
1.0
0.780146
1.0
1.0
1.0
1.0
1.0

-0.388541
0.277974
-0.121083
0.0
0.0
0.105407
0.069963
0.005788
0.0
0.0
0.0
1.0
1.0
1.0
0.869377
1.0
0.840659
0.994762
0.987839
1.0

0.770032
0.269026
0.0
0.0
0.155835
0.0
-0.007497
0.0
0.494286
0.0
0.0
1.0
1.0
1.0
1.0
1.0
0.798755
0.998022
0.99978
0.7463

0.361846
-0.206689
0.0
0.0
-0.535812
0.29873
-0.036793
-0.009541
0.252528
0.0
0.0
1.0
1.0
0.998315
1.0
1.0
1.0
0.967399
1.0
1.0

