n
Left

0.761459
-0.003276
-0.009858
0.0
-0.013061
1.0
1.0
0.03011
0.996117
0.878462
0.878462
0.96381
1.0
1.0
1.0
1.0
1.0
0.951722
0.99978
0.99978

0.699973
0.0
-0.034504
0.0
-0.007195
1.0
1.0
0.0
1.0
0.823077
0.823077
0.887839
0.99696
0.99696
1.0
1.0
1.0
0.883443
0.99978
0.99978

0.733458
-0.075292
-0.026647
0.0
-0.004512
1.0
1.0
0.011355
0.906593
0.994506
0.994506
0.951355
0.995092
0.995092
1.0
1.0
1.0
0.986594
0.99978
0.99978

0.444312
0.0
-0.026647
0.0
0.0
1.0
1.0
0.052967
0.958828
0.657802
0.99978
0.598608
0.997729
1.0
1.0
0.76359
1.0
0.574579
1.0
0.704103

0.482428
0.0
-0.034504
0.0
0.0
1.0
1.0
0.284029
0.942051
1.0
0.935897
1.0
0.768865
0.456044
1.0
1.0
1.0
1.0
0.999487
1.0

0.964045
-0.25847
0.0
-0.163129
0.754518
1.0
1.0
0.0
0.890769
1.0
1.0
1.0
0.998608
0.99696
0.907326
1.0
0.999487
0.597729
1.0
1.0

0.477599
-0.049489
0.0
0.063047
0.01526
1.0
1.0
0.0
1.0
0.3
0.600073
0.598608
0.998315
1.0
1.0
1.0
1.0
1.0
0.997729
0.99978

1.0
-0.140439
0.0
-0.005983
0.016842
1.0
1.0
0.044469
1.0
1.0
1.0
1.0
1.0
0.768865
1.0
1.0
1.0
1.0
1.0
0.999194

1.0
-0.037484
0.0
-0.163129
0.024435
1.0
1.0
0.0
0.99978
1.0
1.0
1.0
0.949377
1.0
0.859707
1.0
1.0
1.0
1.0
1.0

0.969039
-0.075555
0.0
0.0
0.157716
1.0
1.0
0.0
1.0
1.0
1.0
1.0
0.572528
1.0
1.0
1.0
0.76359
0.977802
1.0
0.99978

0.877495
0.0
0.175913
0.0
0.24515
1.0
1.0
0.0
1.0
1.0
1.0
1.0
0.998608
0.998315
1.0
0.493114
1.0
1.0
0.999194
0.704103

0.531428
-0.072215
0.156616
0.0
0.0
1.0
1.0
0.147912
1.0
0.99978
0.99978
1.0
0.954359
1.0
1.0
1.0
0.398755
1.0
1.0
1.0

0.581208
0.0
0.0
0.0
0.157716
1.0
1.0
0.0
1.0
1.0
1.0
0.649451
0.456044
0.998608
1.0
1.0
0.30967
0.94967
1.0
0.997729

0.805974
0.0
-0.034504
0.0
0.217505
1.0
1.0
0.0
0.763883
0.878755
1.0
1.0
0.788205
0.997729
1.0
1.0
1.0
1.0
1.0
0.999487

0.238745
-0.041397
0.0
0.0
0.975149
1.0
1.0
0.062051
0.890769
1.0
1.0
1.0
0.804615
1.0
0.526813
1.0
1.0
0.764176
1.0
0.935311

0.07818
0.0
0.134775
0.0
0.975149
1.0
1.0
0.0
0.95055
1.0
0.878462
0.64989
1.0
0.895751
1.0
1.0
1.0
1.0
0.997729
1.0

0.570892
0.0
0.0
-0.163129
0.198813
1.0
1.0
0.0
1.0
1.0
1.0
1.0
0.99696
0.872601
1.0
1.0
1.0
0.964176
0.649011
1.0

-0.049803
-0.009036
0.0
0.0
0.01526
1.0
1.0
0.018095
1.0
0.823077
1.0
1.0
0.906887
1.0
1.0
1.0
1.0
1.0
0.999194
1.0

