open_b
Left

0.586944
0.005234
0.0
-0.03079
-0.115688
0.0
-0.00817
-0.056336
0.0
0.0
0.0
0.00989
0.0
0.0
-0.009136
0.0
0.0
0.0
0.0
0.0

0.256633
-0.190167
-0.040831
-0.068992
-0.134296
0.0
-0.025775
-0.037615
0.0
0.0
0.0
0.0
0.0
0.0
-0.037823
0.0
0.0
-0.01709
0.0
0.0

0.300342
-0.137621
0.010561
0.240595
-0.013883
0.0
-0.084179
-0.063463
0.0
0.0
0.0
0.0
0.0
0.0
-0.025714
0.0
0.0
-0.019148
0.0
0.0

0.168159
0.005682
-0.083537
0.060256
-0.067668
0.0
-0.035241
0.0
0.003736
0.0
0.0
-0.015951
0.0
0.0
-0.037823
0.0
0.0
0.0
0.0
0.0

0.109185
0.146338
-0.47527
0.157121
-0.526521
0.0
0.156117
0.052682
0.0
0.0
0.0
0.0137
0.0
0.0
-0.00965
0.0
0.0
0.0
0.0
0.0

0.752869
0.086108
0.199054
-0.03079
-0.035319
0.0
0.015079
-0.006883
0.0
0.0
0.0
0.0
0.0
0.0
0.036406
0.0
0.0
0.0
0.0
0.001685

0.256633
0.29771
-0.47527
0.042876
0.068236
0.0
0.015079
0.0
-0.063047
0.0
0.0
0.0
0.0
0.0
0.063516
0.0
0.0
-0.010321
0.0
0.0

0.752869
-0.149154
0.098107
-0.113014
-0.088452
0.335907
0.0
0.0
0.006081
0.0
0.0
0.00989
0.0
0.0
-0.00965
0.0
0.0
0.0
0.0
0.0

0.095932
0.573321
-0.040831
0.104978
-0.06143
0.0
0.0
0.052682
-0.048694
0.0
0.0
-0.08427
0.0
0.0
0.0
0.0
0.0
-0.01709
0.0
0.0

0.800998
-0.209938
-0.006256
0.325591
-0.075292
0.073031
0.02044
-0.085278
0.0
0.0
0.0
0.00989
0.0
0.0
0.050625
0.0
0.0
0.0
0.0
0.0

-0.230135
0.067341
-0.02063
0.185926
-0.134296
0.028868
0.037143
0.065861
0.0
0.0
0.0
0.007546
0.0
0.0
-0.009136
0.0
0.0
0.0
0.0
0.0

-0.204799
-0.110248
0.019433
0.043857
-0.109294
0.012201
0.0
0.0
0.0
0.0
0.0
0.0
0.0
0.0
0.0
0.0
0.0
0.0
0.0
0.0

0.639346
0.352869
-0.02063
-0.200222
-0.027124
0.343854
0.0
0.0
-0.025952
0.0
0.0
0.003443
0.0
0.0
0.0
0.0
0.0
0.0
0.0
0.0

0.109185
-0.139214
-0.025831
-0.116216
0.003128
0.0
0.041832
0.0
-0.032643
0.0
0.0
0.0
0.0
0.0
0.0
0.0
0.0
0.019853
0.0
0.0

0.676703
-0.212516
0.037522
-0.367306
0.007662
0.143358
0.0
0.0
0.0
0.0
0.0
-0.015951
0.0
0.0
0.036587
0.0
0.0
0.0
0.0
0.0

-0.292387
-0.139214
-0.332328
0.280409
0.339491
0.054922
0.0
-0.00303
0.020147
0.0
0.0
0.0
0.0
0.001978
0.0
0.0
0.0
0.0
0.004322
0.0

0.357103
-0.171223
0.055471
-0.52926
-0.106473
0.143358
-0.00817
0.0
0.0
0.0
0.0
0.0
0.0
0.0
0.0
0.0
0.0
0.0
0.0
0.0

-0.510572
0.220319
-0.365289
0.01696
0.145906
0.0
0.0
0.0
0.0
0.0
0.0
0.0
0.0
0.0
0.0
0.0
0.0
0.019853
0.0
0.0

