open_8
Left

0.423143
-0.353247
0.0
0.0
0.011309
0.742494
0.582198
0.0
0.202564
0.0
0.0
1.0
1.0
1.0
1.0
0.015458
0.015458
0.031868
0.010183
0.010183

0.106319
-0.492113
0.0
0.004771
-0.042602
0.266003
0.234066
0.0
0.241978
0.0
0.0
1.0
1.0
1.0
0.896337
0.016337
0.016337
0.015751
0.015751
0.015751

0.321026
-0.3183
0.0
0.016701
-0.104852
0.624066
0.308791
0.0
0.266593
0.0
0.0
1.0
0.994506
0.994506
0.781465
0.008718
0.008718
0.0
0.004908
0.004908

0.21608
-0.143836
0.0
0.114719
0.00955
0.483087
0.014872
0.00022
0.561978
0.0
0.0
0.947912
1.0
0.310843
0.567692
0.0
0.005201
0.0
0.0
0.0

0.321026
-0.150785
-0.143997
0.12508
0.046974
0.226012
0.032454
0.005201
0.308498
0.0
0.0
1.0
0.508352
0.999707
0.214139
0.0
0.0
0.028645
0.0
0.0

0.293886
-0.330954
-0.420727
0.016701
-0.037539
0.65065
0.123883
0.0
0.002857
0.007253
0.0
0.690037
0.590696
0.378242
0.335018
0.0
0.015458
0.015751
0.0
0.0

0.294105
-0.205101
-0.464582
-0.084305
-0.049099
0.062949
0.060879
0.0
0.047692
0.12359
0.0
1.0
0.571355
1.0
0.287106
0.0
0.0
0.028645
0.0
0.0

0.079976
0.24442
0.0
0.032717
-0.684749
0.416056
0.013993
0.0
0.308498
0.0
0.0
1.0
1.0
0.225128
0.276996
0.0
0.006667
-0.143075
0.0
0.0

0.0032
-0.291755
0.238912
0.0
-0.306005
0.333636
0.032454
0.021319
0.072601
0.0
0.0
0.183663
0.508352
0.344542
0.021319
0.008718
0.0
0.184835
0.0
0.0

0.060034
0.0
0.0
0.30233
0.114013
0.461339
0.028645
0.0
0.031575
0.0
0.0
1.0
0.313773
0.673333
0.901612
0.0
0.0
0.026886
0.0
0.0

-0.119835
-0.353247
0.0
0.163507
-0.101065
0.612003
0.0
0.0
0.209744
0.128864
0.12359
0.510842
0.961978
0.650476
0.187766
0.0
0.0
-0.029794
0.0
0.0

0.017308
0.394527
-0.089245
0.016701
-0.392619
0.595339
0.235092
0.0
0.20359
0.0
0.0
0.430403
0.0937
0.747473
0.0
0.0
0.0
0.0
0.0
0.0

0.020083
0.394527
0.0
0.249634
-0.037539
0.530177
0.006667
0.0
0.102491
0.0
0.0
0.784689
0.028645
0.650476
0.287106
0.001392
0.006667
0.096923
0.0
0.0

0.323429
-0.24934
-0.237327
0.250986
0.117373
0.824607
0.234066
0.0
0.019853
0.0
0.0
0.694432
0.961978
0.994506
0.324762
0.0
0.0
0.0
0.015751
0.0

0.49178
-0.025106
0.0
0.134153
-0.049099
0.191318
0.071136
0.057949
0.0
0.0
0.0
1.0
0.087253
0.028645
0.179267
0.0
0.0
0.0
0.0
0.0

0.040582
0.0
0.0
0.249634
0.046974
0.807094
0.032454
0.0
0.047692
0.0
0.0
0.645055
0.225128
0.0937
0.302344
0.0
0.0
-0.03047
0.009011
0.0

0.321026
0.146122
-0.208604
0.150743
0.317901
0.41595
0.172821
0.0
0.445934
0.0
0.0
0.700733
0.378242
0.46381
0.901612
0.0
0.001392
0.0
0.0
0.0

0.274823
0.661948
0.0
0.268047
-0.232074
0.409276
0.115971
0.0
0.147326
0.0
0.0
1.0
1.0
1.0
0.567692
0.0
0.0
0.069963
0.0
0.0

