open_h
Left

-0.164717
-0.403493
-0.109895
0.0
0.058573
0.0
-0.175765
-0.120839
0.301465
0.0
0.0
0.187473
0.0
0.0
1.0
1.0
1.0
0.942344
0.99978
0.99978

0.033627
-0.709518
-0.394002
0.0
0.000357
0.0
-0.046883
-0.032232
0.327546
0.0
0.0
0.319048
0.0
0.0
1.0
1.0
1.0
0.99978
0.99978
0.99978

0.019448
-0.490351
-0.219928
0.0
0.000439
0.0
-0.211476
-0.147757
0.416337
0.0
0.0
0.26718
0.0
0.0
1.0
1.0
1.0
0.99978
0.99978
0.99978

-0.122323
-0.145893
-0.357768
0.0
0.0
0.0
0.0
0.136822
-0.227605
0.0
0.0
0.507179
0.0
0.0
0.920659
1.0
0.999487
1.0
0.567253
0.999194

-0.324913
-0.403493
-0.47675
0.0
0.601326
0.225328
-0.046883
0.0
0.597729
0.0
0.0
0.227796
0.0
0.0
0.848864
1.0
1.0
1.0
0.99978
1.0

-0.472494
-0.709518
0.490471
0.0
0.0
0.0
-0.00745
0.0
0.0
0.0
0.0
0.128864
0.0
0.0
1.0
1.0
1.0
1.0
0.999487
0.810037

-0.024583
-0.201417
0.129016
0.0
0.0
0.188756
0.0
0.01663
0.416337
0.0
0.0
0.283297
0.0
0.0
1.0
1.0
0.964615
1.0
0.999707
0.999707

-0.160063
-0.776883
0.068987
0.0
0.004871
0.007617
0.006081
0.0
0.327546
0.0
0.011941
0.43055
0.0
0.0
1.0
0.806374
1.0
1.0
0.998901
1.0

-0.839609
-0.735665
-0.219928
0.0
0.0
0.541388
-0.108866
0.007253
0.136777
0.0
0.0
0.299121
0.0
0.0
1.0
1.0
0.806374
1.0
1.0
0.915971

-0.024583
-0.490351
0.083207
0.0
0.0
0.168773
-0.175765
0.0
0.290916
0.0
0.0
0.128864
0.0
0.0
1.0
0.52652
1.0
0.99978
0.567253
1.0

-0.81165
-0.121206
-0.01195
0.0
0.062984
0.0
0.0
0.0
0.342491
0.0
0.0
0.556264
0.0
0.0
1.0
1.0
1.0
0.907912
1.0
1.0

0.194184
-0.186602
-0.142062
0.0
0.0
0.225328
-0.038878
0.0
0.136777
0.0
0.0
0.318169
0.0
0.0
1.0
1.0
1.0
0.997143
1.0
1.0

-0.5251
-0.473614
0.003432
0.0
0.0
0.0
0.0
0.0
0.0
0.0
0.0
0.56696
0.0
0.0
1.0
0.501612
1.0
1.0
0.999487
1.0

-0.44126
-0.121206
0.129016
0.0
0.0
0.0
-0.022311
-0.10438
0.521538
0.0
0.0
0.311136
0.0
0.0
1.0
1.0
1.0
0.791282
0.999487
0.999194

0.109687
-0.514487
-0.03407
0.0
0.04725
0.227981
0.005495
0.02924
0.0
0.0
0.0
0.715531
0.0
0.0
1.0
1.0
1.0
1.0
0.858535
0.999487

-0.180644
0.099113
0.120218
0.0
0.0
0.325772
-0.14138
-0.118475
0.452967
0.0
0.0
0.0
0.0
0.0
1.0
0.999194
1.0
0.894579
0.998901
1.0

0.109687
-0.614303
-0.503638
0.0
0.0
0.113282
0.0
0.0
0.060934
0.0
0.0
0.36315
0.0
0.0
1.0
0.680659
1.0
0.907912
0.999194
0.999487

0.301533
-0.219803
-0.507252
-0.094242
0.0
0.511028
0.0
-0.063597
0.33956
0.0
0.0
0.434506
0.0
0.0
1.0
1.0
1.0
1.0
0.999707
0.765348

