open_f
Left

0.882486
0.083071
-0.286943
-0.547448
-0.828041
0.804506
0.198608
0.0
0.125348
0.179853
0.179853
0.001392
0.0
0.0
-0.233256
0.0
0.0
-0.403909
0.007839
0.007839

0.878095
-0.046005
-0.257919
-0.46143
-0.845259
0.90155
0.246227
0.0
0.099853
0.130476
0.130476
0.0
0.0
0.0
-0.228004
0.0
0.0
-0.391299
0.0
0.0

0.878038
-0.021571
-0.461508
-0.45246
-0.765174
0.935057
0.161392
0.0
0.144103
0.168132
0.168132
0.0
0.0
0.0
-0.240697
0.0
0.0
-0.417867
0.001099
0.001099

0.858015
-0.547737
-0.286943
-0.724288
-0.547182
0.703072
0.027179
0.0
0.084615
0.168132
0.063516
0.0
0.0
0.0
-0.231756
0.0
0.0
-0.000782
0.0
0.018681

0.896848
0.301563
0.078161
-0.337808
-0.115929
1.0
0.006081
0.0
0.295604
0.114506
0.307326
-0.110942
0.0
0.0
-0.050314
0.0
0.007546
-0.185829
0.0
0.0

0.912808
-0.680598
-0.105141
-0.019077
-0.266227
0.722733
0.23978
0.0
0.144103
0.376191
0.231722
0.0
0.0
0.0
-0.110253
0.0
0.0
-0.124192
0.0
0.0

1.0
0.114977
-0.212868
-0.347916
-1.152323
0.560479
0.000513
0.0
0.256191
0.231722
0.246667
0.001392
0.0
0.0
-0.268672
0.0
0.0
-0.175956
0.0
0.0

0.891297
-1.13594
-0.310372
-0.460327
-1.089058
1.0
0.161392
0.0
0.0
0.032747
0.023956
-0.072435
0.0
0.0
-0.148478
0.0
0.0
-0.133545
0.0
0.033919

0.995199
0.0
0.437214
-0.275337
-0.793903
0.703072
0.0
0.0
0.034799
0.229963
0.319048
-0.000247
0.0
0.0
-0.255142
0.0
0.0
-0.114592
0.0
0.007839

0.972613
0.288011
0.784268
-0.475397
-0.626463
1.0
0.027179
0.0
0.4263
0.194212
0.092821
0.029817
0.0
0.0
-0.192863
0.0
0.0
-0.391299
0.007839
0.0

1.0
0.169484
0.14546
-0.375982
-1.043994
1.0
0.069377
0.0
0.03304
0.304103
0.073187
0.05033
0.0
0.0
-0.233256
0.0
0.0
-0.037002
0.0
0.007839

0.799022
-0.531065
1.69939
-0.44036
-0.266227
1.0
0.179267
0.0
0.125348
1.0
0.335604
0.0
0.0
0.0
0.0
0.0
0.0
-0.417867
0.0
0.0

0.936535
-0.527863
-0.147398
-0.465566
-1.014367
0.935057
0.021026
0.0
0.202418
0.157875
0.056484
-0.097861
0.0
0.0
-0.036786
0.0
0.0
-0.185829
0.0
0.0

0.818069
0.068536
-0.399908
-0.648224
-0.845052
1.0
0.087546
0.0
0.295604
0.396117
0.246667
-0.115835
0.0
0.0
-0.265813
0.0
0.0
-0.290213
0.0
0.0

0.862105
0.866371
0.19466
-0.463798
-0.828041
0.902078
0.712308
0.0
0.049744
0.32315
0.376191
-0.040196
0.0
0.0
-0.365047
0.0
0.0
-0.178802
0.0
0.003736

1.0
0.112641
0.264184
-0.294531
-1.132229
0.584587
0.021026
0.0
0.355824
0.365641
0.153187
0.083058
0.0
0.0
0.05707
0.0
0.0
-0.128812
0.0
0.020733

0.896848
-0.052372
-0.260336
0.132568
-0.936343
1.0
0.017509
0.0
0.185568
0.257216
0.229963
0.064396
0.0
0.0
-0.084083
0.0
0.0
-0.391299
0.020733
0.0

0.978643
0.114977
-0.13315
-0.019077
-1.152323
1.0
0.0
0.0
0.083443
0.056484
0.396117
0.622637
0.0
0.0
0.0
0.0
0.0
-0.294293
0.0
0.0

