p
Left

0.686404
-0.628933
0.0
0.0
0.096042
1.0
1.0
0.03011
0.235531
0.0
0.0
1.0
0.172967
0.172967
1.0
0.865275
0.865275
0.823517
0.99978
0.99978

0.534517
-0.738711
0.0
0.0
0.007658
1.0
0.552894
0.0
0.040073
0.0
0.0
1.0
0.012527
0.012527
1.0
1.0
1.0
0.994945
0.99978
0.99978

0.557037
-1.038679
0.0
0.0
0.004989
1.0
0.711429
0.0
0.040366
0.0
0.0
1.0
0.004322
0.004322
1.0
1.0
1.0
0.992308
0.99978
0.99978

1.0
-0.771825
0.0
0.0
0.225964
0.705231
0.105861
0.0
0.022198
0.0
0.0
1.0
0.071136
0.22967
1.0
1.0
0.712894
0.823517
1.0
0.997729

0.628098
-1.300722
0.0
0.0
0.023328
1.0
0.358022
0.0
0.170476
0.0
0.0
1.0
0.0
0.011355
1.0
0.099853
1.0
0.979194
0.99978
1.0

0.773492
0.290684
0.0
0.0
-0.015332
1.0
0.129451
0.03011
0.235531
0.0
0.0
1.0
0.054725
0.195971
1.0
1.0
1.0
0.956117
0.035971
0.927106

0.345476
-0.771825
-0.169098
0.0
0.787697
0.752375
0.0
0.0
0.341026
0.0
0.0
1.0
0.012527
0.054725
1.0
1.0
1.0
0.661612
1.0
0.998901

0.34697
0.477159
-0.628949
0.0
0.0
0.713009
0.023956
0.0
0.178974
0.0
0.0
0.520659
0.099853
0.154066
1.0
1.0
1.0
1.0
1.0
1.0

0.638966
-1.53266
0.0
0.0
0.0
1.0
0.0
0.0
0.035678
0.0
0.0
1.0
0.135751
0.22967
1.0
0.90044
0.526813
1.0
0.999487
0.999487

0.737322
-1.300722
-0.471472
-0.076222
0.001741
1.0
0.292674
0.0
0.440659
0.0
0.0
1.0
0.302051
0.028352
1.0
1.0
1.0
0.919194
0.881978
0.234652

0.720817
0.337241
0.286449
0.0
0.0
1.0
0.192161
0.0
0.16989
0.0
0.007839
1.0
0.059414
0.212088
1.0
1.0
1.0
0.795824
0.68652
0.881978

0.68577
-0.738709
-0.00292
0.0
0.0
1.0
0.24022
0.0
0.239048
0.0
0.006081
1.0
0.142051
0.099853
1.0
1.0
1.0
0.988571
1.0
0.644615

0.686404
-0.114203
-0.628949
0.0
0.0
1.0
0.0
0.0
0.214139
0.0
0.0
0.641685
0.167839
0.099853
1.0
1.0
1.0
0.952601
0.572234
1.0

0.891616
0.546226
-0.236014
0.0
0.0
1.0
0.623223
0.0
0.16989
0.0
0.033919
1.0
0.135751
0.290769
1.0
1.0
1.0
0.823517
1.0
0.572234

0.94828
-0.958473
0.0
0.0
0.0
1.0
0.642857
0.0
0.035678
0.0
0.0
0.728425
0.351868
0.142051
1.0
0.571941
0.865275
0.824542
0.99978
1.0

0.938155
-0.62193
-0.845705
0.0
0.880356
0.963631
0.655897
0.0
0.169304
0.0
0.0
1.0
0.0
0.060586
1.0
0.526813
1.0
1.0
0.624689
1.0

0.831455
-0.948204
0.0
0.0
0.070505
0.752182
0.574579
0.0
0.040366
0.0
0.0
1.0
0.262784
0.056777
1.0
1.0
1.0
0.733993
0.999487
1.0

1.0
-0.962649
-0.00292
0.0
0.409023
1.0
0.642857
0.0
0.022198
0.0
0.0
1.0
0.002857
0.0
1.0
1.0
1.0
1.0
1.0
1.0

