q
Left

0.912551
-0.62937
0.159047
0.0
0.292884
1.0
0.368865
0.0
0.375604
0.0
0.0
0.770916
1.0
1.0
1.0
1.0
1.0
0.657802
0.99978
0.99978

0.997957
-0.467415
0.0
0.0
0.321161
1.0
0.30674
0.0
0.317582
0.0
0.0
1.0
0.942344
0.942344
1.0
1.0
1.0
0.855311
0.99978
0.99978

0.951412
-0.487258
0.033039
0.0
0.085824
1.0
0.30044
0.0
0.292088
0.004615
0.004615
0.971941
1.0
1.0
1.0
1.0
1.0
0.959194
0.99978
0.99978

1.0
-0.467415
-0.027007
0.0
0.145913
1.0
0.123004
0.0
0.719341
0.050623
0.004615
0.544835
1.0
1.0
0.906593
1.0
1.0
0.210476
0.999487
1.0

1.0
-0.378717
0.043046
0.076616
0.754588
1.0
0.175751
0.0
0.022198
0.059414
0.0
1.0
0.998608
1.0
1.0
1.0
1.0
0.288718
1.0
1.0

1.0
-0.908881
0.205829
0.612258
0.49194
0.733885
0.438901
0.0
0.232015
0.057363
0.0
0.529304
1.0
1.0
0.19011
1.0
0.999487
0.992528
1.0
0.999194

0.942419
-0.655949
0.025835
0.0
0.75517
1.0
0.165055
0.0
0.280073
0.08315
0.090769
1.0
0.998608
0.99978
1.0
0.999194
1.0
0.753626
1.0
1.0

1.0
-0.107317
0.050564
0.0
0.393885
1.0
0.042418
0.0
0.37033
0.021026
0.058828
0.544835
1.0
1.0
1.0
1.0
0.999487
0.562125
1.0
1.0

1.0
-0.594515
0.159047
0.308788
0.064507
1.0
0.148938
0.0
0.196264
0.0
0.175751
1.0
1.0
0.998022
0.685641
1.0
1.0
0.766227
1.0
1.0

0.912551
-0.295506
0.041628
0.0
0.145913
1.0
0.0
0.0
0.218535
0.03304
0.057363
0.501905
1.0
0.998608
0.969597
1.0
1.0
0.96022
1.0
1.0

1.0
-0.690209
0.043046
0.096417
0.110665
1.0
0.236117
0.0
0.16696
0.008132
0.08315
1.0
0.868938
1.0
0.915678
1.0
1.0
0.512747
1.0
0.999487

1.0
-0.125241
0.299
0.036324
0.177165
1.0
0.134139
0.0
0.381758
0.014286
0.0
0.724176
1.0
0.814432
0.312601
1.0
1.0
0.681539
1.0
0.999194

1.0
-0.464719
0.043046
-0.204822
0.031949
0.920158
0.30674
0.0
0.555238
0.011062
0.059707
1.0
0.998022
0.998315
1.0
1.0
1.0
0.691941
1.0
0.937949

1.0
-0.542378
0.554657
0.036324
0.0
0.964808
0.0
0.0
0.509964
0.057363
0.0
0.93663
0.998608
0.998022
0.681245
1.0
0.999194
0.757143
1.0
0.999194

1.0
-0.378717
0.248899
0.0
0.0
1.0
0.03304
0.0
0.091355
0.0
0.05619
0.606813
1.0
1.0
0.412381
0.999487
1.0
0.925934
0.998901
1.0

1.0
0.0
0.196367
0.0
0.00114
1.0
0.03304
0.0
0.793187
0.016923
0.038608
1.0
1.0
0.751868
1.0
1.0
1.0
0.628059
1.0
1.0

1.0
-0.622004
0.0
0.470125
0.75517
1.0
0.0
0.0
0.281978
0.058535
0.059707
1.0
0.999194
1.0
0.777949
1.0
1.0
0.542051
1.0
1.0

1.0
-0.638126
0.043046
0.208534
-0.036046
1.0
0.399341
0.0
1.0
0.058828
0.020733
0.92066
1.0
0.998315
0.966667
1.0
1.0
0.205641
1.0
1.0

