spread_e
Left

0.766271
0.229986
-0.281995
-0.571206
-0.937421
1.0
1.0
1.0
-0.187669
1.0
1.0
-0.285038
1.0
1.0
-0.040963
0.901612
0.901612
0.084744
0.515385
0.515385

0.690534
0.239845
-0.229304
-0.394894
-0.604097
1.0
1.0
1.0
-0.138108
1.0
1.0
-0.20787
1.0
1.0
0.074646
0.751575
0.751575
0.04122
0.909524
0.909524

0.730259
0.04349
-0.066897
-0.406285
-0.685899
1.0
1.0
1.0
-0.034217
1.0
1.0
-0.175196
1.0
1.0
-0.090191
1.0
1.0
-0.099913
0.774432
0.774432

0.686634
0.380911
0.058968
-0.387029
-0.266864
1.0
1.0
0.113626
0.117813
1.0
1.0
0.007057
0.56989
0.670696
0.044513
0.535604
0.628498
0.028938
0.515385
0.622637

0.397327
0.579537
-0.11783
-0.370778
-0.162114
1.0
1.0
1.0
-0.192584
1.0
1.0
-0.285038
0.998315
1.0
-0.13559
0.901612
1.0
0.079634
0.163736
0.951282

0.673905
0.610275
-0.006465
-0.347214
-0.238947
1.0
1.0
0.684176
0.215018
1.0
1.0
-0.102764
0.998022
0.881685
-0.072125
0.750989
0.736923
0.066447
0.246667
0.340147

0.697558
0.485939
-0.056923
-0.406285
0.329926
1.0
1.0
1.0
-0.147059
0.99978
1.0
-0.181178
1.0
0.99978
0.404322
0.864689
1.0
0.025128
0.472601
0.57663

0.53755
0.756813
-0.066897
-0.267478
-0.383832
1.0
1.0
1.0
0.010476
1.0
1.0
-0.054209
0.927692
0.998022
-0.055766
0.585421
1.0
0.072601
0.835385
0.835385

-0.39708
1.468847
0.08588
-0.267876
0.286391
1.0
1.0
1.0
-0.249766
1.0
1.0
-0.202786
1.0
1.0
-0.030889
0.628498
0.999194
0.002271
0.909524
0.284908

0.866503
0.485939
0.293526
0.0
-0.937421
1.0
1.0
0.309963
0.228498
1.0
1.0
-0.029686
1.0
0.998022
-0.09199
1.0
1.0
0.027473
0.820147
1.0

-0.39708
0.610275
0.153402
0.215001
-0.407612
1.0
1.0
1.0
0.06
1.0
1.0
-0.081968
1.0
1.0
-0.176459
1.0
0.54044
0.046479
0.679194
0.951282

0.853684
0.527543
0.031326
-0.285754
-0.516683
1.0
1.0
0.021905
0.0
1.0
1.0
-0.270793
1.0
0.748352
0.044513
0.999194
0.642564
0.0
0.575604
0.629084

0.58212
0.527543
0.153402
0.100001
-0.455555
1.0
1.0
0.0
-0.132652
1.0
1.0
0.0
1.0
0.670696
-0.013197
1.0
1.0
0.019267
0.284908
0.830989

0.686634
-0.071176
0.010327
-0.281619
-0.278608
1.0
1.0
0.349377
-0.037883
1.0
0.99978
-0.270793
0.900147
1.0
0.422491
1.0
1.0
0.017216
0.811795
0.622637

0.592524
0.687274
0.149773
0.026095
-0.413615
1.0
1.0
1.0
-0.106353
1.0
1.0
-0.231777
0.748352
0.654872
-0.105819
1.0
1.0
0.050037
0.55685
0.407546

0.444575
0.560588
-0.0755
0.006895
-0.278608
1.0
1.0
0.0
0.0
0.962857
1.0
-0.154709
0.998022
0.99978
-0.09199
1.0
0.750989
0.0
0.314652
0.575604

0.766271
-0.345776
0.91675
-0.009717
-0.257549
1.0
1.0
0.719341
-0.175482
1.0
1.0
-0.271562
1.0
0.73663
-0.16671
0.447839
0.709524
0.0
1.0
0.98044

0.866503
0.756813
-0.056923
0.064967
0.18982
1.0
1.0
1.0
-0.034217
1.0
1.0
-0.231777
1.0
1.0
0.016094
1.0
1.0
-0.003684
0.679194
0.804029

