t
Left

0.637606
0.0
-0.009821
0.0
-0.000327
1.0
1.0
0.0
1.0
1.0
1.0
0.9937
1.0
1.0
1.0
1.0
1.0
0.99978
0.99978
0.99978

0.502355
0.0
-0.324066
0.0
-0.065649
1.0
1.0
0.0
1.0
1.0
1.0
0.826886
1.0
1.0
1.0
1.0
1.0
0.948498
0.99978
0.99978

0.482839
0.0
0.0
0.0
-0.000323
1.0
1.0
0.00022
1.0
1.0
1.0
1.0
1.0
1.0
1.0
1.0
1.0
0.99978
0.99978
0.99978

0.281198
0.306793
-0.546469
0.0
-0.000934
1.0
1.0
0.097802
1.0
1.0
1.0
1.0
0.648425
0.773846
1.0
1.0
1.0
0.701319
0.998901
1.0

0.456358
0.0
0.0
0.0
0.006456
1.0
0.47641
0.0
0.651941
1.0
1.0
0.910696
1.0
0.998608
1.0
1.0
1.0
1.0
1.0
0.997729

0.637606
-0.10875
0.0
0.0
0.108532
1.0
0.536484
0.0
1.0
1.0
1.0
1.0
1.0
1.0
1.0
1.0
1.0
0.966081
1.0
1.0

0.180707
0.259599
-0.435742
0.0
-0.03438
1.0
0.448865
0.197729
0.872894
1.0
1.0
0.755385
1.0
1.0
1.0
1.0
1.0
1.0
1.0
1.0

0.652956
0.0
-0.324066
0.0
0.0
1.0
1.0
0.0
0.708498
1.0
1.0
1.0
0.998608
1.0
1.0
1.0
0.920073
0.998022
0.997729
1.0

0.560518
-0.236384
0.0
0.0
0.027713
1.0
0.762418
0.0
0.653407
0.955824
0.246667
1.0
1.0
0.648425
1.0
1.0
1.0
1.0
0.99978
0.998901

0.281198
-0.054337
-0.40308
0.0
0.0
1.0
0.47641
0.0
1.0
1.0
0.982784
1.0
0.866593
0.99978
1.0
1.0
1.0
0.596557
1.0
0.998901

0.27953
0.306793
0.0
0.0
0.0
1.0
1.0
0.093407
1.0
1.0
1.0
1.0
1.0
1.0
1.0
1.0
1.0
1.0
0.99978
1.0

0.424409
0.0
0.0
0.0
0.0
1.0
1.0
0.03685
1.0
1.0
1.0
1.0
0.999194
1.0
1.0
0.712894
1.0
0.882857
1.0
0.997729

0.406797
0.0
0.0
0.0
0.005849
1.0
0.47641
0.0
0.940879
1.0
1.0
0.931209
0.99978
1.0
1.0
1.0
1.0
0.75685
1.0
1.0

0.336426
0.0
0.0
0.0
0.0
1.0
0.529158
0.0
0.43978
1.0
1.0
1.0
0.998608
0.998608
1.0
1.0
1.0
0.954945
1.0
0.99978

0.241793
5.4e-05
0.0
0.0
0.0
1.0
1.0
0.0
0.793919
0.99978
1.0
0.710696
0.998608
1.0
1.0
1.0
1.0
1.0
1.0
1.0

0.368613
0.0
-0.029437
0.0
0.056513
1.0
0.47641
0.0
1.0
1.0
1.0
0.746886
1.0
1.0
1.0
1.0
1.0
0.99978
0.997729
0.997729

0.149675
0.028613
0.0
0.0
0.147864
1.0
0.536484
0.0
0.690623
1.0
1.0
0.892528
0.998315
1.0
1.0
0.999487
0.920073
0.889744
0.997729
1.0

0.435985
0.074915
0.0
0.0
0.002003
1.0
0.879634
0.0
0.951575
1.0
0.665421
0.897802
1.0
1.0
1.0
0.524469
1.0
1.0
1.0
1.0

