v
Left

0.634765
0.510253
-0.246676
0.117587
0.646751
1.0
1.0
0.487839
0.0
0.0
0.0
0.091062
0.0
0.0
0.498828
1.0
1.0
0.533553
0.679487
0.679487

0.609164
0.607947
-0.314663
0.036686
0.384273
1.0
1.0
0.391429
-0.051223
0.0
0.0
0.020733
0.0
0.0
0.394945
1.0
1.0
0.414579
0.99978
0.99978

0.622775
0.477115
-0.265383
0.09676
0.38774
1.0
1.0
0.274506
-0.009481
0.0
0.0
0.051502
0.0
0.0
0.416777
1.0
1.0
0.414872
0.99978
0.99978

0.88826
0.271201
-0.285843
-0.063904
0.541548
1.0
0.710843
0.0
0.023077
0.0
0.0
0.1063
0.0
0.0
0.899267
1.0
1.0
0.530769
1.0
0.898388

0.448304
0.341662
-0.0403
0.0
0.428953
1.0
0.615311
0.001392
0.0
0.0
0.0
0.034799
0.0
0.0
0.423956
1.0
0.733846
0.681245
0.811355
0.975458

0.247915
0.42295
-0.188851
0.115933
0.384273
1.0
1.0
0.264396
-0.00102
0.0
0.0
0.001978
0.0
0.0
1.0
1.0
1.0
0.445641
1.0
1.0

0.546233
0.648034
-0.265383
0.0
0.504824
1.0
1.0
0.487839
0.0
0.0
0.0
0.0
0.0
0.0
0.496044
1.0
1.0
1.0
0.941172
1.0

0.634765
0.496052
-0.180252
0.0
0.38774
1.0
0.848864
0.0
0.0
0.0
0.004029
0.154945
0.0
0.0
0.824249
1.0
1.0
0.774286
0.954066
1.0

0.585943
0.501119
-0.342641
-0.090859
0.177984
1.0
0.805055
0.120366
-0.106457
0.0
0.0
0.124762
0.0
0.0
1.0
1.0
1.0
0.875238
1.0
1.0

0.542179
0.365485
-0.314663
0.0
0.441662
1.0
0.355678
0.589231
-0.137746
0.0
0.0
0.1063
0.0
0.0
0.675385
1.0
0.733846
0.59685
1.0
0.898388

0.816429
0.500934
-0.265383
0.0
0.266931
1.0
1.0
0.024249
0.048278
0.0
0.0
0.0
0.0
0.0
0.394945
0.691209
1.0
0.569304
1.0
1.0

0.546233
0.500353
-0.236173
0.0
0.119023
1.0
0.712308
1.0
0.0
0.0
0.0
0.0
0.0
0.0
0.824249
1.0
1.0
0.971648
1.0
0.999487

0.816985
0.536388
0.156213
0.181078
-0.184066
1.0
1.0
0.487839
0.081047
0.004029
0.0
0.0
0.0
0.0
0.436996
0.999487
1.0
0.664542
1.0
1.0

0.615787
0.604952
-0.265383
0.0
0.261114
1.0
0.805055
1.0
0.0
0.0
0.0
0.020733
0.0
0.0
1.0
1.0
1.0
0.569304
1.0
1.0

0.499986
0.365485
-0.204846
0.0
0.348241
1.0
0.566081
0.024835
-0.006152
0.0
0.0
0.0
0.0
0.0
0.736484
1.0
1.0
0.533553
1.0
0.379707

0.254326
0.349626
-0.142869
-0.098836
0.037621
1.0
1.0
0.147326
-0.137746
0.0
0.0
0.092821
0.0
0.0
0.921685
1.0
1.0
0.627326
0.997729
0.941172

0.883055
0.62323
-0.180252
0.21997
0.567353
1.0
0.377656
1.0
0.0
0.0
0.0
0.06293
0.0
0.0
0.436996
1.0
1.0
0.606813
0.99978
0.997729

0.634765
0.552971
0.044213
-0.002214
0.339454
1.0
0.566081
0.228791
0.013407
0.0
0.0
0.0
0.0
0.0
0.803297
1.0
1.0
0.78337
0.99978
1.0

