w
Left

0.693716
0.369092
0.026389
-0.148777
0.252384
1.0
0.699121
0.46381
0.0
0.0
0.0
0.109288
0.0
0.0
0.290037
0.0
0.0
0.313773
0.848864
0.848864

0.550139
0.410837
0.017183
-0.020325
0.092729
1.0
0.876996
0.550256
0.0
0.0
0.0
0.128425
0.0
0.0
0.045348
0.0
0.0
0.15685
0.892528
0.892528

0.631444
0.418369
-0.02768
-0.154599
0.380386
1.0
0.530037
0.563004
0.0
0.0
0.0
0.061172
0.0
0.0
0.203004
0.0
0.0
0.36652
0.99978
0.99978

0.863706
0.255378
0.154889
0.157979
0.554237
1.0
0.699121
0.081392
0.0
0.0
0.0
0.0
0.0
0.0
0.16022
0.0
0.0
0.229963
1.0
0.366227

0.550139
0.320367
0.146567
-0.074007
0.297569
1.0
0.996044
0.086081
0.018974
0.0
0.0
0.0
0.0
0.0
0.401685
0.011941
0.0
0.049451
1.0
0.787326

0.723628
0.369092
-0.014094
-0.049408
0.092401
1.0
0.831868
0.354213
0.0
0.0
0.0
0.061172
0.0
0.0
0.295751
0.0
0.0
0.230696
0.848864
1.0

0.097153
0.457103
0.012508
-0.135026
0.297569
1.0
1.0
0.188938
0.001392
0.0
0.009011
-0.065153
0.0
0.0
0.16022
0.0
0.0
0.949157
0.668059
0.862637

0.234644
0.395924
0.183715
-0.015001
0.193695
1.0
1.0
0.0
-0.000606
0.018388
0.0
0.154177
0.0
0.0
0.185128
0.0
0.0
0.159927
0.661319
0.389084

0.848683
0.239133
0.042105
-0.020325
0.447841
1.0
0.637875
0.08022
-0.01071
0.0
0.0
0.142051
0.0
0.0
0.031868
0.0
0.0
1.0
0.518315
0.975165

0.723628
0.487481
0.039869
-0.148777
0.305535
1.0
1.0
0.08022
0.0
0.014286
0.0
-0.098505
0.0
0.0
0.257216
0.0
0.0
0.307766
1.0
0.310843

0.794226
0.341437
-0.207161
0.180616
0.63194
1.0
0.655165
0.017802
0.0
0.0
0.011648
0.137802
0.0
0.0
0.045348
0.0
0.010476
0.266593
0.214725
1.0

0.148153
0.239133
0.119698
-0.153156
0.377647
1.0
0.462637
0.159927
-0.121022
0.00696
0.014872
0.068791
0.0
0.0
0.043297
0.0
0.0
0.604762
1.0
1.0

0.053336
0.370574
0.05815
-0.095028
0.354711
1.0
1.0
0.125348
0.0
0.005495
0.001685
-0.050352
0.0
0.0
0.06967
0.0
0.0
0.080513
0.954359
0.705568

0.580048
0.452291
0.278735
-0.143866
0.63194
1.0
1.0
0.31011
-0.007504
0.0
0.0
0.061758
0.0
0.0
0.065275
0.0
0.0
0.921978
1.0
1.0

0.676218
0.487481
0.129232
0.016302
0.479593
1.0
0.647253
0.410183
0.0
0.0
0.0
-0.071029
0.0
0.0
-0.139331
0.0
0.047985
0.221172
0.385861
0.848864

0.840603
0.621622
0.119698
0.205721
0.10727
1.0
0.346886
0.069377
-0.06466
0.0
0.014872
0.142051
0.0
0.0
0.0
0.0
0.0
0.529744
1.0
0.742784

0.733438
0.418369
0.017183
0.262127
0.305535
1.0
0.612234
0.086081
-0.041547
0.0
0.0
0.0
0.0
0.0
0.059414
0.0
0.011941
0.457656
0.29707
0.734286

0.005089
0.584513
0.218948
0.011745
0.0
1.0
1.0
0.103663
0.0
0.0
0.0
0.120513
0.0
0.0
0.065275
0.0
0.004322
0.619561
0.742784
0.67685

