x
Left

0.997298
-0.976585
-0.183569
0.0
-0.676577
1.0
1.0
1.0
0.367106
1.0
1.0
0.928571
0.978974
0.978974
1.0
0.65956
0.65956
0.657216
0.99978
0.99978

0.965375
-1.438063
-0.229784
-0.000761
-0.993409
1.0
1.0
0.873773
0.274505
1.0
1.0
0.915531
0.789377
0.789377
0.99978
0.919487
0.919487
0.600366
0.99978
0.99978

0.824569
-1.091587
0.0
0.0
-0.12148
1.0
1.0
1.0
0.539707
1.0
1.0
1.0
0.879048
0.879048
1.0
0.937656
0.937656
0.710256
0.99978
0.99978

0.254981
-0.076055
-0.124076
0.0
0.0
1.0
1.0
0.240806
0.346886
1.0
1.0
1.0
0.695898
0.648718
1.0
1.0
0.69326
0.567985
1.0
0.951722

1.0
-0.343856
0.0
-0.140375
0.022772
1.0
1.0
1.0
0.349231
0.850037
1.0
0.9737
0.978462
1.0
1.0
1.0
1.0
0.698828
1.0
1.0

0.859824
0.108572
-0.164993
-0.214995
0.0
1.0
1.0
1.0
0.217656
1.0
0.735165
1.0
0.954066
1.0
1.0
1.0
0.65956
0.970769
1.0
1.0

0.327193
-0.202347
-0.055058
-0.139885
-0.139916
1.0
1.0
0.0
0.620147
1.0
1.0
0.970769
0.789377
1.0
0.99978
0.522564
1.0
0.72022
1.0
0.908645

-0.229975
-0.05601
-0.229784
0.0
-0.474604
1.0
1.0
0.38293
0.258828
0.850037
1.0
0.902051
1.0
1.0
1.0
1.0
1.0
0.714945
1.0
1.0

-0.049447
-0.133441
0.0
0.0
0.124432
1.0
1.0
0.235238
0.385275
0.464689
0.378242
1.0
0.981612
0.998608
1.0
0.729304
0.812527
0.600366
0.999194
1.0

1.0
-0.452372
-0.079009
0.0
-0.12148
1.0
1.0
0.170476
0.346886
1.0
0.691502
1.0
0.661026
1.0
1.0
1.0
1.0
0.285934
0.99978
1.0

0.184438
-0.229932
0.0
0.0
0.0
1.0
1.0
0.06381
0.669231
1.0
1.0
1.0
1.0
0.831575
1.0
0.937656
0.46674
0.806374
0.997729
1.0

0.327193
-0.418209
0.0
-0.481448
0.200814
1.0
1.0
0.516264
0.17788
0.166667
0.535897
1.0
0.981612
0.978974
1.0
1.0
0.581612
0.970769
0.916557
1.0

1.0
-0.229932
-0.079009
0.0
-0.145902
1.0
1.0
0.873773
0.618242
1.0
0.535897
1.0
0.88315
0.966081
0.507326
1.0
0.46674
0.639634
1.0
1.0

0.735763
-0.553706
-0.029274
-0.140375
0.0
1.0
1.0
0.0
0.563443
0.852381
0.464689
0.676996
1.0
0.998315
1.0
1.0
1.0
1.0
1.0
0.811648

1.0
-0.15262
-0.108661
-0.124169
-0.05223
1.0
1.0
0.565495
0.121604
1.0
1.0
0.820879
0.648718
0.9063
1.0
1.0
1.0
0.927399
1.0
1.0

0.335133
-0.37695
0.0
0.0
-0.415769
1.0
1.0
0.330769
0.47304
0.992527
0.831282
1.0
0.94293
1.0
0.72315
1.0
1.0
0.65282
1.0
1.0

1.0
-0.628929
0.0
-0.189375
-0.260971
1.0
1.0
0.224689
0.268938
0.691502
0.632308
0.902051
0.838901
1.0
0.616777
0.69326
1.0
1.0
1.0
1.0

0.825558
-0.976585
0.0
0.011705
0.0
1.0
1.0
0.0
0.349231
0.905421
1.0
1.0
0.648718
0.862051
0.892234
1.0
1.0
0.761978
1.0
0.944689

