3
Left

0.996864
0.418538
-0.333851
0.0
0.0
0.0
-0.286602
-0.1875
0.092821
0.0
0.0
0.370916
0.0
0.0
1.0
1.0
1.0
1.0
1.0
1.0

0.800855
0.443475
-0.217508
0.0
0.017072
0.0
-0.180548
-0.124127
0.0
0.0
0.0
0.341612
0.0
0.0
1.0
1.0
1.0
0.97729
1.0
1.0

0.598971
0.245726
-0.220462
0.0
0.0
0.0
-0.104546
-0.071876
0.002271
0.0
0.0
0.027179
0.0
0.0
1.0
1.0
1.0
1.0
1.0
1.0

0.551931
0.458355
-0.177534
0.0
0.017318
0.249264
0.016337
-0.018305
0.038022
0.0
0.0
0.341612
0.0
0.0
1.0
0.999487
1.0
0.93033
0.634799
1.0

0.605109
0.113357
-0.302441
0.05798
0.0
0.253339
0.0
-0.073532
-0.087153
0.0
0.0
0.039194
0.0
0.0
1.0
1.0
1.0
0.899854
1.0
0.515678

0.061069
0.155836
-0.581508
0.0
0.222806
0.0
0.0
-0.0809
0.130623
0.0
0.028938
0.244908
0.0
0.0
1.0
0.80022
1.0
1.0
0.634066
1.0

0.566269
0.283306
-0.236671
-0.031702
0.123798
0.0
0.0
0.0
0.059121
0.0
0.0
0.194799
0.0
0.0
0.836557
1.0
1.0
0.62967
1.0
0.53033

-0.342663
0.424111
0.114142
0.023517
0.0
0.561426
-0.165134
-0.099098
-0.089603
0.0
0.0
0.068205
0.0
0.0
1.0
0.999487
1.0
0.415165
1.0
0.998901

0.517068
0.211113
-0.054673
0.0
0.017318
0.015811
-0.069389
-0.031875
-0.251961
0.0
0.0
0.192161
0.0
0.0
1.0
1.0
1.0
0.739854
1.0
1.0

-0.725646
0.24174
-0.434987
0.0
0.006274
0.0
0.0
-0.016698
0.067326
0.028938
0.008425
0.010769
0.0
0.0
1.0
1.0
1.0
0.844762
1.0
1.0

0.566269
0.155836
-0.001174
0.0
0.34736
0.0
-0.165134
0.0
0.015165
0.0
0.0
0.0
0.0
0.0
1.0
1.0
0.970183
0.454725
1.0
0.645934

0.180692
-0.225972
0.031607
0.0
0.0
0.0
-0.104546
-0.080538
0.034799
0.0
0.0
0.188645
0.0
0.0
0.952894
0.827179
1.0
0.920366
1.0
0.827179

0.339913
0.113357
-0.236671
0.044317
0.0
0.0
-0.33113
0.0
0.018974
0.0
0.0
0.0
0.0
0.0
0.732234
0.705275
1.0
0.97729
0.997729
0.997729

0.385608
0.231449
-0.404161
0.119806
0.0
0.0
-0.109044
0.0
0.049744
0.0
0.0
0.173407
0.0
0.0
1.0
0.803883
1.0
0.530037
1.0
0.952894

0.180692
0.245726
-0.300862
0.104708
0.237813
0.253339
0.0
-0.071876
0.008132
0.0
0.0
0.0
0.0
0.0
0.952894
1.0
0.675824
0.690916
0.997729
0.998901

0.295314
0.214891
-0.360563
0.042477
0.25946
0.0
0.081099
-0.087595
0.0
0.0
0.0
0.008718
0.0
0.0
1.0
1.0
1.0
0.97729
0.872601
1.0

0.126558
0.104543
-0.318811
0.026791
0.213653
0.542563
-0.187484
-0.02596
0.118168
0.0
0.0
0.192161
0.0
0.0
0.849744
1.0
0.886081
0.903663
1.0
1.0

0.447284
0.296445
0.238343
-0.041169
0.006274
0.0
-0.180548
0.0
0.028645
0.0
0.0
0.48696
0.0
0.0
1.0
0.593919
1.0
0.739854
1.0
1.0

