5
Left

0.098509
0.356986
0.142753
-0.174569
-0.526444
0.0
-0.024265
-0.004741
-0.034381
0.0
0.0
0.0
0.0
0.0
-0.030085
0.0
0.0
-0.042819
0.0
0.0

-0.119736
0.548231
0.215862
-0.125721
-0.517791
0.023342
0.0
0.0
-0.038074
0.0
0.0
-0.017375
0.0
0.0
-0.05687
0.0
0.0
-0.065964
0.0
0.0

-0.0041
0.475357
0.152833
-0.213788
-0.577161
0.141669
0.0
0.0
-0.051086
0.0
0.0
-0.008115
0.0
0.0
-0.045167
0.0
0.0
-0.055636
0.0
0.0

0.216933
0.414938
0.058342
-0.305987
-0.526444
0.483643
0.04652
0.0
-0.029629
0.0
0.0
-0.007222
0.0
0.0
-0.145746
0.0
0.0
-0.131069
0.0
0.0

0.695281
0.713704
-0.052944
-0.434189
-0.805021
0.212013
-0.024265
0.0
-0.058989
0.0
0.0
-0.016208
0.0
0.0
-0.044129
0.0
0.0
-0.039398
0.0
0.0

0.186361
0.463675
0.16998
-0.390685
-0.91941
0.0
0.006667
0.0
0.018974
0.023077
0.0137
-0.008024
0.0
0.0
0.0
0.0
0.0
-0.054907
0.0
0.0

-0.0041
0.337756
0.303044
-0.117661
-0.219647
0.067843
0.018388
0.0
0.0
0.0
0.0
0.014286
0.0
0.0
-0.145746
0.0
0.004615
-0.054907
0.0
0.0

0.043068
0.438949
0.192897
0.037768
-0.37368
0.244687
-0.017041
0.0
-0.034381
0.023077
0.0
0.0
0.0
0.0
-0.048425
0.0
0.0
0.040952
0.001685
0.0

0.753229
0.910585
0.062948
-0.617057
-0.923473
0.128372
0.0
0.004615
-0.103463
0.0
0.007253
0.0
0.0
0.0
-0.095442
0.006374
0.0
0.0
0.0
0.0

0.356805
0.221984
-0.054957
-0.224696
-1.236534
0.395629
0.042125
-0.07357
-0.024251
0.0
0.0
-0.099544
0.0
0.0
0.0
0.0
0.0
-0.121387
0.0
0.0

0.141519
0.766332
0.063966
-0.175684
-0.746672
0.173477
0.0
0.0
-0.086288
0.0
0.0
-0.013474
0.0
0.0
-0.173262
0.0
0.0
0.0
0.0
0.0

0.695281
0.698351
0.062948
-0.116648
-0.692578
0.254301
0.060879
-0.016213
-0.067182
0.0
0.005495
-0.008024
0.0
0.0
0.0
0.0
0.0
-0.04029
0.0
0.0

0.604531
0.57738
-0.098331
-0.467211
-0.802573
0.078538
0.0
0.011941
-0.053167
0.0
0.0
-0.090467
0.0
0.0
-0.127569
0.023956
0.0
0.0
0.010769
0.0

0.137922
0.375453
-0.022206
-0.320289
-1.057317
0.183298
-0.024265
0.0
-0.074402
0.0
0.0
0.0
0.0
0.0
0.0
0.0
0.025714
-0.091934
0.0
0.0

0.527062
0.337756
-0.054957
-0.732288
-0.923473
0.483643
0.0
-0.155456
0.018974
0.0
0.0
-0.008085
0.0
0.0
0.0
0.0
0.0
-0.131069
0.0
0.0

0.405513
0.713704
0.226136
-0.011103
-0.493851
0.146693
0.04652
0.0
-0.008798
0.0
0.0
-0.057099
0.007839
0.0
-0.055837
0.004615
0.004615
0.0
0.0
0.0

0.137922
0.445598
0.184257
-0.320289
-0.728454
0.0
0.0
0.001685
-0.075586
0.0
0.0
-0.090114
0.0
0.0
-0.149483
0.0
0.0
-0.204543
0.0
0.001685

0.653953
0.677355
0.27396
-0.434902
-0.065508
0.497625
-0.017041
0.0
-0.056448
0.0
0.0
-0.007222
0.0
0.0
-0.164988
0.0
0.0
0.0
0.001685
0.0

