7
Left

0.949288
0.614227
0.063119
0.081349
-0.193829
1.0
0.638608
0.161392
-0.127443
0.0
0.0
0.0
0.0
0.0
0.676264
1.0
1.0
0.058242
0.0
0.0

0.664543
0.69651
0.006781
0.036145
-0.252382
1.0
0.306593
0.0
-0.166596
0.0
0.0
0.0
0.0
0.0
0.777949
1.0
1.0
0.035678
0.0
0.0

0.597317
0.529758
-0.008276
0.0
-0.161905
1.0
0.207692
0.319634
-0.109704
0.0
0.0
0.0
0.0
0.0
1.0
1.0
1.0
0.01663
0.0
0.0

0.596093
0.542572
0.129076
-0.023366
-0.065115
1.0
0.298974
0.0
0.0
0.0
0.0
0.060879
0.0
0.0
0.640659
1.0
1.0
0.013993
0.0
0.0

0.597317
0.512927
0.236512
0.0
-0.030423
1.0
1.0
1.0
0.0
0.0
0.0
0.069377
0.001978
0.0
0.568864
1.0
1.0
0.0
0.0
0.0

0.32935
0.416411
0.054769
-0.078549
-0.10586
1.0
1.0
0.310843
-0.01817
0.0
0.0
0.0
0.0
0.0
0.648132
0.491062
1.0
0.047692
0.108938
0.0

0.777425
0.643406
-0.645691
0.421509
-0.11812
1.0
1.0
0.0
-0.120515
0.0
0.0
0.133407
0.0
0.0
0.357143
1.0
0.267619
0.002564
0.0
0.0

0.811665
0.335454
0.128973
0.185715
-0.030423
1.0
1.0
0.079048
-0.166596
0.0
0.0
0.242271
0.0
0.0
0.850623
1.0
1.0
0.00696
0.0
0.0

0.933967
0.224074
0.131599
0.109496
-0.117718
1.0
0.899267
0.339267
0.0
0.0
0.0
0.277729
0.0
0.0
0.256777
1.0
1.0
0.037436
0.06
0.0

1.0
0.348727
-0.088633
0.009098
-0.058599
1.0
1.0
0.019853
-0.037869
0.0
0.0
0.00989
0.0
0.0
0.270403
1.0
1.0
0.030403
0.0
0.0

0.627881
1.389267
0.222236
0.454066
0.036837
1.0
1.0
0.278022
-0.068455
0.0
0.0
0.060879
0.0
0.0
0.065275
1.0
1.0
0.0
0.0
0.0

0.740871
0.481119
-0.008276
0.183438
-0.199469
1.0
0.441538
0.339267
-0.113924
0.0
0.0
-0.120149
0.0
0.0
0.828059
1.0
0.765934
0.047692
0.0
0.0

0.684021
0.729005
0.009941
0.180196
-0.348473
1.0
1.0
0.010769
0.0
0.0
0.0
-0.062344
0.0
0.0
0.777949
0.899853
1.0
0.002271
0.0
0.013114

0.610058
0.694437
0.151991
0.227384
-0.065115
1.0
0.606227
0.0
0.03978
0.0
0.0
0.033626
0.0
0.0
0.246081
0.688571
1.0
-0.019583
0.035092
0.0

0.69382
0.534979
0.879041
0.0
-0.199469
1.0
0.764762
0.0
-0.127443
0.0
0.0
0.0
0.0
0.0
0.151136
0.999487
1.0
0.056484
0.0
0.0

0.83782
0.348727
0.084145
-0.023366
-0.294633
1.0
0.298974
0.0
0.023663
0.0
0.0
0.033626
0.0
0.0
0.24022
0.660147
1.0
0.05326
0.0
0.0

1.0
0.306852
0.131599
0.03016
-0.1261
1.0
1.0
0.0
0.0
0.0
0.0
-0.0199
0.0
0.0
1.0
1.0
0.491062
0.0
0.010183
0.0

0.597317
-0.072272
0.006781
0.037653
-0.137328
1.0
0.351575
0.037729
-0.01817
0.0
0.0
0.149963
0.0
0.0
0.183956
0.839487
1.0
0.00696
0.0
0.024542

