bent_v
Left

0.600097
0.46314
-0.296992
0.0
0.080039
1.0
0.764469
0.834799
-0.02317
1.0
1.0
-0.025077
0.804322
0.804322
1.0
1.0
1.0
0.907326
1.0
1.0

0.579942
0.460481
-0.217111
0.0
0.143622
1.0
0.424396
0.669231
0.0
1.0
1.0
0.0
0.999414
0.999414
1.0
1.0
1.0
0.711722
1.0
1.0

0.514867
0.450356
-0.320757
0.0
0.0
1.0
0.313773
0.869963
0.0
1.0
1.0
0.0
0.729304
0.729304
1.0
1.0
1.0
1.0
1.0
1.0

0.653299
0.248868
-0.225959
0.0006
0.143622
1.0
0.407986
0.14337
0.052088
1.0
1.0
0.0
0.66718
0.625861
0.63011
1.0
1.0
1.0
0.781758
1.0

0.811844
0.441588
-0.368849
0.0
-0.166758
1.0
1.0
0.089011
0.275092
1.0
1.0
-0.074363
1.0
0.376923
0.42044
1.0
1.0
0.489597
1.0
1.0

0.17441
0.34305
-0.282061
0.0
0.282068
1.0
0.313773
0.206813
-0.104096
1.0
1.0
0.001978
0.588645
0.550696
0.916264
1.0
1.0
0.581319
1.0
1.0

0.607324
0.597481
-0.275376
0.0
0.352312
1.0
0.764469
0.0
-0.032104
1.0
1.0
-0.028878
0.461465
0.376923
1.0
1.0
1.0
0.929451
0.848278
1.0

0.313188
0.546008
-0.199551
-0.080001
-0.425155
1.0
0.34044
1.0
-0.156599
1.0
1.0
-0.087784
0.998022
0.96696
0.788205
1.0
1.0
0.711722
1.0
1.0

0.653299
0.248868
-0.247572
0.0
-0.023641
1.0
0.688865
0.0
0.08022
0.876117
1.0
0.0
0.99978
0.813553
0.605055
1.0
1.0
0.617949
1.0
0.99978

0.137498
0.176987
-0.165042
0.169882
0.143622
1.0
0.692088
0.039487
0.023782
1.0
1.0
-0.408642
1.0
0.47685
0.897216
1.0
1.0
0.405495
0.99978
1.0

0.303714
0.449603
-0.26881
0.0
0.0
1.0
0.300586
1.0
0.275092
1.0
0.753333
-0.124815
0.617363
1.0
1.0
0.907766
1.0
1.0
1.0
0.999487

0.339256
0.407409
-0.540715
0.0
0.051963
1.0
1.0
0.470843
0.112194
1.0
1.0
0.020147
0.859121
1.0
1.0
1.0
1.0
0.523443
1.0
1.0

0.263186
0.645802
-0.024905
0.0
0.250196
1.0
0.546447
0.089011
0.045641
1.0
1.0
-0.042592
1.0
0.729304
0.962271
1.0
1.0
1.0
0.999194
0.998901

0.605861
-0.002797
-0.148073
0.03246
0.624982
1.0
0.663663
0.168425
0.00782
1.0
1.0
-0.371101
1.0
0.99978
0.788205
1.0
1.0
1.0
1.0
1.0

0.607324
0.377169
-0.074698
-0.080001
0.700257
1.0
1.0
1.0
0.052088
1.0
1.0
0.0
0.617363
0.598022
0.519194
1.0
1.0
1.0
0.997729
1.0

0.5595
0.405865
-0.368849
0.018389
0.0
1.0
0.257509
0.14337
0.016278
1.0
1.0
0.0
0.66718
0.598022
0.728425
1.0
1.0
0.886374
0.999194
1.0

0.579942
0.346005
0.038283
0.003385
0.483693
1.0
0.905714
0.208132
0.0
0.99978
0.937509
-0.122232
0.34967
1.0
1.0
1.0
1.0
0.696777
0.889597
1.0

0.83697
0.273663
-0.167582
0.058089
0.0
1.0
1.0
0.161099
0.086667
0.672747
1.0
0.020147
0.810769
0.588645
0.42044
1.0
1.0
0.754799
1.0
0.781758

