bent_1
Left

0.630758
0.112605
0.0
0.0
0.0
1.0
0.487253
1.0
0.31641
1.0
1.0
1.0
1.0
1.0
1.0
1.0
1.0
1.0
1.0
1.0

0.679247
0.131407
0.0
0.0
0.0
1.0
0.724322
1.0
0.127394
1.0
1.0
1.0
1.0
1.0
1.0
1.0
1.0
1.0
1.0
1.0

0.753626
0.034092
0.0
0.0
0.000251
1.0
0.621172
1.0
0.222259
1.0
1.0
1.0
1.0
1.0
1.0
1.0
1.0
0.999707
1.0
1.0

0.675647
0.018759
0.0
0.0
-0.238213
1.0
1.0
0.762711
0.181905
0.899854
0.254286
1.0
1.0
1.0
1.0
1.0
1.0
0.928864
1.0
0.99978

0.82549
-0.271376
-0.119591
0.0
-0.206649
1.0
1.0
1.0
0.108352
0.973113
0.827326
1.0
1.0
0.999194
1.0
1.0
1.0
0.9937
1.0
0.638462

0.638978
0.211232
0.0
-0.094053
0.0
1.0
0.160952
0.091355
0.118845
0.714945
0.41663
0.956703
1.0
1.0
0.565788
1.0
1.0
0.996557
1.0
1.0

0.452193
0.266447
-0.271303
0.0
-0.238213
1.0
0.457656
1.0
0.127394
1.0
1.0
0.68989
1.0
1.0
1.0
1.0
0.999194
0.78674
0.997729
0.999487

0.76994
0.067143
-0.138247
0.116687
0.095144
0.673909
0.534432
0.658974
0.31641
0.748351
1.0
0.813407
1.0
1.0
1.0
1.0
1.0
0.99978
1.0
1.0

0.519248
0.208059
-0.119591
-0.094053
0.080824
1.0
0.070256
1.0
0.11304
0.653407
0.590403
1.0
1.0
0.998022
1.0
1.0
1.0
0.818095
0.909524
1.0

0.759497
0.211232
0.0
0.0
0.0
1.0
0.920952
0.091355
0.108352
1.0
1.0
1.0
0.998315
0.926813
1.0
1.0
1.0
0.721392
0.747473
1.0

0.66775
0.11829
0.0
0.0
-0.158481
1.0
1.0
0.878608
0.08677
1.0
0.424835
0.966081
1.0
1.0
1.0
1.0
1.0
0.953114
1.0
0.998901

0.604088
0.293491
0.0
-0.193973
0.816842
1.0
0.617656
1.0
0.299414
1.0
0.99978
1.0
1.0
0.998315
0.961978
1.0
1.0
0.965201
1.0
1.0

0.555894
-0.219076
0.0
0.0
0.054577
1.0
0.160952
0.671575
0.31641
1.0
1.0
1.0
0.99978
1.0
0.565788
1.0
0.999487
0.819267
1.0
1.0

0.773288
-0.334063
0.0
0.0
-0.158481
1.0
1.0
0.081978
0.11304
0.349817
1.0
1.0
1.0
1.0
0.867326
1.0
1.0
0.998022
0.999487
0.747473

0.806154
0.211278
-0.080899
0.0
0.516584
1.0
1.0
0.857216
0.013407
1.0
1.0
1.0
1.0
1.0
0.875092
1.0
1.0
0.959048
1.0
1.0

0.85383
0.311202
0.0
0.0
0.015276
1.0
0.830257
0.356264
0.139126
0.254286
0.424835
1.0
1.0
1.0
1.0
1.0
1.0
1.0
1.0
1.0

0.623358
0.561813
0.0
0.0
0.044478
1.0
0.303223
0.024542
0.114945
0.794652
1.0
1.0
0.998608
1.0
1.0
0.999487
1.0
0.402125
0.99978
1.0

0.922758
0.099711
0.0
0.0
0.220141
1.0
0.74044
0.0
0.157582
0.41663
0.254286
1.0
1.0
1.0
0.723736
1.0
1.0
0.671282
0.99978
1.0

