bent_l
Left

0.837614
0.17376
0.0
0.0
0.17524
0.114086
0.0
0.0
0.003736
1.0
1.0
1.0
1.0
1.0
1.0
1.0
1.0
0.677729
1.0
1.0

1.0
0.099228
0.0
0.0
-0.184642
0.0
-0.151707
-0.104298
0.017216
1.0
1.0
1.0
1.0
1.0
1.0
1.0
1.0
0.218388
1.0
1.0

0.942364
-0.133571
0.0
0.0
0.0
0.0
-0.189506
-0.130285
0.460293
1.0
1.0
1.0
1.0
1.0
1.0
1.0
1.0
1.0
1.0
1.0

0.469059
-0.162574
-0.139652
0.0
0.091483
0.0
-0.344717
0.0
0.155531
1.0
1.0
1.0
0.999194
1.0
0.87348
1.0
0.72315
1.0
0.874652
1.0

0.968499
0.293563
-0.322943
-0.086269
0.0
0.181265
0.0
0.114556
0.003736
1.0
0.05033
1.0
1.0
0.99978
1.0
0.999487
0.640659
1.0
0.64022
0.999487

0.679871
-0.036173
-0.139606
0.0
0.260814
0.0
-0.363636
-0.121674
0.527399
0.630256
0.99978
0.898242
1.0
1.0
1.0
0.649744
1.0
1.0
1.0
1.0

1.0
-0.162574
-0.000353
0.0
-0.217551
0.0
0.0
0.300898
0.467619
1.0
1.0
1.0
0.940586
1.0
1.0
0.72315
1.0
1.0
0.850476
1.0

-0.017776
0.259432
0.443256
0.443107
-0.173054
0.001512
0.052088
0.0
0.0
0.05033
0.05033
0.99978
1.0
1.0
0.86
1.0
1.0
1.0
1.0
0.999487

-0.002284
0.265038
0.0
0.049799
0.0
0.060743
-0.363636
-0.036456
0.14
1.0
1.0
0.196117
1.0
1.0
0.716703
1.0
0.987839
0.997143
1.0
1.0

0.877717
0.555042
0.0
-0.085633
-0.122682
0.138063
-0.276229
0.0
0.460293
0.565202
0.849451
1.0
0.999194
1.0
1.0
0.815311
1.0
0.213075
1.0
1.0

0.837614
0.235124
-0.082099
-0.082372
-0.184642
0.0
-0.16471
-0.036029
0.048667
1.0
0.082857
0.196117
1.0
1.0
1.0
1.0
1.0
0.27304
0.99978
0.999487

0.469059
0.183358
0.0
-0.232292
0.0
0.114086
0.0
0.0
0.0
0.168571
0.649744
1.0
1.0
0.998901
0.81663
1.0
1.0
0.575165
1.0
1.0

0.837614
0.235124
-0.091563
0.0
0.001396
0.0
0.025714
-0.061287
0.475824
1.0
1.0
1.0
1.0
1.0
0.917436
1.0
0.875824
0.960879
0.999194
0.997729

0.002015
-0.161298
0.0
0.049799
0.0
0.0
-0.032952
-0.053814
0.0
1.0
1.0
1.0
1.0
1.0
1.0
1.0
0.72315
1.0
0.874652
0.850476

0.049556
0.316832
0.443256
-0.193472
0.225822
0.373931
0.0
-0.022766
0.47348
1.0
1.0
0.196117
0.998608
1.0
0.652381
0.72315
1.0
0.677729
1.0
0.997729

0.632159
-0.02333
-0.082099
-0.193472
0.260895
0.0
-0.25904
-0.1875
0.154066
0.210183
1.0
0.99978
1.0
1.0
1.0
1.0
1.0
1.0
0.997729
0.552161

-0.238933
0.134021
-0.545616
0.0
0.0
0.001512
-0.027157
-0.104298
0.094579
0.045641
0.69707
0.864689
0.998315
1.0
1.0
1.0
1.0
0.998022
1.0
0.704396

0.271331
-0.061382
-0.000253
0.0
-0.122682
0.040383
-0.019823
-0.092361
0.078169
1.0
0.565202
0.765934
1.0
0.998022
1.0
1.0
1.0
1.0
1.0
1.0

