curved_1
Left

0.358553
-0.073798
0.0
0.0
0.0
1.0
1.0
1.0
0.28696
0.226154
0.226154
1.0
1.0
1.0
1.0
1.0
1.0
1.0
1.0
1.0

0.422432
-0.109933
0.0
0.0
0.0
1.0
1.0
1.0
0.10588
0.196557
0.196557
1.0
1.0
1.0
1.0
1.0
1.0
1.0
1.0
1.0

0.384125
0.116104
0.0
0.0
0.0
1.0
1.0
1.0
0.072601
0.290623
0.290623
1.0
1.0
1.0
1.0
1.0
1.0
1.0
1.0
1.0

0.663191
-0.07012
0.0
0.0
0.422505
1.0
1.0
0.62
-0.159085
0.248278
0.559634
1.0
1.0
1.0
1.0
1.0
1.0
0.951136
1.0
1.0

0.614631
0.203813
-0.087441
0.0
0.210421
1.0
0.925934
1.0
0.056777
0.196557
0.326081
0.799927
1.0
0.99978
1.0
1.0
1.0
0.962711
1.0
1.0

0.961604
-0.378769
-0.066844
0.0
0.0
1.0
1.0
1.0
0.549817
0.119194
0.489304
1.0
0.059414
1.0
1.0
1.0
1.0
0.752161
1.0
1.0

0.262469
-0.240017
0.0
0.0
0.106964
1.0
1.0
0.452381
0.457949
0.264542
0.486081
1.0
1.0
0.998608
1.0
1.0
1.0
0.964322
1.0
1.0

0.555492
0.189545
0.0
0.0
0.210421
1.0
0.888425
0.634652
0.177509
0.119194
0.248278
0.767399
1.0
1.0
1.0
1.0
1.0
0.422637
1.0
0.85326

0.77985
0.138634
0.0
0.008873
0.102236
1.0
1.0
0.588205
0.258681
0.354799
0.650769
1.0
1.0
1.0
1.0
1.0
1.0
0.847546
1.0
1.0

-0.072234
0.116104
0.044164
0.0
0.326697
1.0
0.754212
0.247839
0.359487
0.348791
0.355678
1.0
1.0
0.998608
1.0
1.0
1.0
0.431575
1.0
0.85326

0.983107
-0.248956
-0.122903
0.0
0.0
1.0
1.0
0.634652
0.3
0.805495
0.291502
0.799927
1.0
1.0
1.0
1.0
1.0
0.775311
1.0
0.129744

1.0
0.229836
-0.057268
0.0
0.448659
1.0
1.0
1.0
0.218535
0.196557
0.485202
1.0
1.0
1.0
1.0
1.0
1.0
0.659854
1.0
1.0

0.555492
0.15654
0.0
0.0
0.037846
1.0
0.858242
1.0
0.162857
1.0
0.348791
1.0
0.998608
0.998022
0.493407
1.0
1.0
0.659854
1.0
1.0

1.0
0.87433
0.0
0.0
0.0
1.0
0.404176
0.711722
0.314652
0.646081
0.355678
1.0
1.0
0.999194
1.0
1.0
1.0
1.0
0.998901
1.0

-0.073273
-0.584239
-0.315178
0.0
0.326697
1.0
1.0
0.226447
-0.062768
0.489304
0.098388
1.0
0.998608
0.998608
1.0
1.0
1.0
0.847546
1.0
1.0

0.755933
0.396503
-0.122903
-0.032394
-0.068468
1.0
1.0
0.469231
0.046227
0.488718
0.474359
0.743663
1.0
1.0
1.0
1.0
1.0
1.0
1.0
0.580586

0.92943
-0.003597
0.158573
0.0
-0.270979
1.0
1.0
0.08696
0.047692
0.401392
0.720806
1.0
0.998608
1.0
0.870256
1.0
1.0
0.976337
0.69326
1.0

0.555492
0.229836
0.0
0.0
0.0
1.0
1.0
1.0
0.162857
1.0
0.552601
1.0
0.998608
1.0
1.0
0.851795
1.0
0.961538
0.997729
1.0

