curved_4
Left

0.334682
0.390521
-0.177171
-0.172952
-0.246179
1.0
1.0
0.675385
0.0
0.256337
0.256337
0.330769
0.099267
0.099267
0.0
0.011062
0.011062
0.040952
0.0
0.0

0.302937
0.350698
-0.210886
-0.287087
-0.536859
1.0
1.0
0.406813
0.065568
0.159927
0.159927
0.346593
0.06967
0.06967
0.0
0.0
0.0
0.132088
0.0
0.0

0.464254
0.570075
-0.180653
0.361105
0.108841
1.0
1.0
0.0
-0.02431
0.674213
0.674213
0.315824
0.147033
0.147033
0.0
0.0
0.0
0.0
0.0
0.0

0.305943
1.061178
-0.398685
0.073647
-0.204628
1.0
1.0
0.527253
-0.100809
0.45707
1.0
-0.16334
0.258095
0.659561
0.3337
0.698388
1.0
0.0
0.223517
0.419267

0.490373
0.345941
0.268154
-0.250337
0.024787
1.0
0.916264
1.0
0.017249
0.99978
0.674213
-0.078681
0.813407
0.999414
-0.150595
0.894286
0.5737
0.013407
0.722857
0.750696

0.777033
0.101874
-0.079082
-0.1944
-0.524057
1.0
1.0
0.330476
-0.087751
1.0
0.753773
-0.015649
0.688865
0.547619
-0.024926
0.946447
1.0
0.055604
0.699414
0.174286

0.281987
0.347026
0.029158
-0.413111
-0.133311
1.0
1.0
1.0
0.138388
0.760952
1.0
-0.136535
0.943663
0.800806
0.0
0.314359
0.163883
-0.00123
1.0
0.419267

0.950782
0.420493
0.139234
-0.1944
-0.657907
1.0
1.0
0.696484
-0.128719
1.0
1.0
-0.061911
0.288571
0.90044
0.083443
0.999194
0.772967
0.066447
0.223517
0.337949

0.54485
0.423156
0.312517
0.211801
-0.304737
1.0
1.0
0.292381
0.065275
1.0
0.770623
-0.310045
0.42337
0.644322
0.001392
1.0
0.698388
0.020733
0.369158
0.107179

0.490373
0.193231
-0.028599
-0.332518
0.751114
1.0
1.0
0.696484
-0.079998
1.0
1.0
0.022579
1.0
0.630549
0.396996
0.695311
0.595678
0.07804
0.464396
0.064982

0.455809
0.219291
-0.104908
-0.053147
-0.304737
1.0
1.0
0.668938
-0.039079
1.0
1.0
-0.078681
0.147033
1.0
-0.116335
0.316996
1.0
0.011648
0.068498
0.0

0.797594
0.424274
-0.007725
0.152531
-1.073457
1.0
1.0
0.360366
-0.010721
1.0
0.976337
-0.265545
0.879048
0.376484
-0.173697
0.772967
0.698388
0.0
0.664249
0.0

0.625501
0.347693
-0.108809
-0.1944
-0.376394
1.0
1.0
0.696484
0.006374
1.0
1.0
-0.118965
0.35011
0.999414
-0.214385
0.233187
1.0
0.22674
0.107179
0.118022

0.61068
0.542133
0.029158
-0.521595
-0.120993
1.0
1.0
0.0
-0.010721
1.0
1.0
-0.145727
0.391136
0.42337
0.130632
1.0
0.233773
0.015751
0.392308
0.876117

-0.427799
0.174437
-0.103431
-0.233072
-0.495126
1.0
0.983956
0.966667
0.115971
1.0
1.0
-0.271451
0.258095
0.527985
0.083443
0.695311
1.0
0.026593
0.722857
0.03011

0.640074
0.434853
0.05871
0.211801
-0.524057
1.0
1.0
1.0
-0.02745
1.0
1.0
-0.102243
0.99978
1.0
0.0
0.295018
1.0
0.039487
0.025421
0.235531

0.061966
0.621372
-0.262262
-0.287087
-0.642301
1.0
1.0
0.406813
0.017249
1.0
1.0
-0.265545
0.99978
1.0
0.181172
0.135751
0.765934
0.0
1.0
0.163443

0.753053
0.352335
-0.028599
-0.292664
-0.266421
1.0
1.0
0.675385
-0.165218
1.0
1.0
-0.061911
0.068205
1.0
-0.013474
0.652088
0.999194
0.0
0.173407
0.225568

