curved_5
Left

0.807307
0.398566
-0.094132
-0.535422
-0.906699
0.845186
0.076703
0.014286
-0.050083
0.612381
0.612381
-0.193096
0.438901
0.438901
-0.057707
0.666007
0.666007
0.047399
0.023077
0.023077

0.670599
0.378963
-0.06015
-0.31044
-0.675208
0.800284
0.009597
0.0
-0.067768
0.307326
0.307326
-0.221743
0.327839
0.327839
-0.010995
0.284762
0.284762
0.0
0.126227
0.126227

0.655765
0.241744
0.122979
-0.330427
-0.610097
0.643536
0.001978
0.0
-0.022593
0.046227
0.046227
-0.073885
0.194506
0.194506
0.0
0.035971
0.035971
0.004322
0.0
0.0

0.782674
0.32688
0.134026
0.575854
-0.293333
1.0
0.479634
0.592161
0.338095
0.60315
0.723004
0.0
0.619267
0.422491
0.0
0.324615
0.234652
0.546447
0.0
0.028645

0.88117
0.508534
-0.030838
-0.157687
0.107678
0.734473
0.076703
0.009304
0.0
0.432747
0.181026
0.035385
0.368865
0.438901
0.030403
1.0
0.595092
0.038022
0.189817
0.062637

0.97265
0.33883
-0.091174
-0.342378
-0.181096
1.0
0.167839
0.088132
0.0
1.0
1.0
0.011376
0.425861
0.090476
0.0
0.284762
0.123883
0.040952
0.008718
0.164029

0.762054
0.296139
-0.155207
-0.22567
-0.045276
1.0
0.066447
0.583663
0.0
0.408132
0.134432
0.0
0.477143
1.0
0.138828
0.544396
0.225421
0.128132
1.0
0.059414

0.311241
0.758522
0.122979
0.128585
-0.877508
1.0
0.360073
0.014286
0.0
0.614725
0.278901
0.0
1.0
0.524762
0.0
0.74674
0.999194
0.162857
0.057363
0.205348

0.932903
-1.642334
0.026798
-0.317441
-0.417745
1.0
0.525641
1.0
0.011355
1.0
0.824835
0.0
0.524762
0.191282
0.544396
0.233187
0.328132
0.299121
0.279194
0.0

0.755104
0.356049
-0.245023
-0.33814
-1.033392
1.0
0.052088
0.583663
-0.067768
0.67011
0.158315
0.0
0.985421
0.268791
0.0
0.358022
0.210916
0.007839
0.0
0.165201

0.893794
0.195666
-0.030838
-0.142137
-0.906699
0.781239
0.212821
0.0
0.0
0.238608
0.258974
0.0
0.506447
0.509231
0.0
0.763297
0.061758
0.05619
0.176337
0.176337

0.779099
0.204974
0.122979
-0.065835
0.067666
0.866786
0.390256
0.140586
0.0
0.755678
0.702784
0.044762
0.438901
1.0
0.0
0.964762
1.0
0.104103
0.189817
0.668791

0.371421
0.139937
-0.053905
-0.013562
-0.227613
0.811077
0.413114
0.088132
0.0
0.786447
0.723004
0.0
0.422491
0.600952
0.0
0.170769
0.625568
0.128132
0.341319
0.0

0.703828
-0.092567
-0.170934
-0.095872
-0.250473
1.0
0.211502
0.0
0.0
0.392308
0.753626
0.0
0.44359
0.452088
0.011355
0.328132
0.295604
0.503663
1.0
0.668791

0.776521
-0.084729
-0.013777
-0.317441
-0.806103
0.781239
0.143223
0.0
0.035385
0.889011
1.0
0.002857
0.425861
0.176044
0.0
0.065568
0.595092
0.1863
0.0
0.866007

0.961696
0.120306
0.026798
-0.142137
-0.199069
0.643536
0.527106
0.005495
0.05179
0.698828
0.702784
0.0
0.422491
0.279634
0.0
0.595092
0.291795
0.052674
0.013993
0.126227

0.762054
0.399924
-0.026943
-0.287551
-0.600646
1.0
0.004322
0.0
0.0
0.464396
0.258681
0.0
0.432454
0.302051
0.0
0.263517
0.26044
0.081392
0.144103
0.544689

0.813632
0.378963
-0.037404
-0.075123
-0.245697
1.0
0.31641
0.583663
0.028938
0.753626
0.310256
-0.015517
0.749231
0.30967
0.048864
0.718462
0.324615
0.000513
0.341319
0.0

