e
Left

0.894653
0.059849
-0.068758
0.019733
0.049276
1.0
1.0
1.0
-0.009726
1.0
1.0
0.0
1.0
1.0
0.0
1.0
1.0
0.015458
1.0
1.0

0.880887
0.015
-0.104722
-0.02126
0.078361
1.0
1.0
1.0
0.004908
1.0
1.0
0.018681
1.0
1.0
0.0
1.0
1.0
0.061758
1.0
1.0

0.832216
0.083018
-0.081789
0.03701
0.050537
1.0
1.0
1.0
0.0
1.0
1.0
0.0
1.0
1.0
0.0
1.0
1.0
0.067033
1.0
1.0

0.401708
0.157669
-0.288512
0.115332
-0.099955
1.0
1.0
1.0
-0.150102
1.0
1.0
0.02392
0.99978
0.999487
0.031537
1.0
1.0
0.049744
0.541905
0.669817

1.0
-0.167123
-0.219194
-0.119749
-0.110131
1.0
1.0
1.0
-0.014948
1.0
0.99978
-0.043841
1.0
0.8137
0.0
1.0
1.0
0.0
1.0
1.0

1.0
-0.368956
-0.103764
-0.031202
-0.25021
1.0
1.0
1.0
-0.210616
1.0
1.0
-0.016431
1.0
0.998315
0.027606
0.572821
1.0
0.091941
0.731941
0.731941

0.78594
0.050928
-0.074555
0.044574
-0.025484
1.0
1.0
1.0
0.008425
1.0
1.0
0.0
1.0
0.78674
0.147619
0.708791
0.504835
0.039675
1.0
0.396996

0.30387
-0.017359
-0.141399
0.017292
0.334158
1.0
1.0
1.0
-0.210761
1.0
1.0
0.0
1.0
1.0
0.062579
0.652967
0.731795
0.092234
1.0
0.92696

0.362751
-0.326839
-0.089616
-0.031833
-0.375142
1.0
1.0
0.99685
-0.263044
1.0
1.0
-0.209248
1.0
1.0
0.419267
0.731795
1.0
0.12504
1.0
1.0

0.850453
0.083018
-0.139735
-0.240308
0.058242
1.0
1.0
0.729304
-0.135596
1.0
1.0
0.058242
0.998608
0.998608
0.001482
1.0
1.0
0.001194
0.999194
1.0

0.821591
0.492759
-0.141399
-0.109047
-0.232501
1.0
1.0
0.681538
0.115798
1.0
1.0
-0.016431
1.0
1.0
0.02095
0.999194
0.708791
0.044176
1.0
1.0

-0.332052
0.157669
-0.032134
-0.027613
0.048151
0.94083
1.0
1.0
0.026593
1.0
1.0
0.018681
0.8137
1.0
0.038901
1.0
1.0
0.039194
0.668645
1.0

0.997554
0.059849
-0.036445
-0.38378
-0.375142
1.0
1.0
1.0
-0.145445
1.0
1.0
-0.13172
1.0
1.0
0.035495
0.761245
0.841392
0.029524
1.0
1.0

1.0
0.157669
-0.074555
-0.370477
-0.430338
1.0
1.0
0.932967
0.123212
1.0
1.0
-0.020713
0.998022
0.998315
0.059707
1.0
1.0
0.102491
0.236117
0.247839

0.362751
0.11725
-0.052738
-0.017777
-0.099955
1.0
1.0
1.0
-0.210761
0.99978
1.0
-0.132166
1.0
1.0
0.078955
0.773846
0.933846
0.013645
0.530476
1.0

1.0
-0.196375
-0.103764
-0.01188
0.231078
1.0
1.0
1.0
0.058754
1.0
1.0
-0.016431
1.0
0.99978
-0.08304
1.0
1.0
0.091941
0.247839
1.0

0.844045
0.301551
-0.139735
-0.081183
-0.193704
1.0
1.0
1.0
-0.161576
1.0
1.0
-0.06339
0.872894
1.0
0.0
1.0
0.521685
0.102491
1.0
0.748645

-0.565644
0.152149
-0.217149
-0.341998
-0.08654
1.0
1.0
1.0
-0.038878
1.0
1.0
-0.149838
0.998022
1.0
0.264249
1.0
0.999194
0.21663
0.997729
1.0

