f
Left

0.855682
-0.231437
-0.324823
-0.563744
-0.849116
0.89117
0.0
0.0
0.421319
0.793773
0.793773
0.0
0.0
0.0
-0.092874
0.0
0.0
-0.161025
0.0
0.0

0.774502
-0.257854
-0.407127
-0.528687
-0.843258
0.825028
0.0
0.0
0.344249
0.399048
0.399048
0.0
0.0
0.0
-0.044741
0.0
0.0
-0.109711
0.0
0.0

0.788212
-0.585912
-0.352211
-0.401673
-0.800934
0.950493
0.0
0.0
0.357436
0.629084
0.629084
0.045934
0.0
0.0
-0.033032
0.0
0.0
-0.09416
0.0
0.0

0.892884
-0.011002
-0.166708
-0.186594
-0.434905
0.95227
0.052088
0.035092
0.4137
1.0
1.0
0.050916
0.0
0.0
-0.061642
0.000806
0.0
-0.133201
0.011941
0.017802

0.886282
-0.405391
0.679344
-0.327808
-0.071643
0.916632
0.210623
0.001099
0.204176
1.0
1.0
0.018974
0.0
0.0
-0.100639
0.0
0.0
-0.341386
0.0
0.0

0.880047
0.936366
0.440469
-0.306551
-0.674445
1.0
0.204762
0.308791
0.568718
1.0
0.897509
0.098388
0.018974
0.0
-0.085606
0.154359
0.0
-0.417188
0.0
0.0

0.753735
-0.492117
-0.135684
-0.104857
-0.804031
0.939848
0.039487
0.0
0.53033
1.0
1.0
0.064103
0.0
0.002564
0.188552
0.0
0.0
0.0
0.0
0.0

0.744707
-0.133378
0.440469
-0.528687
-0.063536
1.0
0.080806
0.001099
0.309377
1.0
0.629084
0.149102
0.0
0.027179
0.0
0.0
0.198022
-0.133201
0.0
0.001978

1.0
0.579923
0.044395
-0.283877
-0.70345
0.943455
0.010476
0.0
0.289744
1.0
0.334579
0.226958
0.016923
0.0
0.0
0.0
0.004908
-0.069344
0.0
0.0

0.77983
-0.011002
-0.017345
-0.113717
-0.433822
0.736246
0.079634
1.0
0.327253
0.701758
0.732821
0.183077
0.0
0.0
0.0
0.0
0.0
0.064982
0.0
0.0

0.828496
-0.667672
-0.324293
0.143593
-0.804031
0.976589
0.010476
0.343077
0.342051
1.0
1.0
0.07348
0.016923
0.0
0.0
0.0
0.0
-0.038146
0.0
0.008718

0.848716
0.012235
0.679344
-0.160438
-0.357779
0.928686
0.0
0.073187
0.412381
0.997656
0.817509
0.238022
0.0
0.018974
0.0
0.007546
0.0
-0.000553
0.0
0.083736

0.88086
0.001301
-0.158483
-0.467161
-0.507088
1.0
0.175311
0.035092
0.326667
0.348645
0.873626
0.0
0.0
0.0
-0.063061
0.0
0.0
-0.217806
0.0
0.0

0.871819
-0.420578
-0.423178
0.016461
-0.063536
1.0
0.0
0.369451
0.333407
1.0
0.8537
0.16696
0.0
0.0
0.014579
0.0
0.0
-0.25896
0.011941
0.179853

0.828496
-0.060266
-0.008769
-0.099203
-0.606303
0.556801
0.253993
0.358022
0.204176
1.0
1.0
0.031282
0.0
0.0
0.0
0.0
0.0
-0.132084
0.0
0.010476

0.695036
-0.405391
-0.259417
-0.313311
-0.6867
0.879313
0.267619
0.358022
0.529011
0.334579
0.515678
0.07348
0.004908
0.0
-0.038665
0.0
0.0
0.0
0.0
0.083736

0.71853
-0.255854
-0.039627
0.161997
-0.547454
0.918419
0.314652
0.158315
0.286667
0.360952
0.995385
0.072601
0.0
0.0
0.0
0.0
0.0
-0.039492
0.001978
0.0

1.0
-0.072414
-0.004311
0.080005
-1.012739
0.982844
0.964029
0.143956
0.354945
1.0
0.334579
0.06293
0.0
0.0
0.0
0.0
0.0
-0.129065
0.010476
0.052967

