flat_h
Left

0.936741
-0.011305
0.0
0.0
0.1279
1.0
1.0
1.0
0.641392
0.143809
0.143809
1.0
0.028059
0.028059
1.0
1.0
1.0
0.933553
1.0
1.0

0.981528
0.0
0.0
0.0
0.0
1.0
1.0
1.0
0.455458
0.052088
0.052088
1.0
0.0
0.0
1.0
1.0
1.0
1.0
1.0
1.0

0.895676
0.030285
0.0
0.0
0.0
1.0
1.0
1.0
0.66044
0.088718
0.088718
1.0
0.021905
0.021905
1.0
1.0
1.0
1.0
1.0
1.0

1.0
-0.595729
0.0
0.0
0.221199
1.0
1.0
0.156996
0.335165
0.058535
0.0
1.0
0.0
0.034505
0.877875
1.0
1.0
0.442564
1.0
1.0

0.294555
0.136435
-0.064257
0.0
0.402843
1.0
1.0
1.0
1.0
0.069084
0.052381
0.705568
0.032161
0.012234
0.484909
1.0
0.999194
0.812527
1.0
1.0

0.139919
0.0
0.0
0.0
0.331396
1.0
1.0
0.148205
1.0
0.158169
0.116264
0.678022
0.011355
0.0
1.0
1.0
1.0
0.80315
1.0
1.0

0.850424
0.0
0.0
0.0
0.350781
1.0
1.0
0.057363
1.0
0.171941
0.072015
0.844469
0.005788
0.005201
0.877875
1.0
1.0
1.0
0.999487
1.0

0.689473
0.0
0.0
0.132411
0.354255
1.0
1.0
0.422198
0.577363
0.083736
0.080513
1.0
0.021905
0.011355
1.0
1.0
1.0
1.0
1.0
0.999487

0.790307
-0.164513
-0.235535
0.054391
0.331671
1.0
1.0
0.594505
1.0
0.143809
0.0
1.0
0.0
0.118755
1.0
1.0
1.0
1.0
1.0
1.0

0.587963
-0.620688
-0.024495
0.0
0.073363
1.0
1.0
0.13033
0.904835
0.093407
0.072894
0.535897
0.034505
0.013993
0.484909
1.0
1.0
0.430989
1.0
0.999487

0.610543
-0.746282
-0.153048
0.0
0.361913
1.0
1.0
0.096777
0.923004
0.0
0.057363
0.576337
0.013993
0.030403
0.996557
1.0
1.0
0.799048
1.0
1.0

0.706217
-0.206756
-0.171363
0.0
0.237932
1.0
1.0
0.415604
0.254872
0.122418
0.143809
1.0
0.028059
0.118755
1.0
0.999487
1.0
1.0
1.0
0.998901

1.0
0.0
0.0
0.209814
0.542763
1.0
1.0
1.0
0.879341
0.0
0.072015
1.0
0.038901
0.027179
0.690037
1.0
1.0
0.695898
0.999194
1.0

0.665967
0.0
0.230778
0.0
0.500443
1.0
1.0
0.512161
0.25707
0.154359
0.175897
0.582491
0.013993
0.03011
0.726081
1.0
1.0
0.850916
1.0
1.0

0.900769
-0.001043
0.0
0.0
0.152685
1.0
1.0
0.386447
0.25663
0.052381
0.086667
1.0
0.055311
0.075531
0.651355
1.0
1.0
0.430989
0.997729
1.0

0.817969
0.0
0.0
0.0
0.354255
1.0
1.0
0.057363
0.904835
0.0
0.067033
0.844469
0.038901
0.012234
1.0
1.0
1.0
0.664103
1.0
1.0

0.893817
-0.55834
0.0
0.0
0.473205
1.0
1.0
1.0
0.577363
0.072894
0.091648
1.0
0.045641
0.035971
1.0
1.0
1.0
0.758169
0.999194
1.0

0.983257
-0.035295
-0.201407
0.0
-0.064373
1.0
1.0
0.387033
1.0
0.092527
0.065275
1.0
0.046813
0.034212
1.0
0.999194
1.0
0.648718
1.0
1.0

