flat_ily
Left

-0.211405
0.0
0.0
0.0
0.0
0.227495
0.067912
0.035678
1.0
0.070842
0.070842
1.0
1.0
1.0
1.0
1.0
1.0
1.0
0.0
0.0

-0.155415
0.0
0.0
0.0
0.0
0.393504
0.161245
0.03685
1.0
0.044469
0.044469
1.0
1.0
1.0
1.0
1.0
1.0
1.0
0.0
0.0

-0.051079
-0.022656
0.0
0.0
-0.006808
0.223626
0.075824
0.0
0.930037
0.001685
0.001685
1.0
1.0
1.0
1.0
1.0
1.0
0.960952
0.0
0.0

-0.418264
0.0
0.0
0.0
0.0
0.616278
0.0
0.275385
1.0
0.108059
0.0
0.930622
1.0
0.931355
1.0
0.985128
1.0
0.881392
0.022784
0.0

-0.485334
-0.657978
0.0
0.0
0.396523
0.391779
0.150549
0.084615
0.485788
0.00696
0.044762
1.0
1.0
1.0
1.0
1.0
0.449158
1.0
0.006081
0.074652

-0.723286
0.0
0.0
0.0
-0.619291
0.51069
-0.182263
0.0
1.0
0.03978
0.023663
1.0
0.775458
0.702931
1.0
0.607692
0.553333
0.666593
0.0
0.082857

-0.377651
-0.352451
0.0
0.0
0.0
0.551697
0.071136
0.0
1.0
0.064982
0.021612
0.999487
0.468059
1.0
1.0
1.0
0.470843
1.0
0.0
0.004908

-0.051079
0.0
0.0
0.0
-0.111913
0.0
-0.02734
-0.069138
1.0
0.115824
0.108059
1.0
0.775458
0.775165
1.0
1.0
0.595238
0.821612
0.000806
0.161099

-0.332964
0.0
-0.18946
0.0
-0.16779
0.0
0.0
0.000513
1.0
0.134579
0.074652
1.0
1.0
1.0
1.0
1.0
0.572235
0.559927
0.004322
0.017216

0.006233
0.0
0.0
0.0
-0.035149
0.393504
-0.182263
0.012527
0.830403
0.0
0.0
1.0
0.671575
0.746007
1.0
1.0
1.0
0.732235
0.0
0.022784

-0.181351
0.0
0.0
0.0
0.0
0.28816
0.069377
0.205212
1.0
0.108059
0.0
1.0
0.797289
1.0
1.0
0.828352
0.52652
1.0
0.091062
0.091062

-0.418264
0.0
0.0
0.0
-0.083826
0.606058
-0.145972
1.0
1.0
0.0
0.084029
1.0
0.775458
0.741905
1.0
1.0
1.0
0.241978
0.027766
0.009597

-0.183023
0.0
0.0
0.0
-0.533305
0.393504
0.140586
0.01663
1.0
0.074652
0.115824
1.0
1.0
1.0
1.0
1.0
1.0
0.796557
0.270403
0.0

-0.418264
-0.022656
0.0
0.0
0.0
0.0
-0.159174
0.153333
1.0
0.0
0.0
1.0
1.0
0.669231
1.0
1.0
1.0
0.441538
0.004322
0.0

-0.680573
0.0
0.0
0.0
-0.184437
0.095657
0.117289
0.122594
0.485788
0.057363
0.033333
1.0
0.813407
0.775165
1.0
0.572235
1.0
0.785568
0.038901
0.022784

-0.283228
0.0
0.0
0.0
0.002353
0.624765
0.063516
0.016923
0.830403
0.074652
0.08315
0.930622
0.671575
0.988864
1.0
0.449158
0.470843
0.758168
0.004322
0.136777

-0.456367
0.0
0.0
0.0
-0.31177
0.496518
0.061465
0.163736
1.0
0.084029
0.111282
1.0
1.0
0.791429
1.0
1.0
1.0
1.0
0.006081
0.0

-0.304729
0.0
0.0
0.0
-0.275474
0.606058
0.046813
0.035678
0.967253
0.115824
0.019267
1.0
0.844908
0.931355
1.0
0.828352
0.55348
0.719194
0.0
0.0

