flat_m
Left

0.944942
-0.146144
0.0
0.0
0.098298
1.0
0.992161
0.398169
0.464396
0.077289
0.077289
1.0
0.0
0.0
1.0
0.0
0.0
0.944396
1.0
1.0

0.950116
-0.254966
0.0
0.0
0.006345
1.0
1.0
0.925934
0.523297
0.069084
0.069084
1.0
0.0
0.0
1.0
0.0
0.0
0.995971
1.0
1.0

0.970786
-0.153402
0.0
0.0
0.0
1.0
1.0
0.920073
0.69033
0.046813
0.046813
1.0
0.0
0.0
1.0
0.0
0.0
1.0
1.0
1.0

0.946641
-0.846334
0.0
-0.310358
0.006345
1.0
1.0
0.0
1.0
0.019267
0.0
0.430842
0.007839
0.000806
0.311136
0.037436
0.0
0.41663
0.124029
0.187473

0.852447
-0.147267
0.0
-0.098218
0.685173
1.0
0.898388
1.0
0.635238
0.301612
0.082857
0.446227
0.003736
0.010769
0.296484
0.227326
0.0
0.575604
0.314212
1.0

0.35442
-0.444855
0.0
0.065983
0.712131
1.0
1.0
0.195092
0.90337
0.082857
0.046813
1.0
0.022784
0.0
0.671282
0.005495
0.0
0.552161
0.247253
1.0

0.383969
-0.094197
-0.030082
0.0
0.0
1.0
1.0
0.1337
0.523297
0.069084
0.083736
0.611502
0.0
0.0
1.0
0.237289
0.0
0.650183
0.294579
1.0

0.399173
-0.502419
0.0
0.0
0.0
1.0
1.0
0.078462
0.781905
0.082857
0.059707
0.618535
0.007253
0.013407
1.0
0.08315
0.044469
1.0
0.125495
0.472601

0.370275
-0.146144
0.0
0.185964
0.694298
1.0
1.0
0.258095
0.890476
0.077289
0.058828
0.430842
0.138388
0.0
0.868498
0.048864
0.091941
1.0
0.613553
0.294579

0.586255
0.0
0.0
-0.064441
-0.3159
1.0
0.587033
0.441685
0.332821
0.142637
0.082857
1.0
0.0
0.066447
0.671282
0.08315
0.056484
0.712601
0.149084
0.999487

0.644627
0.0
0.012331
0.0
0.434204
1.0
0.166081
0.345714
0.172821
0.079048
0.142637
0.638755
0.070549
0.022784
1.0
0.014872
0.0
0.575751
1.0
0.125495

0.430922
0.0
0.091912
-0.022617
0.328017
1.0
1.0
0.206227
0.90337
0.187179
0.174872
1.0
0.012527
0.021905
0.809011
0.043297
0.0
0.565934
0.324615
1.0

0.503943
-0.189003
-0.299484
-0.287344
0.0
1.0
0.992161
0.159194
0.799048
0.079048
0.0
0.644176
0.0
0.004322
1.0
0.057949
0.048864
0.575604
1.0
1.0

0.970786
-0.744483
0.0
0.0
0.098298
1.0
0.570476
0.627326
1.0
0.05033
0.046813
0.938828
0.021905
0.0
0.837143
0.048864
0.0
1.0
1.0
1.0

0.932456
-0.444855
-0.510891
-0.022617
0.477799
1.0
0.409744
0.39304
0.559634
0.06967
0.05033
0.421905
0.006667
0.022198
1.0
0.014872
0.013407
0.944396
1.0
1.0

0.564123
-0.117975
-0.152353
0.074571
0.477838
1.0
0.587033
0.173993
1.0
0.064689
0.040366
1.0
0.007839
0.084322
1.0
0.0
0.013407
0.575604
0.472601
1.0

0.780426
-0.444855
-0.290292
0.141937
0.0
1.0
0.746593
0.354799
1.0
0.05033
0.082857
0.77326
0.016923
0.0
0.311722
0.043297
0.0
0.531502
0.999194
0.613553

0.778672
0.0
0.0
0.595662
0.912128
1.0
0.797875
0.089304
0.344835
0.059707
0.186007
0.845641
0.020147
0.039487
0.217216
0.037436
0.0
0.712601
1.0
0.175165

