flat_b
Left

-0.375852
-0.075419
0.0
0.0
0.019759
0.375903
0.254579
0.0
0.964615
0.054725
0.054725
1.0
0.0
0.0
1.0
0.0
0.0
0.940293
0.015751
0.015751

-0.325677
-0.497479
0.0
0.0
0.0
0.55028
0.259267
0.0
0.784396
0.028059
0.028059
1.0
0.0
0.0
1.0
0.0
0.0
1.0
0.0
0.0

-0.36577
-0.733347
0.0
0.0
0.0
0.492846
0.274799
0.0
0.67685
0.012821
0.012821
1.0
0.0
0.0
1.0
0.0
0.0
1.0
0.0
0.0

-0.108302
-0.001805
0.0
-0.04429
0.064784
0.325545
0.00022
0.013993
0.992564
0.0
0.152015
1.0
0.028352
0.00315
0.955531
0.0
0.028938
0.8263
0.141465
0.0

-0.70016
-0.072579
-0.307034
-0.192426
-0.018872
0.0
0.259267
0.0
1.0
0.022784
0.11011
0.797289
0.033333
0.012821
0.571648
0.033333
0.0
0.748205
0.0
0.007839

-0.112592
0.012473
-0.234236
-0.548169
0.000581
0.581015
0.0
0.0
0.910696
0.144689
0.15348
0.882564
0.0
0.119487
1.0
0.132234
0.002564
0.891648
0.0
0.0

-0.36947
0.0
0.0
-0.178528
0.0
0.0
0.064396
0.06967
0.800366
0.168718
0.121245
1.0
0.0
0.033333
0.952015
0.0
0.0
1.0
0.004322
0.0

-0.530484
0.0
-0.101541
0.014991
0.0
0.215539
0.003736
0.035092
1.0
0.075531
0.195385
0.882564
0.0
0.101026
1.0
0.024542
0.011648
1.0
0.075824
0.151722

-0.165592
-0.006171
-0.146563
0.0
0.015715
0.52496
0.031868
0.0
1.0
0.009304
0.0
1.0
0.0
0.0
0.819561
0.049744
0.033333
0.473773
0.151722
0.0

-0.138867
0.0
-0.193831
-0.001198
0.313741
0.574005
-0.363636
0.030403
1.0
0.062344
0.042711
1.0
0.024249
0.012821
0.531795
0.024542
0.0
0.592747
0.034505
0.010476

-0.59879
-0.002629
0.0
-0.549854
-0.287837
0.815063
-0.363636
0.049744
1.0
0.207692
0.089011
0.631136
0.0
0.0
1.0
0.030989
0.024542
0.864103
0.0
0.004322

-0.398877
0.0
0.0
0.0
-0.018872
0.391633
0.0
0.013993
0.910696
0.071429
0.103077
1.0
0.012821
0.061758
0.941758
0.0
0.0
1.0
0.028059
0.049451

-0.294728
0.0
-0.009385
0.000401
0.0
0.78491
0.064396
0.0
1.0
0.026007
0.089011
0.528571
0.0
0.0
1.0
0.002564
0.0
0.819853
0.0
0.0

-0.530484
-0.511637
-0.400533
-0.487011
0.005842
0.0
0.254579
0.0
1.0
0.152015
0.047692
0.882564
0.0
0.036557
0.91011
0.0
0.0
1.0
0.0
0.132088

-0.59879
-0.280846
-0.513082
0.0
-0.352419
0.45119
0.205348
0.0
1.0
0.089011
0.096923
1.0
0.059414
0.059414
1.0
0.014872
0.0
0.866447
0.008425
0.055604

-0.531127
-0.075419
0.0
0.0
0.0
0.375903
0.0
0.0
1.0
0.028059
0.069377
0.963736
0.0
0.0
1.0
0.0
0.0
0.658095
0.0
0.069963

-0.325893
0.0
-0.108602
0.000401
0.0
0.581015
0.0
-0.037494
1.0
0.009304
0.099853
1.0
0.068498
0.082857
1.0
0.017802
0.0
1.0
0.041245
0.055604

-0.538821
0.0
-0.122788
-0.518081
-0.335415
0.45119
0.0
0.048278
0.990476
0.0
0.096923
0.867033
0.0
0.0
0.758462
0.057363
0.0
1.0
0.0
0.015751

