horns
Left

1.0
0.086337
0.0
0.0
0.195886
1.0
1.0
0.459707
0.00989
0.0
0.0
1.0
1.0
1.0
1.0
1.0
1.0
0.104542
0.0
0.0

0.9712
0.02822
0.0
0.0
-0.008374
1.0
1.0
0.730183
0.004322
0.0
0.0
1.0
1.0
1.0
1.0
1.0
1.0
0.095165
0.0
0.0

0.951944
-0.171672
0.0
0.0
0.101035
1.0
1.0
0.73663
0.077875
0.0
0.0
1.0
1.0
1.0
1.0
1.0
1.0
0.038608
0.0
0.0

1.0
-0.097111
-0.134621
0.073372
0.268126
1.0
1.0
0.0
0.026593
0.0
0.002271
0.890183
1.0
1.0
0.345714
1.0
1.0
0.095458
0.033626
0.0

0.878395
-0.157964
0.0
0.0
0.164739
1.0
1.0
0.67978
0.205694
0.027766
0.0
0.439194
0.759194
1.0
0.838022
1.0
0.999487
0.095165
0.0
0.0

0.538248
-0.040602
0.0
0.0
-0.044864
1.0
0.927253
0.730183
0.132512
0.0
0.0
0.808718
1.0
1.0
1.0
1.0
1.0
0.085788
0.0
0.005495

0.632859
0.488409
0.013961
0.0
0.101035
1.0
1.0
0.222198
0.072601
0.000513
0.0
0.552894
1.0
1.0
0.319341
1.0
1.0
0.055311
0.0
0.0

0.401274
-0.017506
0.0
0.0
0.164739
1.0
1.0
0.909231
0.034212
0.0
0.031868
1.0
1.0
1.0
1.0
0.800806
1.0
0.220293
0.0
0.0

1.0
-0.10493
0.06903
-0.141449
0.209345
1.0
0.871722
0.215898
0.008425
0.001392
0.0
1.0
1.0
0.678901
0.925788
1.0
1.0
0.034799
0.0
0.033626

0.779149
0.006894
-0.134621
0.0
0.805726
1.0
0.377363
0.178974
0.05619
0.0
0.0
0.490476
0.99978
0.850916
0.282711
1.0
1.0
0.049451
0.0
0.0

0.9712
0.488409
0.030995
-0.141449
0.275899
1.0
0.413114
0.158169
0.202654
0.031575
0.0
1.0
1.0
0.998315
1.0
1.0
1.0
0.059414
0.0
0.0

0.90823
0.258107
0.020903
0.0
0.377712
1.0
0.593187
0.21619
0.034212
0.0
0.013993
1.0
1.0
1.0
0.925788
1.0
0.999487
0.025128
0.0
0.0

0.640051
-0.269408
-0.288105
0.243664
-0.186634
1.0
1.0
0.194799
0.146154
0.027766
0.027766
0.697363
1.0
1.0
1.0
1.0
1.0
0.078169
0.0
0.018388

1.0
0.245257
0.0
0.0
0.264458
1.0
0.641392
0.67978
0.043004
0.001392
0.0
0.556996
1.0
1.0
1.0
1.0
0.938388
0.021905
0.0
0.055311

0.742689
0.223641
0.172689
0.0
-0.175944
1.0
0.943004
0.895605
0.074945
0.043004
0.0
0.942344
0.999194
1.0
0.818095
1.0
1.0
0.055311
0.055311
0.0

0.524188
0.006894
0.028248
0.243664
-0.147908
1.0
1.0
0.074066
0.175751
0.002271
0.0
1.0
1.0
1.0
0.282711
1.0
1.0
0.071429
0.0
0.0

0.687385
-0.003561
0.049934
0.0
0.02275
1.0
0.847106
0.324908
0.024249
0.0
0.039194
0.667619
0.850916
1.0
0.869963
1.0
1.0
0.074359
0.0
0.0

0.628189
-0.040602
0.023583
0.0
0.101897
1.0
1.0
0.375604
0.025128
0.0
0.022491
0.523297
1.0
1.0
1.0
1.0
1.0
0.06
0.0
0.059121

