i
Left

0.798294
0.0
0.0
0.0
0.006023
1.0
1.0
1.0
1.0
1.0
1.0
1.0
1.0
1.0
1.0
1.0
1.0
0.19304
0.0
0.0

0.792394
0.0
0.0
0.0
0.059936
1.0
1.0
1.0
1.0
1.0
1.0
1.0
1.0
1.0
1.0
1.0
1.0
0.139121
0.0
0.0

0.918014
0.0
0.0
0.0
0.07829
1.0
1.0
1.0
1.0
1.0
1.0
1.0
1.0
1.0
1.0
1.0
1.0
0.087253
0.0
0.0

0.861601
0.0
0.0
-0.010094
0.03014
1.0
1.0
1.0
1.0
1.0
1.0
1.0
1.0
0.998608
0.379414
1.0
1.0
0.087253
0.0
0.0

0.579878
0.0
0.0
0.052792
-0.083542
1.0
0.960513
0.169304
1.0
0.798169
1.0
1.0
0.998608
1.0
1.0
1.0
1.0
0.192747
0.033626
0.0

0.707806
-0.322927
0.0
0.0
-0.202478
1.0
1.0
1.0
1.0
1.0
1.0
0.803297
0.998608
1.0
1.0
1.0
1.0
0.193626
0.0
0.0

1.0
-0.063006
-0.032383
0.0
0.342675
1.0
1.0
0.5
1.0
1.0
1.0
1.0
0.998315
0.998315
1.0
1.0
1.0
0.226886
0.0
0.0

0.627434
0.0
-0.196392
0.0
-0.040425
1.0
0.734432
1.0
1.0
0.99978
1.0
1.0
0.998022
1.0
0.966447
1.0
1.0
0.01956
0.0
0.0

0.517584
0.0
-0.271213
0.0
0.233508
1.0
1.0
0.087253
1.0
1.0
1.0
0.61663
0.998315
1.0
1.0
0.999194
1.0
0.19978
0.0
0.0

0.729757
-0.286647
0.0
0.0
0.162923
1.0
1.0
0.10674
0.700733
1.0
1.0
0.818974
1.0
1.0
1.0
1.0
0.999194
0.273919
0.0
0.021612

1.0
0.0
0.0
0.102873
0.25407
1.0
0.758608
1.0
1.0
1.0
1.0
1.0
0.998315
1.0
1.0
0.972381
1.0
0.087839
0.026593
0.0

0.587777
0.0
0.0
0.021711
0.221614
1.0
1.0
0.329011
1.0
1.0
1.0
1.0
0.832747
0.999194
1.0
1.0
1.0
0.19978
0.04652
0.021026

0.797319
0.0
0.0
0.003877
-0.235892
1.0
1.0
1.0
1.0
1.0
1.0
1.0
1.0
0.998608
1.0
0.999194
0.999487
0.0
0.0
0.0

0.630905
-0.187372
-0.147501
0.0
0.220035
1.0
0.127106
0.5
0.744542
1.0
1.0
0.61663
1.0
0.998608
1.0
0.972381
1.0
0.138242
0.026593
0.0

0.900995
0.0
0.0
-0.017934
0.241347
1.0
1.0
0.419267
1.0
1.0
1.0
0.712161
1.0
1.0
0.898681
1.0
1.0
0.192747
0.0
0.027179

0.9455
0.0
-0.102177
0.0
0.035928
0.749585
0.52359
1.0
1.0
1.0
1.0
1.0
1.0
1.0
0.943516
1.0
1.0
0.0
0.0
0.0

0.406121
0.0
-0.130956
0.0
-0.298772
1.0
1.0
0.058535
1.0
1.0
1.0
0.765348
0.998022
1.0
1.0
1.0
1.0
0.333407
0.0
0.0

1.0
0.0
-0.325362
0.0
0.291805
1.0
0.612674
1.0
1.0
1.0
1.0
0.826007
0.99978
1.0
1.0
1.0
1.0
0.093114
0.0
0.0

