m
Left

0.905159
0.0
0.0
0.0
0.251704
1.0
1.0
0.0
1.0
1.0
1.0
1.0
0.795238
0.795238
1.0
1.0
1.0
0.822198
1.0
1.0

0.679128
0.0
0.0
0.0
0.078852
1.0
1.0
0.0
1.0
1.0
1.0
1.0
0.780733
0.780733
1.0
1.0
1.0
0.928278
1.0
1.0

0.445636
0.0
0.0
0.0
0.120645
1.0
1.0
0.004029
1.0
1.0
1.0
1.0
0.719194
0.719194
1.0
0.968425
0.968425
0.807546
1.0
1.0

0.463534
0.0
0.016125
0.0
-0.112087
1.0
1.0
0.057656
1.0
1.0
1.0
1.0
0.839194
0.688864
1.0
0.998828
0.217949
0.646813
0.997729
1.0

0.884893
-0.023543
0.0
0.103093
0.0
1.0
1.0
0.0
1.0
1.0
1.0
0.84652
0.964029
0.632015
0.634066
0.446374
0.619121
0.807546
0.520073
0.142637

-0.024413
0.0
-0.039102
0.179437
0.42682
1.0
1.0
0.115092
1.0
1.0
0.878169
1.0
1.0
0.471282
1.0
0.806374
0.999194
0.903077
1.0
1.0

0.463534
0.0
0.0
0.0
0.012723
1.0
1.0
0.164615
1.0
1.0
1.0
1.0
0.250183
0.232308
0.58
1.0
0.939121
0.928278
0.474066
0.999194

1.0
0.0
0.0
0.383287
0.228011
1.0
1.0
0.0
0.661026
1.0
1.0
1.0
0.89663
0.250183
1.0
1.0
1.0
0.859707
0.341026
0.997729

0.265199
0.0
0.0
0.0
0.0
1.0
1.0
0.853407
1.0
1.0
1.0
0.705861
0.964029
0.957582
0.634799
1.0
0.998828
1.0
1.0
1.0

0.652072
-0.11742
-1.258952
0.025794
0.0
1.0
1.0
0.0
0.923883
1.0
1.0
1.0
0.966374
0.998608
0.607253
0.959341
1.0
0.679341
1.0
1.0

0.905159
0.000976
-0.020458
0.267876
0.42497
1.0
1.0
1.0
1.0
1.0
1.0
1.0
0.472308
1.0
1.0
0.875531
0.702784
0.822198
1.0
1.0

0.884893
0.0
0.006151
0.184106
0.0
1.0
1.0
0.115092
1.0
0.353626
0.512308
0.467619
0.647106
0.885201
0.352161
0.848864
0.195971
0.378242
1.0
1.0

0.884893
0.0
-0.004087
0.051984
0.008411
1.0
1.0
1.0
0.676557
1.0
1.0
1.0
0.748352
0.645495
0.361832
0.806374
0.657216
0.983077
0.999194
1.0

0.878669
-0.390227
0.0
0.0
0.140442
1.0
1.0
0.0
1.0
1.0
1.0
0.344689
0.839194
0.572088
0.865714
1.0
1.0
0.550843
0.123004
0.999194

0.767403
0.0
0.0
0.018879
0.120645
1.0
1.0
0.006081
1.0
1.0
0.878169
1.0
0.795238
1.0
0.303223
1.0
1.0
0.647253
1.0
1.0

0.265199
0.0
0.0
0.0
0.0
1.0
1.0
0.0
1.0
1.0
1.0
1.0
0.795238
0.895751
1.0
1.0
0.939121
0.315824
1.0
0.123004

0.645249
0.0
-0.004087
0.243371
0.487192
1.0
1.0
0.0
0.760806
1.0
0.886081
1.0
0.923297
0.222198
1.0
1.0
1.0
0.710549
0.195092
1.0

1.0
-0.390227
0.0
0.024812
0.42497
1.0
1.0
0.853407
1.0
1.0
1.0
1.0
0.886667
0.836264
1.0
0.875531
1.0
1.0
1.0
1.0

