open_b
Left

-0.18009
-0.258126
-0.02063
0.131326
0.068236
0.0
-0.213492
0.141503
-0.063047
0.0
0.0
0.0
0.0
0.0
0.0
0.0
0.0
-0.014827
0.0
0.0

0.038014
-0.209938
-0.025831
0.09578
0.049683
0.0
-0.095102
0.163702
-0.048694
0.0
0.0
0.0
0.0
0.0
0.0
0.0
0.0
-0.038275
0.0
0.0

-0.255022
-0.206832
-0.004078
0.116072
-0.017555
0.0
-0.10794
-0.006883
0.0
0.0
0.0
0.0
0.0
0.0
0.0
0.0
0.0
0.0
0.0
0.0

0.6226
0.074515
-0.040831
0.240595
0.011952
0.0
-0.041087
-0.100944
0.0
0.0
0.0
0.000806
0.0
0.0
0.0
0.0
0.0
0.0
0.0
0.0

0.858394
-0.212516
0.282267
0.211696
0.068236
0.005617
0.0
-0.063463
0.0
0.0
0.0
0.0
0.0
0.0
0.0
0.0
0.0
0.006667
0.0
0.0

0.357103
0.230203
0.189876
-0.200222
-0.077973
0.118029
0.0
0.024249
0.01663
0.0
0.0
0.013114
0.0
0.0
0.0
0.0
0.0
0.00696
0.0
0.0

0.109185
0.085171
-0.454957
0.432379
-0.027124
0.0
0.0
0.0
-0.049412
0.0
0.0
0.0
0.0
0.0
-0.097579
0.0
0.0
0.0
0.0
0.0

-0.18009
0.220319
-0.02585
0.116072
0.043846
0.027188
0.024835
0.0
0.0
0.0
0.0
0.0
0.0
0.0
0.044768
0.0
0.0
0.004029
0.004029
0.0

0.676703
-0.139214
-0.351591
-0.235964
-0.151263
0.0
-0.08123
-0.042413
-0.032643
0.0
0.0
0.006081
0.0
0.0
-0.021632
0.0
0.0
0.0
0.0
0.00022

0.038014
-1.128718
-0.418867
0.083886
-0.187548
0.0
0.0
0.082648
-0.018101
0.0
0.0
0.0
0.0
0.0
0.0
0.0
0.0
0.0
0.0
0.0

-0.191048
-0.714257
0.254601
0.187606
-0.151263
0.0
0.0
-0.100713
0.006374
0.0
0.0
0.0
0.0
0.0
0.0
0.0
0.0
0.0
0.0
0.0

-0.207402
-0.741528
1.114458
0.167158
0.007662
0.0
-0.028651
0.0
0.0
0.0
0.0
0.0
0.001978
0.0
0.000744
0.0
0.0
0.0
0.0
0.0

0.729929
-0.062276
-0.47527
-0.03079
0.104726
0.198728
0.038022
-0.024228
0.0
0.0
0.0
0.0
0.0
0.0
0.0
0.0
0.0
-0.038275
0.0
0.0

0.563592
0.005234
-0.398283
0.155547
0.511069
0.0
0.0
0.0
0.0
0.0
0.0
0.0
0.0
0.0
-0.00965
0.0
0.0
0.0
0.0
0.0

-0.391397
-0.672683
-0.418867
0.261375
0.291728
0.203508
0.0
0.0
0.0
0.0
0.0
0.0
0.0
0.0
0.061758
0.0
0.0
0.0
0.0
0.00022

0.168159
-0.127947
0.098107
0.104978
-0.075571
0.216705
0.089304
0.0
0.013407
0.0
0.0
0.0
0.0
0.0
0.0
0.0
0.0
0.02044
0.0
0.0

0.256633
-0.150945
-0.071477
0.423077
0.193097
0.316714
0.015079
0.0
0.0
0.0
0.0
0.0137
0.0
0.0
-0.009136
0.0
0.0
0.0
0.0
0.0

0.729929
0.29771
-0.10561
-0.029575
0.291728
0.335907
-0.213492
0.0
-0.023137
0.0
0.0
0.0
0.0
0.0
-0.021632
0.0
0.0
0.0
0.0
0.0

