open_8
Left

0.49178
0.138894
-0.076349
0.087406
-0.113576
0.062949
0.0
0.0
0.134286
0.0
0.0
0.833333
1.0
1.0
0.515678
0.0
0.0
0.047106
0.0
0.0

-0.019182
0.146122
-0.316407
0.100574
-0.049099
0.587842
0.115971
0.0
0.325788
0.0
0.0
0.705861
1.0
1.0
0.286813
0.0
0.0
0.028645
0.0
0.0

0.005108
0.150512
-0.516284
0.089913
-0.190447
0.640183
0.07348
0.0
0.157289
0.0
0.0
0.510842
0.554359
0.554359
0.021319
0.0
0.0
0.0
0.0
0.0

0.49178
-0.146268
0.0
0.249634
0.16619
0.824607
0.062637
0.0
0.134286
0.0
0.0
0.705861
1.0
0.043883
0.287106
0.0
0.0
-0.027819
0.0
0.0

0.225745
0.254272
-0.143258
0.146027
-0.232074
0.4228
0.060879
0.0
0.396117
0.0
0.0
1.0
0.043883
0.32989
0.566081
0.0
0.002271
0.184835
0.02044
0.015751

0.772829
-0.05818
0.0
-0.090172
-0.684749
0.500729
0.0
0.0
0.325202
0.0
0.002564
0.833333
0.458535
1.0
0.578974
0.0
0.0
0.026886
0.026886
0.0

0.395995
0.0
-0.093376
0.150743
-0.392619
0.191318
0.27348
0.0
0.157289
0.0
0.0
0.992527
0.652674
1.0
0.364615
0.005495
0.002857
0.015751
0.0
0.0

0.202308
-0.05936
0.039826
0.36129
0.117373
0.65796
0.096923
0.010183
0.241978
0.0
0.0
0.830989
0.709084
1.0
0.286813
0.0
0.0
0.054432
0.0
0.026886

0.031002
0.142258
0.0
0.146027
0.046974
0.483087
0.05326
0.0
0.037436
0.0
0.0
1.0
0.203004
0.043883
1.0
0.0
0.0
0.026886
0.009011
0.0

0.21608
-0.146268
-0.142312
0.206818
-0.066235
0.824607
0.006667
0.0
0.308498
0.016923
0.0
1.0
0.673333
0.354506
0.781465
0.0
0.0
-0.143075
0.0
0.026886

0.772829
-0.143836
0.0
0.089913
-0.233622
0.062949
0.218242
0.0
0.396117
0.007253
0.007253
1.0
0.087253
0.46381
0.335018
0.008718
0.0
0.0
0.0
0.065568

0.051278
0.177896
0.200463
-0.19787
0.023175
0.807094
0.0
0.035971
0.215311
0.0
0.0
0.315531
0.053553
0.699121
1.0
0.0
0.0
0.0
0.0
0.0

0.0032
0.373628
-0.019644
-0.001233
0.317901
0.333636
0.235092
0.0
0.308498
0.0
0.0
0.808718
1.0
0.378242
0.156557
0.0
0.0
0.08696
0.0
0.0

-0.250343
0.146122
0.0
0.143281
-0.284489
0.378354
0.235824
0.0
0.174872
0.0
0.0
0.772674
1.0
1.0
0.248865
0.005495
0.005201
0.009597
0.0
0.009011

0.162506
0.254272
-0.099677
0.160467
0.114013
0.65065
0.032454
0.0
0.147326
0.0
0.0
1.0
0.378535
0.025128
0.064982
0.0
0.0
-0.054233
0.0
0.0

0.125787
0.073424
0.0
-0.001233
-0.233622
0.530517
0.0
0.0
0.325788
0.0
0.12359
0.934432
1.0
0.289158
0.237289
0.001392
0.005495
-0.143075
0.0
0.0

0.217383
-0.117463
-0.237327
0.319869
-0.255697
0.253925
0.153626
0.0
0.019853
0.0
0.0
0.393187
0.652674
0.493553
0.88315
0.0
0.0
0.0
0.0
0.0

0.312514
0.323018
0.0
0.291512
-0.033622
0.375821
0.205055
0.011062
0.069084
0.0
0.0
0.750403
0.289158
0.087253
0.324762
0.0
0.0
0.033333
0.026886
0.0

