q
Left

1.0
-0.391057
-0.049613
-0.136203
0.01676
1.0
0.058828
0.0
0.051795
0.061465
0.061465
0.557876
1.0
1.0
0.412528
1.0
1.0
0.47348
1.0
1.0

1.0
-0.476276
0.0
0.035997
0.196647
1.0
0.130916
0.0
0.022198
0.041538
0.041538
1.0
1.0
1.0
0.731355
1.0
1.0
0.528278
1.0
1.0

1.0
-0.317939
-0.300734
-0.130823
0.205401
1.0
0.017802
0.0
0.0
0.020733
0.020733
0.212821
1.0
1.0
0.242418
1.0
1.0
0.451355
1.0
1.0

0.942419
-0.125241
0.031543
0.0
0.519176
0.959221
0.0
0.0
1.0
0.043883
0.0
0.885494
0.998022
1.0
0.084908
1.0
1.0
0.284469
1.0
1.0

1.0
-0.93405
0.0
0.0
0.0
0.74713
0.239634
0.0
0.224103
0.020733
0.06674
0.770916
0.952967
1.0
1.0
1.0
1.0
1.0
1.0
1.0

1.0
-0.236433
-0.049613
0.245974
0.0
1.0
0.065861
0.0
0.16696
0.016923
0.094579
0.557876
1.0
0.999194
0.971355
1.0
0.999487
0.963004
1.0
0.99978

1.0
-0.638126
0.191027
-0.152577
0.01676
1.0
0.03304
0.0
0.317582
0.189231
0.014286
1.0
1.0
1.0
1.0
1.0
1.0
0.963004
1.0
1.0

1.0
-0.690209
0.031543
0.0
0.0
1.0
0.089597
0.0
0.147326
0.046227
0.0
1.0
1.0
1.0
1.0
1.0
1.0
0.512747
1.0
0.998901

1.0
-0.262396
-0.017373
0.0
0.0
1.0
0.008718
0.0
0.389524
0.018095
0.08315
1.0
0.999194
0.952967
0.927106
1.0
1.0
0.695897
1.0
0.99978

0.815425
-0.083457
-0.500938
0.0
0.200511
1.0
0.0
0.0
0.280073
0.08315
0.0
0.212821
1.0
1.0
0.242418
1.0
1.0
1.0
1.0
1.0

1.0
-0.62937
0.195394
0.0
0.438135
1.0
0.060879
0.0
0.207399
0.004615
0.059414
0.644322
1.0
1.0
0.966667
1.0
1.0
0.702344
1.0
1.0

1.0
-0.041378
0.196367
-0.136203
0.228871
1.0
0.018388
0.0
0.100147
0.028938
0.05707
0.606813
0.977875
0.998608
1.0
1.0
1.0
0.74674
1.0
0.998901

1.0
-0.558436
0.086416
0.029907
0.579171
1.0
0.175751
0.0
0.097509
0.0
0.103077
0.885494
0.999194
0.998608
0.971355
1.0
1.0
0.817949
0.999194
0.999487

1.0
-0.348453
0.0
0.470125
0.458117
1.0
0.141172
0.0
0.281978
0.090769
0.016923
1.0
0.998315
0.759487
1.0
1.0
1.0
0.766227
1.0
1.0

0.989905
-0.079657
0.299
0.251494
-0.033608
1.0
0.132821
0.0
0.217656
0.0
0.028938
0.715678
1.0
0.977875
1.0
1.0
1.0
0.562125
0.865275
1.0

0.989905
0.0
0.025835
0.036324
-0.033608
1.0
0.060879
0.0
0.647253
0.0
0.008132
1.0
1.0
0.998608
0.305275
1.0
1.0
0.288718
0.999487
0.999194

0.912551
-1.043307
0.0
0.1815
0.579171
1.0
0.13326
0.0
0.389524
0.175751
0.028938
1.0
0.998608
0.998608
1.0
1.0
1.0
1.0
0.99978
0.999194

0.997957
-0.498698
0.0
0.015073
0.0
1.0
0.134139
0.0
0.112308
0.0
0.046227
0.474359
0.998608
1.0
0.772821
1.0
1.0
0.47348
0.999194
1.0

