stacked_5
Left

0.638756
0.469076
0.179144
0.388023
0.476447
1.0
0.055897
0.0
0.006374
0.0
0.0
0.400513
0.0
0.0
0.559634
0.0
0.0
0.835971
0.145568
0.145568

0.461889
0.460949
0.327905
0.448798
0.267242
0.903758
0.0
0.0
0.0
0.0
0.0
0.288864
0.0
0.0
0.629084
0.0
0.0
0.918901
0.126374
0.126374

0.421303
0.409625
0.18008
0.462842
0.266441
1.0
0.039194
0.0
0.0
0.0
0.0
0.049744
0.0
0.0
0.444469
0.0
0.0
0.904103
0.034505
0.034505

0.383338
0.367954
0.367082
0.024304
0.022127
0.859116
0.0
0.0
-0.006041
0.0
0.0
0.598022
0.0
0.0
0.117436
0.0
0.0
1.0
0.446813
0.103077

0.461889
0.173349
0.32559
0.004173
0.0
1.0
0.039194
0.0
0.151427
0.0
0.0
0.316703
0.0
0.0
0.19304
0.006081
0.0
1.0
0.0
0.069963

0.461355
0.007821
-0.088226
0.306989
0.00372
1.0
0.205641
0.052967
0.090669
0.0
0.0
0.094579
0.0
0.0
0.291502
0.040952
0.043297
0.723736
0.545861
0.052967

0.259015
0.296363
0.296541
0.0
0.0
0.948268
0.334286
0.0
-0.263995
0.0
0.0
0.316703
0.0
0.0
0.093114
0.0
0.014286
1.0
0.38293
0.112161

0.278363
0.292388
0.082226
0.380541
0.267242
0.946152
0.155531
0.0
-0.068122
0.0
0.0
1.0
0.0
0.0
0.626447
0.0
0.008718
0.634799
0.459414
0.129157

0.30092
0.735554
0.281336
0.388023
0.162031
0.724995
0.0
0.0
0.175685
0.0
0.0
0.273626
0.0
0.0
0.795824
0.240806
0.0
0.768865
0.095751
0.147033

0.296638
0.151846
0.186698
0.182109
-0.392843
0.959328
0.0
0.0
0.0
0.0
0.0
0.40022
0.0
0.0
0.291502
0.0
0.006081
1.0
0.092527
0.375898

0.30092
0.251551
0.311032
0.011925
0.364498
0.934375
0.0
0.0
-0.028515
0.0
0.0
0.283297
0.0
0.0
0.322418
0.052967
0.052674
0.478022
0.0
0.016923

0.065833
0.247213
-0.369732
0.444386
-0.17542
0.184042
0.069377
0.0
0.323736
0.0
0.0
0.393187
0.0
0.0
0.841832
0.070256
0.0
1.0
0.388498
0.0

0.30092
0.853256
-0.030941
0.183338
0.047202
1.0
0.205641
0.0
-0.111515
0.0
0.0
0.049744
0.0
0.0
0.874359
0.011648
0.054432
1.0
0.103077
0.016923

0.393362
0.459215
-0.215096
-0.01384
0.23201
0.959328
0.0
0.08989
0.025592
0.0
0.0
1.0
0.0
0.0
0.88315
0.036557
0.035092
0.877143
0.136777
0.0

0.544577
0.460949
-0.369732
0.0
0.0
0.859116
0.019267
0.0
0.165495
0.0
0.0
0.155246
0.0
0.051795
0.462344
0.0
0.0
0.821465
0.052967
0.005788

0.28624
0.514125
0.089332
0.229474
0.132716
1.0
0.019267
0.0
0.0
0.0
0.0
0.340733
0.0
0.0
0.701465
0.014286
0.040952
0.918901
0.999414
0.129157

0.672135
0.54503
-0.215096
0.182109
0.180382
0.84008
0.268059
0.028645
-0.352645
0.0
0.0
0.168132
0.0
0.0
0.047399
0.0
0.091355
0.723736
0.071429
0.114506

0.27265
0.222114
-0.129386
-0.145261
0.267242
0.882352
0.610623
0.0
0.243443
0.0
0.0
0.96315
0.364176
0.0
0.096923
0.028645
0.04359
0.849158
0.005788
0.112161

