t
Left

0.276985
0.0
0.0
0.0
0.0
1.0
0.762418
0.0
1.0
1.0
1.0
1.0
1.0
1.0
1.0
1.0
1.0
1.0
1.0
1.0

0.27953
0.0
0.0
0.0
0.0
1.0
0.510842
0.0
1.0
1.0
1.0
1.0
1.0
1.0
1.0
1.0
1.0
1.0
1.0
1.0

0.188304
0.0
0.0
0.0
0.0
1.0
0.465714
0.0
1.0
1.0
1.0
1.0
1.0
1.0
1.0
1.0
1.0
1.0
1.0
1.0

0.828011
0.380377
0.0
-0.343351
0.0
1.0
1.0
0.0
0.99978
1.0
1.0
0.642125
0.998315
1.0
1.0
0.999487
1.0
1.0
0.999487
0.998901

0.598188
0.074915
-0.191207
0.0
0.0
1.0
1.0
0.0
0.796117
1.0
0.246667
0.882857
1.0
1.0
1.0
1.0
1.0
0.889744
1.0
0.997729

-0.172493
0.0
0.0
0.0
0.0
1.0
0.2537
0.0
1.0
1.0
1.0
1.0
0.999194
1.0
1.0
1.0
1.0
1.0
1.0
1.0

0.340036
0.0
0.0
0.0
0.0
1.0
0.662491
0.03685
0.859267
1.0
1.0
1.0
1.0
1.0
0.724908
1.0
1.0
0.836557
1.0
1.0

0.456358
0.0
-0.18665
0.0
0.0
1.0
1.0
0.0
0.764762
0.671282
1.0
1.0
1.0
1.0
1.0
1.0
1.0
0.882857
1.0
1.0

0.887974
0.0
0.0
-0.343351
0.006456
1.0
0.390403
0.0
1.0
0.894872
0.982784
1.0
0.982711
0.47011
1.0
0.999487
1.0
0.816777
1.0
1.0

0.167803
-0.00936
0.009002
0.0
0.00837
1.0
1.0
0.0
1.0
1.0
1.0
0.897802
0.47011
0.998608
1.0
1.0
1.0
1.0
0.998901
0.612088

0.436593
0.078179
-0.476002
0.0
0.579255
1.0
0.83685
0.0
0.822637
1.0
1.0
1.0
1.0
1.0
0.724908
1.0
0.920073
0.889744
1.0
1.0

0.385235
0.0
0.0
-0.137611
0.0
1.0
0.448865
0.010769
1.0
1.0
1.0
1.0
0.932234
0.99978
1.0
1.0
0.712894
1.0
1.0
1.0

0.024884
0.0
0.0
0.0
0.0
1.0
1.0
0.036264
0.999487
1.0
1.0
1.0
1.0
0.99978
1.0
1.0
0.554652
0.734872
0.99978
0.998901

0.598188
0.170066
-0.009821
0.0
0.579255
1.0
1.0
0.0
1.0
1.0
1.0
1.0
1.0
0.998315
1.0
1.0
1.0
1.0
1.0
0.999487

0.467839
-0.236384
0.0
0.022642
0.0
1.0
1.0
0.0
1.0
1.0
0.170476
1.0
1.0
1.0
1.0
1.0
1.0
1.0
1.0
1.0

0.343318
-0.10875
0.0
0.0
-0.053105
1.0
1.0
0.0
1.0
1.0
1.0
0.646374
0.648425
0.866593
1.0
1.0
1.0
1.0
1.0
1.0

0.637606
0.022439
0.0
0.0
0.144853
1.0
0.555531
0.0
1.0
1.0
1.0
1.0
0.999194
0.717875
1.0
1.0
1.0
0.998022
1.0
1.0

0.276985
0.380377
-0.397797
-0.343351
-0.000934
1.0
0.510842
0.0
1.0
1.0
0.99978
1.0
0.982711
1.0
1.0
1.0
0.999487
0.966081
1.0
1.0

