v
Left

0.881365
0.382288
-0.150789
0.0
0.088096
1.0
0.521392
0.88315
0.0
0.0
0.0
0.107766
0.0
0.0
1.0
1.0
1.0
0.875238
1.0
1.0

0.420797
0.296182
-0.550541
0.0
0.0
1.0
0.435092
1.0
-0.019797
0.0
0.0
0.054432
0.0
0.0
1.0
1.0
1.0
1.0
1.0
1.0

0.474443
0.23547
-0.672044
0.0
0.197902
1.0
0.301026
1.0
-0.00102
0.0
0.0
0.088425
0.0
0.0
1.0
1.0
1.0
0.76359
1.0
1.0

0.615787
0.531265
0.203178
0.0
0.119023
1.0
0.64022
0.00696
-0.15586
0.0
0.0
0.0137
0.0
0.0
0.858388
1.0
0.883736
0.533553
1.0
1.0

0.602697
0.578287
-0.399116
0.0
0.261114
1.0
1.0
0.325495
0.081047
0.0
0.0
0.214579
0.0
0.0
0.508059
1.0
1.0
0.558022
0.99978
1.0

0.542179
0.365485
-0.151705
0.0
-0.027233
1.0
1.0
0.274213
-0.019548
0.0
0.0
0.0
0.0
0.0
0.675385
1.0
1.0
0.664542
1.0
0.997729

0.225533
0.598792
0.049486
-0.120554
0.584984
1.0
0.846227
0.0
-0.15586
0.0
0.0
0.175165
0.0
0.0
1.0
1.0
1.0
0.72652
1.0
1.0

0.816429
0.527206
0.019609
-0.063904
0.0
1.0
1.0
0.124176
0.0
0.0
0.0
0.053846
0.0
0.0
1.0
1.0
1.0
0.654139
1.0
0.811355

0.680627
0.349626
-0.028964
0.0
0.348241
1.0
1.0
0.084908
-0.013556
0.0
0.0
0.054432
0.0
0.0
1.0
0.999194
0.883736
0.314945
0.997729
0.975458

0.90532
0.501119
-0.194803
0.236318
-0.03666
1.0
1.0
0.809304
0.0
0.0
0.0
0.0
0.0
0.0
0.922125
1.0
1.0
0.72652
0.998901
1.0

0.829072
0.531265
-0.13536
0.160969
0.209802
1.0
1.0
0.416923
-0.006152
0.0
0.0
0.0
0.0
0.0
0.301172
1.0
1.0
0.668352
0.944689
1.0

0.985345
0.681149
-0.071053
0.318681
0.197821
1.0
1.0
0.155824
0.077123
0.0
0.0
0.175751
0.0
0.0
1.0
0.999487
1.0
0.562271
1.0
1.0

0.609164
0.382288
-0.115149
-0.098836
0.423618
1.0
1.0
0.325495
-0.111086
0.0
0.0
0.053846
0.0
0.0
1.0
1.0
1.0
0.654139
0.975458
0.288278

0.985345
0.559462
-0.399116
0.0
-0.03666
1.0
1.0
0.0
-0.080972
0.0
0.0
0.051502
0.0
0.0
1.0
1.0
1.0
0.489011
1.0
1.0

0.20334
0.321062
-0.672044
0.0
0.354851
1.0
1.0
0.434359
-0.15586
0.0
0.0
0.0
0.0
0.0
1.0
0.999487
1.0
0.424396
0.860879
0.941172

0.88826
0.246759
-0.265383
0.0
0.53581
1.0
0.846227
0.00696
0.0
0.0
0.0
0.0
0.0
0.0
0.484762
1.0
1.0
0.176777
1.0
1.0

0.20334
0.23547
0.203178
0.260554
0.220867
1.0
1.0
0.071136
0.030696
0.0
0.0
0.051502
0.0
0.0
1.0
1.0
1.0
0.445348
0.998901
0.998901

0.743639
0.571901
-0.097774
0.07593
0.541548
1.0
0.710843
0.371795
-0.00102
0.0
0.0
0.038315
0.0
0.0
0.498828
1.0
1.0
0.558022
1.0
1.0

