w
Left

0.843651
0.446666
0.173526
-0.074007
0.378168
1.0
0.831868
0.587473
-0.01071
0.0
0.0
0.0
0.0
0.0
0.352747
0.0
0.0
0.604762
0.652527
0.652527

0.737897
0.469212
0.218948
0.178073
0.055411
1.0
0.996044
0.462491
-0.041507
0.0
0.0
-0.070487
0.0
0.0
0.181905
0.0
0.0
0.949157
0.709963
0.709963

0.774371
0.449496
0.171168
0.081509
0.239231
1.0
0.748938
0.410183
0.0
0.0
0.0
-0.050352
0.0
0.0
0.15641
0.0
0.0
0.606813
0.787326
0.787326

0.580048
0.163775
-0.048143
-0.217444
0.442312
1.0
0.462637
0.410183
0.015458
0.0
0.005495
0.137802
0.0
0.0
0.0
0.0
0.0
0.606813
0.976337
0.518315

0.709672
0.584513
0.152567
-0.0143
0.243136
1.0
0.355092
0.511868
0.0
0.00315
0.0
-0.02835
0.0
0.0
0.154359
0.0
0.010476
0.197289
0.652235
0.864396

0.67666
0.303331
0.05815
-0.071727
0.0
1.0
1.0
0.14674
-0.079718
0.0
0.0
-0.005058
0.0
0.0
0.376191
0.0
0.0
0.692821
0.70674
1.0

0.893127
0.584513
0.119698
-0.214493
0.157636
1.0
1.0
0.31011
0.046813
0.0
0.0
0.0
0.0
0.0
0.0
0.0
0.011941
0.182784
0.734286
0.658388

0.699298
0.341437
0.268065
0.209384
0.378168
1.0
1.0
0.025421
0.008132
0.010183
0.0
-0.071029
0.0
0.0
0.0
0.004322
0.0
0.22381
0.650476
0.38967

0.550139
0.410837
-0.015657
0.008668
0.418079
1.0
1.0
0.14674
0.0
0.0
0.0
0.013407
0.0
0.0
0.178681
0.0
1.0
0.230696
0.797582
1.0

0.435136
0.518434
0.017183
-0.020325
0.446962
1.0
0.711722
0.06674
0.0
0.001685
0.009011
0.0
0.0
0.0
0.222344
0.044762
0.0
0.546593
0.29707
0.577656

0.893127
0.163775
0.154889
0.050576
0.598067
1.0
0.365495
0.31011
0.0
0.0
0.0
0.0
0.0
0.0
0.401685
0.0
0.0
0.159927
0.90044
0.658388

0.733438
0.539315
0.278735
0.081509
0.657093
1.0
0.527546
0.0
0.0
0.027473
0.0
0.0
0.0
0.0
0.030403
0.0
0.0
0.742491
0.975165
0.864396

0.770271
0.393762
0.218948
-0.191234
0.297569
1.0
1.0
0.091941
-0.041507
0.0
0.0
0.0
0.0
0.0
-0.014523
0.0
0.0
0.850916
1.0
0.975165

0.794226
0.529938
0.268065
0.180616
0.207434
1.0
0.728132
0.067326
-0.121022
0.0
0.0
0.0
0.0
0.0
0.295751
0.0
0.0
0.266593
0.652235
0.950549

0.276074
0.320367
0.154889
-0.074007
0.764819
1.0
0.80696
0.355238
-0.025105
0.016044
0.0
-0.02835
0.0
0.0
0.401685
0.016044
1.0
0.115385
0.742784
0.954359

0.77687
0.468082
-0.15427
0.050576
0.0
1.0
0.358315
0.422344
-0.01071
0.0
0.016044
-0.02835
0.0
0.0
0.15641
0.0
0.0
0.353333
0.99978
1.0

0.631444
0.518434
0.173526
0.287668
0.596356
1.0
0.971062
0.028645
-0.040852
0.0
0.02337
0.0937
0.0
0.0
0.188059
0.0
0.0
0.229963
1.0
0.368571

0.737897
0.333907
0.045853
-0.021274
0.598067
1.0
0.996044
0.352747
0.018974
0.0
0.001685
0.059121
0.0
0.0
0.045348
0.021612
0.0
0.415311
1.0
1.0

