y
Left

0.335648
0.0
0.0
0.0
-0.550586
0.0
-0.040159
-0.031588
1.0
1.0
1.0
1.0
1.0
1.0
1.0
1.0
1.0
0.272747
0.0
0.0

0.128531
0.0
0.0
0.0
-0.391355
0.0
-0.017636
0.015348
1.0
1.0
1.0
1.0
1.0
1.0
1.0
1.0
1.0
0.186593
0.0
0.0

-0.064152
0.0
0.0
0.0
-0.264403
0.0
-0.077343
-0.01603
1.0
1.0
1.0
1.0
1.0
1.0
1.0
1.0
1.0
0.292088
0.0
0.0

0.371564
0.0
0.0
0.0
-0.195284
0.0
-0.224865
-0.104314
1.0
1.0
1.0
1.0
0.998608
0.99978
1.0
0.758901
0.999414
0.38381
0.0
0.0

0.128531
0.0
0.0
0.0
-0.43132
0.052907
0.018454
-0.002611
1.0
0.971648
0.747766
1.0
0.99978
1.0
1.0
1.0
1.0
0.181612
0.0
0.0

-0.05865
0.0
0.0
0.0
-0.407102
0.0
0.064396
0.0
1.0
1.0
1.0
1.0
0.979707
1.0
1.0
0.821612
1.0
0.284908
0.0
0.0

0.392176
0.0
0.0
0.0
-1.012192
0.0
0.021314
0.0
0.99978
1.0
1.0
1.0
1.0
1.0
1.0
1.0
1.0
0.518608
0.053553
0.0

-0.742324
0.0
0.0
0.0
-0.016833
0.0
-0.235896
-0.030305
1.0
1.0
1.0
0.99978
1.0
0.998315
1.0
0.989084
1.0
0.21033
0.0
0.00989

0.532275
0.0
0.0
0.0
-0.13911
0.0
0.010769
-0.1875
1.0
1.0
1.0
0.977509
0.998608
0.99978
1.0
1.0
1.0
0.412528
0.0
0.0

-0.14251
0.0
0.0
0.0
-0.407102
0.077863
-0.062784
-0.032166
1.0
0.99978
1.0
0.99978
0.998022
0.998315
1.0
0.709963
1.0
0.24989
0.0
0.0

-0.064152
-0.474137
0.0
0.0
0.017505
0.0
0.109708
-0.007332
1.0
1.0
1.0
1.0
0.998022
0.998608
1.0
1.0
1.0
0.072015
0.027766
0.0

0.41117
0.0
0.0
-0.000802
-0.788496
0.09096
-0.052478
-0.162008
0.999487
1.0
1.0
1.0
0.99978
0.880513
0.938461
1.0
1.0
0.716996
0.0
0.093114

0.575717
0.0
0.0
0.0
-0.336532
0.0
-0.021366
0.0
1.0
1.0
0.991209
1.0
1.0
0.999194
1.0
1.0
1.0
0.28696
0.0
0.027766

-0.589901
0.0
0.0
0.0
-0.182873
0.0
-0.015094
0.04652
1.0
1.0
1.0
0.802564
0.998608
0.978535
1.0
0.927692
1.0
0.384982
0.0
0.0

0.405509
-0.001306
0.0
0.0
-0.262548
0.0
-0.235648
-0.030089
1.0
1.0
1.0
1.0
0.797875
0.604762
1.0
1.0
0.771355
0.716996
0.0
0.0

0.017139
0.0
0.0
0.0
-0.130196
0.0
0.017195
-0.158813
1.0
1.0
0.797875
1.0
1.0
1.0
1.0
0.69033
1.0
0.643736
0.0
0.0

-0.061005
0.0
0.0
0.0
-0.016833
0.0
-0.123138
-0.15859
1.0
1.0
1.0
1.0
1.0
1.0
1.0
1.0
1.0
0.181612
0.0
0.0

0.636919
0.0
0.0
0.0
-0.093058
0.0
0.010769
-0.010377
1.0
0.945421
1.0
1.0
1.0
1.0
1.0
1.0
1.0
0.864982
0.0
0.0

