1
Left

0.7066
-0.132483
0.120139
0.0
0.0
1.0
1.0
0.120073
0.266593
0.0
0.0
0.850623
1.0
1.0
1.0
1.0
1.0
1.0
0.999487
0.999487

0.734713
-0.117593
-0.063093
0.0
0.014688
1.0
1.0
0.327399
0.269817
0.0
0.0
0.840073
1.0
1.0
1.0
1.0
1.0
0.678169
0.999487
0.999487

0.66291
-0.091823
-0.073544
0.0
0.078732
1.0
1.0
0.145568
0.11978
0.0
0.0
0.734872
1.0
1.0
1.0
1.0
1.0
0.910549
0.999487
0.999487

0.690655
0.005366
-0.011728
0.0
0.244343
1.0
0.808718
0.0
0.452967
0.0
0.0
1.0
0.998022
0.51685
1.0
1.0
1.0
0.76022
1.0
1.0

0.943993
-0.162367
0.0
0.0
0.179416
1.0
0.653993
0.206081
0.178388
0.0
0.0
1.0
1.0
1.0
1.0
1.0
1.0
0.382344
1.0
0.998901

0.862621
0.758485
0.0
0.0
0.069396
1.0
0.515531
0.270549
0.230785
0.0
0.0
1.0
1.0
1.0
1.0
1.0
1.0
0.82
0.96315
1.0

0.658971
0.272174
0.0
0.186054
0.319807
1.0
0.609451
0.806374
0.084908
0.0
0.0
1.0
0.998608
1.0
1.0
1.0
1.0
0.770476
1.0
0.99978

0.660414
0.082326
-0.063093
0.0
0.279942
1.0
1.0
0.512747
0.044072
0.0
0.0
0.628205
1.0
1.0
1.0
1.0
1.0
0.950549
1.0
0.997729

0.644204
-0.3028
0.016593
-0.012114
0.351188
1.0
0.880513
0.191575
0.271282
0.0
0.0
1.0
0.998608
0.998608
1.0
1.0
0.999487
0.692088
0.99978
1.0

0.641583
0.587995
0.0
0.0
0.14053
1.0
1.0
0.679487
0.44696
0.0
0.0
1.0
0.998315
0.998608
1.0
1.0
1.0
0.950549
1.0
1.0

0.862565
0.016432
0.016593
0.0
0.000232
1.0
0.848278
0.384103
0.162968
0.0
0.0
1.0
1.0
1.0
1.0
1.0
1.0
0.68652
1.0
0.96315

1.0
0.278826
-0.011728
0.131914
0.066279
1.0
1.0
0.709377
0.413993
0.0
0.0
1.0
1.0
1.0
1.0
0.999487
1.0
0.90044
0.96315
0.994213

0.967931
0.082326
0.0
0.0
0.000232
1.0
1.0
0.0
0.225568
0.0
0.0
1.0
1.0
1.0
0.853553
0.878462
1.0
0.94381
1.0
1.0

1.0
0.030611
-0.011728
0.0
0.179416
1.0
1.0
0.206081
0.266593
0.0
0.0
1.0
0.789084
0.998022
1.0
1.0
1.0
0.59685
1.0
1.0

0.756402
0.281611
0.0
0.0
0.0
1.0
0.622344
0.87348
0.135311
0.0
0.03011
1.0
0.998022
0.998022
1.0
0.998315
1.0
0.933846
0.999487
1.0

0.862621
-0.210801
0.0
0.0
0.192878
1.0
1.0
1.0
-0.006332
0.0
0.0
0.915531
1.0
0.998022
1.0
1.0
1.0
0.887985
1.0
1.0

0.862565
0.555126
0.01182
0.0
0.000318
1.0
0.891062
0.87348
0.027322
0.0
0.0
1.0
0.998022
0.648425
0.950256
1.0
1.0
0.82044
1.0
1.0

0.973245
0.04461
0.0
0.0
0.100798
1.0
0.384103
0.679487
0.155896
0.03011
0.0
1.0
1.0
1.0
1.0
1.0
1.0
0.59685
1.0
1.0

