4
Left

0.239817
0.626736
0.124564
0.317328
0.035855
1.0
1.0
0.072015
-0.072449
0.0
0.0
-0.059416
0.0
0.0
-0.208577
0.0
0.0
-0.220435
0.0
0.0

0.28743
0.622014
0.217106
-0.150376
-0.362511
1.0
1.0
0.043297
-0.085857
0.0
0.0
-0.047612
0.0
0.0
-0.085418
0.0
0.0
0.0
0.0
0.0

0.194671
0.684036
0.150873
-0.080711
-0.294679
1.0
1.0
0.030989
-0.087022
0.0
0.0
-0.02048
0.0
0.0
-0.037
0.0
0.0
0.0
0.0
0.0

0.481584
0.539914
0.343849
-0.168865
-0.205677
1.0
0.936484
0.000806
-0.039142
0.0
0.0
0.039568
0.0
0.0
-0.106645
0.0
0.0
0.0
0.0
0.0

0.239817
0.094417
0.246233
-0.184066
-0.307324
1.0
1.0
0.368865
-0.083555
0.0
0.0
0.0
0.0
0.0
0.0
0.0
0.0
0.0
0.0
0.0

-0.206948
0.321574
0.140636
-0.159161
0.081246
1.0
1.0
0.020733
0.0
0.0
0.0
-0.056885
0.0
0.0
0.0
0.0
0.0
0.0
0.0
0.0

0.560717
0.611235
0.194187
-0.335399
0.480749
1.0
1.0
0.062051
0.0
0.0
0.0
0.0
0.0
0.0
0.0
0.0
0.0
-0.026878
0.0
0.0

0.485452
0.034207
-0.014197
-0.172901
-0.155458
1.0
1.0
0.0
0.0
0.0
0.0
0.0
0.0
0.0
0.043883
0.0
0.0
0.0
0.0
0.0

0.613431
0.626736
0.217106
0.160148
-0.370116
1.0
1.0
0.000806
0.0
0.0
0.0
0.0
0.0
0.0
0.0
0.0
0.0
0.0
0.0
0.0

0.405097
0.541869
0.085583
-0.130496
-0.18542
1.0
1.0
0.042125
0.0
0.0
0.0
-0.047612
0.0
0.0
0.0
0.0
0.0
0.0
0.0
0.0

0.565056
0.628264
0.180681
-0.072458
-0.633799
1.0
1.0
0.123297
0.00989
0.0
0.0
-0.059416
0.0
0.0
0.0
0.0
0.0
0.0
0.0
0.0

0.509647
0.219118
0.021352
-0.207906
-0.294679
1.0
1.0
0.020733
0.0
0.0
0.0
-0.101675
0.0
0.0
-0.016028
0.0
0.0
0.0
0.0
0.0

0.533582
0.381995
0.143798
-0.130072
-0.429383
1.0
1.0
0.219414
0.0
0.0
0.0
0.230843
0.0
0.0
0.000806
0.0
0.0
-0.103513
0.0
0.0

-0.522708
0.628264
0.144067
0.317328
-0.168893
1.0
0.693407
0.133846
-0.057115
0.0
0.0
0.0
0.0
0.0
0.0
0.0
0.0
0.016923
0.0
0.0

-0.316504
0.321574
-0.014197
-0.316341
-0.121975
1.0
1.0
0.0
-0.102816
0.0
0.0
0.0
0.0
0.0
0.0
0.0
0.0
0.002271
0.0
0.0

0.300923
0.589541
0.195006
-0.251994
-0.121975
1.0
1.0
0.010183
-0.072449
0.0
0.0
0.0
0.0
0.0
0.0
0.0
0.0
0.0
0.0
0.0

0.509647
0.429628
-0.101369
-0.160154
-0.394286
1.0
1.0
0.020733
0.0
0.0
0.0
-0.059416
0.0
0.0
-0.029802
0.0
0.0
-0.040055
0.0
0.0

0.233971
0.478675
0.101466
-0.053157
-0.3092
1.0
1.0
0.0
0.0
0.0
0.0
0.004908
0.0
0.0
0.0
0.0
0.0
0.030403
0.0
0.0

