5
Left

0.556637
0.385261
0.089331
0.168535
-0.202548
0.146693
0.0
0.0
0.0
0.0
0.0
0.0
0.0
0.0
-0.015115
0.0
0.0
0.0
0.0
0.0

1.0
0.766332
0.00514
0.223737
-0.322446
0.0
-0.017041
-0.011716
-0.112979
0.0
0.0
-0.056545
0.0
0.0
-0.095442
0.0
0.0
-0.094093
0.0
0.0

1.0
0.77544
-0.054957
-0.133894
-0.219647
0.027391
0.0
0.0
-0.130307
0.0
0.0
-0.090114
0.0
0.0
-0.155271
0.0
0.0
-0.204543
0.0
0.0

0.405513
0.410829
0.356887
-0.006853
-0.465648
0.118171
0.0
0.0
-0.086288
0.007253
0.0
-0.057099
0.0
0.0
-0.095442
0.0
0.0
-0.213918
0.0
0.0

0.753229
0.371591
-0.072781
-0.37685
0.063313
0.174959
0.0
0.0
-0.051086
0.005788
0.0
-0.025038
0.0
0.0
-0.048425
0.0
0.0
0.0
0.0
0.0

0.078692
0.299514
-0.018077
0.168535
-1.227225
0.0
0.0
0.0
-0.106712
0.0
0.0
-0.024315
0.0
0.0
-0.070756
0.0
0.0
-0.162297
0.0
0.0

0.356805
0.57738
-0.241753
-0.116648
-0.525045
0.032871
0.0
0.0
0.0
0.0
0.0
-0.007963
0.0
0.0
-0.082774
0.0
0.0
-0.050472
0.0
0.0

0.016912
0.597367
-0.228596
-0.320289
-0.202548
0.0
0.006667
0.0
0.0
0.0
0.037729
-0.003281
0.0
0.0
-0.045167
0.0
0.0
-0.121387
0.0
0.0

0.186361
0.445598
0.375733
-0.19294
-0.577161
0.031194
0.058242
0.0
-0.021342
0.0
0.0
-0.048258
0.0
0.0
-0.149483
0.0
0.0
-0.158191
0.0
0.0

0.262714
0.371591
0.010374
-0.089161
-0.578785
0.0
-0.026576
0.0
0.276557
0.0
0.011648
-0.057099
0.0
0.0
-0.048425
0.0
0.0
0.040952
0.0
0.0

0.216933
0.183928
0.303044
-0.478684
-0.526444
0.0
0.0
0.0
0.0
0.0137
0.0
0.0
0.0
0.0
0.0
0.0
0.0
-0.096814
0.0
0.0

0.016912
0.417755
0.001399
0.194966
-0.37368
0.215017
0.0
0.0
-0.076239
0.0
0.0
-0.060794
0.0
0.0
0.0
0.0
0.007546
-0.084968
0.0
0.0

0.141519
0.31904
0.168917
-0.106821
-0.569285
0.215017
0.174579
0.0
-0.138143
0.0
0.0
-0.008115
0.0
0.0
-0.149949
0.0
0.0
-0.094093
0.0
0.0

0.016912
0.306391
0.16998
-0.149671
-1.227225
0.157051
-0.023583
-0.004462
0.0
0.0
0.001392
0.0
0.0
0.0
0.036164
0.0
0.0
-0.134751
0.0
0.0

0.099691
0.348273
0.118505
-0.246375
-0.339542
0.0
0.0
0.0
-0.106712
0.023077
0.0
0.0
0.0
0.0
0.0
0.0
0.0
0.0
0.001685
0.0

0.695281
0.681064
0.019979
-0.125721
-0.577161
0.395629
0.042125
0.0
0.016629
0.0
0.037729
0.0
0.0
0.0
-0.027572
0.0
0.0
0.0
0.0
0.0

-0.178277
0.183928
0.016551
-0.093223
-0.510178
0.0
0.018388
-0.063654
0.0
0.0
0.0137
0.0
0.0
0.0
-0.045167
0.0
0.0
-0.17259
0.0
0.0

0.30099
0.652082
0.069084
-0.213788
-0.86232
0.0
0.0
0.011941
-0.051086
0.0
0.0
-0.102743
0.0
0.0
0.0
0.0
0.0
-0.038728
0.0
0.0

