7
Left

0.765232
0.534979
0.177412
0.109496
0.114561
1.0
1.0
0.010769
-0.073021
0.0
0.0
0.018388
0.0
0.0
0.263956
1.0
1.0
0.006374
0.0
0.0

0.744789
0.709868
0.131599
0.049597
0.103329
1.0
1.0
0.0
-0.049388
0.0
0.0
0.043297
0.0
0.0
0.37326
1.0
1.0
0.0
0.0
0.0

0.68847
0.694437
0.080581
0.090481
0.104908
1.0
1.0
0.0
-0.03396
0.0
0.0
0.060879
0.0
0.0
0.327546
1.0
1.0
0.0
0.0
0.0

0.68847
0.272392
-0.191016
-0.107306
0.056024
1.0
1.0
0.0
-0.129113
0.0
0.0
-0.120149
0.0
0.0
0.45619
1.0
1.0
0.0
0.0
0.0

0.750661
0.318901
0.202972
-0.085199
0.114561
1.0
1.0
0.021612
0.03978
0.0
0.0
0.0
0.0
0.0
0.139414
1.0
1.0
0.037436
0.0
0.024542

0.710481
-0.0363
0.04029
0.413694
-0.117718
1.0
1.0
0.278022
-0.041588
0.0
0.0
0.057949
0.0
0.0
0.676264
1.0
1.0
0.056484
0.0
0.069377

0.720989
0.366865
0.129418
0.408028
-0.058599
1.0
0.355678
0.0
-0.187481
0.0
0.0
0.0
0.0
0.0
0.308938
1.0
1.0
0.0
0.0
0.015751

0.741942
0.665567
-0.117222
0.0
-0.064408
1.0
1.0
0.019267
0.0
0.0
0.0
0.033626
0.0
0.0
0.902784
1.0
0.660147
0.011062
0.0
0.0

-0.11982
0.265212
-0.026816
0.029798
-0.252382
1.0
1.0
0.379414
0.0
0.0
0.003736
0.430696
0.0
0.0
0.37326
1.0
0.187766
0.056484
0.0
0.0

0.42545
0.529758
0.006781
0.213856
-0.40591
1.0
1.0
0.0
-0.081629
0.0
0.0
0.052674
0.0
0.0
1.0
1.0
1.0
0.005495
0.0
0.0

0.777425
0.614227
0.058696
-0.078549
-0.234053
1.0
0.81326
0.161392
-0.03396
0.0
0.0
0.080513
0.0
0.0
0.356557
1.0
1.0
0.0
0.0
0.0

0.720989
0.647407
-0.117222
-0.085199
-0.259473
1.0
1.0
0.0
0.011648
0.0
0.0
0.00989
0.0
0.0
0.850623
1.0
1.0
0.0
0.0
0.0

1.0
0.348727
-0.026816
0.019875
0.553186
1.0
0.287106
0.0
0.0
0.0
0.0
0.069963
0.0
0.0
0.37326
1.0
1.0
0.048864
0.0
0.0

0.68847
0.37128
0.080581
0.513928
0.036837
1.0
1.0
0.0
-0.075839
0.0
0.0
0.018388
0.002271
0.0
0.139414
1.0
0.734139
0.0
0.024835
0.0

0.710481
0.265212
0.714968
-0.250911
0.104908
1.0
1.0
0.016337
0.0
0.0
0.0
0.0
0.0
0.0
0.256777
0.765934
1.0
0.002857
0.0
0.0

0.767765
0.706213
-0.014023
-0.227344
0.114561
1.0
1.0
0.0
-0.129113
0.0
0.0
0.0
0.0
0.0
0.37326
1.0
0.999487
0.0
0.0
0.0

0.126491
-0.024866
-0.165305
-0.157648
0.117605
1.0
1.0
1.0
0.017643
0.0
0.0
0.166667
0.0
0.0
0.337216
1.0
0.688571
0.002564
0.0
0.0

0.323781
0.338634
-0.117222
-0.085199
-0.243201
1.0
0.764762
0.122857
-0.154168
0.0
0.0
0.014872
0.0
0.0
0.204762
1.0
1.0
0.0
0.0
0.002857

