8
Left

0.950318
0.02766
0.182526
0.516487
-0.31577
1.0
0.619267
0.007546
0.0
0.0
0.0
0.394945
1.0
1.0
0.171941
0.013993
0.013993
0.0
0.0
0.0

0.945354
-0.13201
0.234487
0.535185
-0.182742
1.0
0.662198
0.015165
0.001099
0.0
0.0
0.457363
0.767985
0.767985
0.074359
0.0
0.0
0.0
0.0
0.0

0.876989
-0.058191
0.297129
0.432246
-0.265023
1.0
0.721099
0.044762
0.0
0.0
0.0
0.447839
0.844176
0.844176
0.022491
0.0
0.0
0.0
0.0
0.0

0.665833
-0.13201
-0.466885
0.277421
-0.127163
1.0
0.634945
0.0
0.059922
0.0
0.0
0.401245
1.0
0.21033
0.05619
0.0
0.0
-0.152072
0.0
0.014286

0.937744
-0.044323
-0.013759
0.131742
-0.748377
1.0
0.340879
0.0
0.0
0.0
0.0
0.533553
0.254872
0.809597
0.212674
0.0
0.0
-0.10584
0.0
0.0

0.7736
-0.041291
0.227895
0.010769
-0.2989
1.0
0.403443
0.049744
0.0
0.017802
0.0
0.431722
0.656923
0.212674
0.045934
0.0
0.004615
0.0
0.0
0.0

0.534579
-0.211927
-0.013759
0.432246
-0.339295
1.0
0.340879
0.0
0.048864
0.0
0.0
0.230989
1.0
0.21033
0.264249
0.0
0.0
0.00989
0.0
0.0

0.059098
-0.029575
0.227895
0.402398
-0.335874
1.0
1.0
0.030989
0.0
0.001978
0.0
0.394945
0.235824
0.850623
0.079634
0.0
0.0
-0.198547
0.01956
0.0

0.803536
0.250817
0.167251
0.131742
-0.695811
1.0
0.041832
0.007546
-0.009471
0.0
0.0
0.295018
0.581612
0.656923
0.060586
0.007253
0.0
0.0
0.0
0.0

0.76739
0.250817
-0.163449
0.277421
-0.478752
1.0
0.379414
0.0
0.163736
0.0
0.048571
0.074652
0.690623
1.0
0.0
0.004908
0.0
0.0
0.0
0.0

0.643336
0.050649
-0.074702
0.280404
-0.322881
1.0
0.327985
0.083443
0.059922
0.0
0.0
1.0
0.716703
1.0
0.181465
0.0
0.0
0.0
0.0
0.0

0.794648
-0.003195
0.178084
0.010769
-0.323996
1.0
0.041832
0.0
0.0
0.0
0.0
0.511282
1.0
0.853114
0.066154
0.0
0.014872
0.0
0.0
0.0

0.740168
0.489762
-0.026246
0.227349
-0.339295
1.0
0.379414
0.420879
-0.006888
0.065568
0.0
0.641978
0.605934
0.248132
0.282125
0.0
0.0
-0.152072
0.0
0.0

0.534579
0.047856
-0.013759
0.160897
-0.129313
1.0
0.322418
0.0
0.0
0.0
0.0
0.19978
0.850623
0.844176
0.180879
0.0
0.0
-0.034063
0.0
0.0

0.66239
0.318385
-0.040798
0.223164
-0.265023
1.0
0.347766
0.228791
0.048864
0.0
0.0
1.0
1.0
0.28359
0.077875
0.0
0.05326
0.0
0.0
0.0

0.927835
-0.199332
0.0
0.282547
-0.335874
1.0
0.030403
0.0
0.229231
0.0
0.0
0.385128
0.622637
0.758022
0.064982
0.0
0.022491
0.0
0.0
0.0

0.219742
-0.003969
-0.039691
0.307234
-0.747283
1.0
0.063516
0.234066
0.159634
0.0
0.017802
0.254432
0.999707
0.936777
0.509524
0.0
0.0
0.0
0.0
0.0

0.265184
0.237067
0.436788
0.313113
-0.895529
1.0
0.084322
0.218828
0.0
0.0
0.0
0.230989
0.957289
0.513919
0.001685
0.00696
0.0
0.008425
0.0
0.0

