closed_e
Left

0.532878
0.0
-0.004434
0.297845
0.23324
1.0
1.0
0.182491
1.0
1.0
1.0
0.840806
1.0
1.0
0.078755
1.0
1.0
0.132674
0.999487
0.999487

0.505974
0.0
-0.051286
0.13509
0.181082
1.0
1.0
0.182198
1.0
1.0
1.0
0.551722
1.0
1.0
0.06967
1.0
1.0
0.145568
0.999487
0.999487

0.364049
-0.03265
-0.001378
0.200023
0.16868
1.0
1.0
0.047106
0.851795
1.0
1.0
0.442125
1.0
1.0
0.075531
1.0
1.0
0.128864
0.999487
0.999487

0.689931
-0.061495
-0.169073
0.207263
-0.096911
1.0
1.0
1.0
0.670989
1.0
1.0
1.0
1.0
1.0
0.085788
1.0
1.0
0.675092
1.0
1.0

0.629754
-0.03265
-0.363612
-0.266228
0.644378
1.0
1.0
0.979267
1.0
1.0
1.0
1.0
1.0
1.0
0.207399
1.0
1.0
0.175458
1.0
1.0

0.484095
-0.02078
0.037081
-0.061822
-0.145354
1.0
1.0
1.0
0.852967
1.0
1.0
0.491941
1.0
0.999194
0.248132
1.0
1.0
0.162125
1.0
0.689011

0.960046
-0.035785
1.197544
0.18731
-0.155742
1.0
1.0
0.033919
0.605348
1.0
1.0
1.0
1.0
1.0
0.288864
1.0
1.0
0.232161
1.0
1.0

0.285192
-0.03265
0.015075
0.297845
0.02412
1.0
1.0
0.037143
1.0
1.0
1.0
0.98608
1.0
0.998022
0.153919
1.0
0.953626
0.290916
1.0
1.0

0.078146
-0.021544
0.081977
-0.383713
0.644378
1.0
1.0
0.0
0.906447
1.0
1.0
0.951136
0.998315
1.0
0.583956
1.0
1.0
0.54381
1.0
0.997729

0.758763
-0.106242
0.0
0.679746
0.054681
1.0
1.0
0.455311
0.851795
1.0
1.0
0.731648
1.0
0.998608
0.678022
1.0
1.0
0.065568
1.0
1.0

0.971012
0.349471
0.070612
0.04818
0.454621
1.0
1.0
0.182491
0.625568
1.0
1.0
0.598022
1.0
0.999194
0.371648
0.999194
1.0
0.865568
0.998901
0.947473

0.8961
0.0
0.0
0.207263
0.181082
1.0
1.0
1.0
0.935018
1.0
0.99978
1.0
0.998608
1.0
0.288864
1.0
1.0
0.54381
1.0
1.0

0.561924
-0.107818
0.177855
0.250427
0.047863
1.0
1.0
1.0
0.75978
1.0
1.0
0.98608
0.998022
0.998608
1.0
1.0
1.0
0.955531
1.0
0.998901

0.566823
0.0
-0.339661
0.221209
-0.076257
1.0
1.0
0.535165
0.605348
1.0
1.0
1.0
0.999194
1.0
1.0
1.0
1.0
0.285641
0.99978
1.0

0.89586
-0.003565
0.065103
-0.061822
0.644378
1.0
1.0
1.0
0.866301
1.0
1.0
0.405934
1.0
1.0
1.0
1.0
1.0
0.675092
1.0
1.0

1.0
0.078639
0.0
-0.259294
0.163915
1.0
1.0
0.359487
0.605348
1.0
1.0
0.479634
0.998608
0.998315
0.078755
1.0
1.0
0.487546
1.0
1.0

0.8961
0.043276
-0.169073
0.423191
0.112162
1.0
1.0
0.179707
0.830403
1.0
1.0
0.731648
1.0
1.0
0.519634
1.0
1.0
0.681978
1.0
0.947473

0.640146
-0.085399
-0.125247
0.0
-0.143096
1.0
1.0
0.047106
0.894725
1.0
1.0
0.570183
0.999194
0.99978
1.0
1.0
1.0
0.286813
1.0
0.997729

