curved_h
Left

0.455856
-0.411892
-0.338476
0.000115
0.209419
1.0
1.0
0.16022
0.123736
0.686813
0.686813
0.289011
0.196557
0.196557
0.99978
1.0
1.0
0.860293
0.999487
0.999487

0.416593
-0.509187
-0.456946
0.000581
0.215007
1.0
1.0
0.117582
0.173407
0.664835
0.664835
0.274506
0.200806
0.200806
0.997729
1.0
1.0
0.83685
0.999487
0.999487

0.390316
-0.419727
-0.455664
0.0
0.302613
1.0
1.0
0.13707
0.182555
0.406081
0.406081
0.269084
0.198022
0.198022
1.0
1.0
1.0
0.789963
0.999487
0.999487

0.74964
-0.055144
-0.2424
0.0
0.297005
1.0
1.0
0.148645
0.103077
0.628059
0.331062
0.0
0.023663
0.547326
1.0
1.0
1.0
0.447253
0.998901
1.0

0.969001
-0.271772
-0.516852
0.000581
0.238689
1.0
1.0
0.735311
0.08696
0.15348
0.664835
0.474066
0.196557
0.603004
1.0
1.0
1.0
0.640513
1.0
1.0

0.89599
0.203766
0.303113
0.0
0.697174
1.0
0.454432
0.124176
0.145861
0.093114
0.112308
0.266007
0.198022
0.905714
0.856484
1.0
1.0
0.520366
1.0
1.0

-0.194902
-0.186111
-0.456946
0.0
0.275849
1.0
1.0
0.930916
0.162857
0.759194
0.773846
0.014579
0.750989
0.551429
0.534725
1.0
1.0
0.564908
1.0
1.0

0.328657
-0.291375
0.085958
0.0
0.677525
1.0
1.0
0.055311
0.222051
0.99011
0.333846
0.245788
0.200806
0.843297
1.0
1.0
1.0
1.0
0.997729
1.0

0.47419
-0.117039
-0.21196
0.111085
0.614076
1.0
0.608864
0.13707
0.171355
0.394945
0.881978
0.03685
0.551429
0.755678
1.0
1.0
1.0
0.824396
0.99978
0.999194

0.385597
-0.137886
-0.249104
0.0
0.515973
1.0
1.0
0.557582
0.055018
0.229963
1.0
0.217656
0.603004
0.130623
1.0
1.0
1.0
1.0
0.998901
1.0

0.613153
-0.198362
-0.017012
0.0
0.0
1.0
1.0
0.34337
0.151429
1.0
0.712454
0.447399
0.016044
0.518022
1.0
1.0
1.0
0.860293
1.0
1.0

0.816979
-0.291375
-0.345157
0.097676
0.321901
1.0
0.878755
1.0
0.185421
0.19978
0.067033
0.213846
0.532381
0.964762
1.0
1.0
1.0
0.824396
1.0
1.0

0.845116
-0.308407
-0.074552
0.085694
0.496567
1.0
0.59978
0.050623
0.134139
0.525055
0.675238
0.0
0.274213
0.49707
0.901172
1.0
1.0
1.0
1.0
1.0

0.862874
-0.601304
-0.455664
0.0
0.0
1.0
1.0
0.489011
0.094286
0.910403
1.0
0.25663
0.022491
0.755678
1.0
1.0
1.0
1.0
1.0
0.998901

0.816979
-0.535366
-0.538193
0.094011
0.0
1.0
1.0
0.074652
0.185421
0.712454
0.520073
0.14293
0.868205
0.596117
1.0
0.834212
1.0
0.520366
1.0
1.0

0.433117
-0.198362
-0.074552
0.0
0.281616
1.0
1.0
0.874506
0.238462
1.0
0.910403
0.544982
0.200806
0.274213
1.0
1.0
1.0
0.84652
0.999194
1.0

0.810078
-0.137886
-0.249104
0.003415
0.261648
1.0
1.0
1.0
0.173407
1.0
0.380733
0.03685
0.135311
0.198022
1.0
1.0
1.0
1.0
1.0
1.0

0.390316
-0.166484
-0.455664
0.0
0.553171
1.0
1.0
0.845934
0.227912
0.185128
0.394945
0.141465
0.409011
0.154066
1.0
1.0
1.0
1.0
0.997729
0.999487

