curved_l
Left

1.0
0.066229
0.0
0.0
0.0
0.0
-0.113959
-0.078347
0.571648
0.670696
0.670696
1.0
1.0
1.0
1.0
1.0
1.0
1.0
0.999487
0.999487

1.0
0.008255
-0.080765
0.0
0.0
0.001432
0.021319
0.0
0.512161
0.715238
0.715238
0.933846
1.0
1.0
1.0
1.0
1.0
1.0
0.999487
0.999487

1.0
0.115611
0.0
0.0
0.0
0.0
-0.053804
-0.038149
0.765641
0.630843
0.630843
1.0
1.0
1.0
1.0
1.0
1.0
1.0
0.999487
0.999487

0.417466
-0.020028
0.0
0.0
0.0
0.0
-0.13125
-0.177014
0.496923
0.147619
0.539853
1.0
1.0
0.998022
1.0
1.0
0.602711
1.0
0.826593
1.0

0.974293
-0.051671
0.0
-0.012874
0.0
0.001432
-0.363636
-0.088963
0.281538
0.240073
0.235971
0.694139
1.0
0.998315
1.0
1.0
0.350989
0.213429
0.99978
1.0

0.417873
-0.068381
0.0
0.0
0.0
0.0
0.0
-0.137136
0.153187
0.504249
0.367985
0.929157
1.0
0.99978
1.0
0.49956
1.0
0.998022
0.99978
1.0

0.058804
-0.103685
0.0
0.0
0.001831
0.463127
-0.257475
0.0
0.512161
0.539853
0.504249
1.0
1.0
0.948791
1.0
1.0
1.0
0.99978
0.999487
1.0

0.738686
0.002978
0.0
0.0
0.0
0.0
-0.113959
-0.10485
0.0
0.399048
0.282711
1.0
1.0
1.0
1.0
0.49956
0.602711
1.0
0.804176
0.999194

0.279801
0.218122
0.0
0.0
0.0
0.451206
-0.173145
-0.1875
0.56022
0.830989
0.382198
1.0
1.0
1.0
1.0
0.892528
1.0
1.0
1.0
1.0

0.417466
-0.024569
0.0
0.049603
0.0
0.0
-0.144773
0.0
0.3463
0.25033
0.075238
1.0
1.0
0.998608
1.0
1.0
0.350989
0.362711
1.0
1.0

0.324766
-0.065473
-0.440165
0.0
-0.002649
0.0
0.0
0.0
0.571648
0.800659
0.504249
1.0
1.0
1.0
1.0
1.0
1.0
0.983333
1.0
1.0

1.0
-0.053196
0.0
0.0
2.1e-05
0.0
-0.044867
-0.106281
0.028352
0.077582
0.28652
1.0
1.0
1.0
1.0
1.0
1.0
0.94337
1.0
1.0

0.405436
0.218122
0.0
-0.129282
0.0
0.0
-0.244123
-0.038149
0.56022
0.448718
0.502784
1.0
0.960293
1.0
1.0
1.0
1.0
1.0
0.852674
0.761978

0.714649
-0.060025
0.0
-0.021004
0.0
0.0
-0.004254
0.0
0.198022
0.077582
0.282711
0.559341
0.998608
1.0
1.0
1.0
1.0
1.0
1.0
1.0

0.324766
-0.103685
0.0
-0.200667
-0.03829
0.0
-0.044867
-0.104244
0.076703
0.504249
0.382198
1.0
1.0
0.998022
1.0
1.0
0.517436
1.0
0.824835
1.0

0.539673
-0.240411
0.0
0.0
0.0
0.463127
0.0
0.0
0.076703
0.927106
0.315971
1.0
1.0
1.0
1.0
1.0
0.984982
0.998022
0.781758
1.0

0.895227
-0.229098
0.0
0.0
-0.162002
0.0
-0.043442
-0.078347
0.1863
0.28652
0.261026
1.0
1.0
0.825714
0.681245
1.0
1.0
0.900879
1.0
0.999487

0.085058
0.13497
-0.300347
0.0
-0.002649
0.0
0.021319
0.0
0.218535
0.147619
0.830989
1.0
0.818681
0.998022
1.0
1.0
0.517436
0.432454
1.0
1.0

