curved_v
Left

0.242361
0.319388
0.021306
-0.026582
0.188919
1.0
1.0
0.036264
0.03011
0.506593
0.506593
-0.033855
0.270696
0.270696
0.661758
1.0
1.0
0.712747
0.999487
0.999487

0.30848
0.248041
-0.17292
0.015105
0.048336
1.0
1.0
0.05326
0.142296
0.35011
0.35011
0.142212
0.081978
0.081978
0.685055
1.0
1.0
0.948791
0.999487
0.999487

0.313233
0.349665
-0.174389
4.4e-05
0.251563
1.0
1.0
0.06381
0.124389
0.406081
0.406081
0.08696
0.172381
0.172381
0.99707
1.0
1.0
0.708205
0.999487
0.999487

0.612046
-0.028543
-0.358013
0.0
0.211803
1.0
0.534725
0.43685
0.002564
0.422491
0.151429
0.0
0.172381
0.089011
0.843883
1.0
1.0
0.309231
1.0
1.0

0.750577
0.396654
-0.43584
0.015105
0.426504
1.0
0.975751
0.0
0.014813
0.405202
0.391429
0.204322
0.285348
0.315824
1.0
1.0
1.0
0.697949
1.0
1.0

0.856426
0.440685
-0.048603
0.0
0.234431
1.0
0.687399
0.165788
0.0
0.207106
0.925787
0.0
0.192308
0.624689
0.650476
1.0
1.0
0.604908
1.0
1.0

0.30312
0.39792
-0.174389
0.0
0.05619
1.0
1.0
0.826886
0.028645
0.391429
1.0
0.0
0.081099
0.178828
1.0
1.0
1.0
0.695165
1.0
1.0

1.0
0.089151
-0.427584
0.116526
0.426504
1.0
0.771795
0.061172
0.041245
0.406081
0.153773
-0.004956
0.124176
0.51011
0.701905
0.999487
1.0
0.604908
1.0
0.997729

0.469739
0.212852
-0.422572
0.0
0.488812
1.0
0.390843
0.543224
0.134276
0.370623
0.391429
0.025128
0.793187
0.180147
0.815311
1.0
1.0
0.870843
1.0
1.0

0.591803
0.878816
0.074494
-0.009822
0.426504
1.0
0.805788
0.270696
0.082857
0.461172
0.461172
0.085466
0.624689
0.550843
1.0
1.0
1.0
0.289304
0.997729
0.997729

0.319921
0.225778
-0.054123
0.0
0.210681
1.0
0.945568
0.494579
0.050623
0.155238
0.449011
0.0
0.197143
0.192308
1.0
1.0
1.0
0.322418
1.0
0.794652

0.862249
0.135662
-0.150315
0.0
0.048336
1.0
1.0
1.0
-0.003308
0.153773
0.35011
0.0
0.067326
0.51011
0.840366
1.0
1.0
0.612381
1.0
0.998901

1.0
0.225778
-0.358013
0.0
-0.202651
1.0
0.287985
0.352161
0.0
0.71641
0.925787
0.0
0.253993
0.624689
1.0
1.0
1.0
0.797289
0.99978
0.527839

0.580225
0.212852
0.483787
0.116526
0.488812
1.0
0.33033
0.43685
0.014813
0.32315
1.0
0.0
0.113626
0.550843
1.0
1.0
0.390256
0.621026
0.99978
1.0

0.862249
0.227377
-0.009384
0.198036
0.313978
1.0
1.0
1.0
-0.00798
1.0
0.551429
0.022784
0.081978
0.220879
0.815311
1.0
1.0
0.706154
0.998901
0.997729

0.537486
0.288973
-0.133134
0.0
-0.045054
1.0
1.0
0.588938
0.093407
0.151429
0.415165
0.0
0.005201
0.481245
0.701905
1.0
1.0
0.663223
1.0
1.0

0.624111
0.344993
-0.054123
0.0
-0.291918
1.0
0.856191
0.016337
0.0
0.582931
0.428059
0.0
0.315824
0.06967
0.685055
1.0
1.0
0.894139
1.0
1.0

0.580225
0.381766
-0.43584
-0.040771
0.137497
1.0
1.0
0.258681
0.218095
0.461172
1.0
0.142212
0.160513
0.113626
0.674506
0.999194
1.0
0.622344
1.0
1.0

