curved_1
Left

1.0
0.336553
0.0
0.0
0.0
1.0
1.0
0.165495
0.457949
1.0
1.0
1.0
1.0
1.0
1.0
1.0
1.0
1.0
0.999487
0.999487

0.992124
-0.038101
-0.021321
0.0
-0.046034
1.0
1.0
0.226447
0.461758
0.650769
0.650769
0.976923
1.0
1.0
1.0
1.0
1.0
0.915092
0.999487
0.999487

0.81592
0.120668
-0.087441
-0.032394
0.0887
1.0
1.0
0.167399
0.314652
0.831282
0.831282
0.878608
1.0
1.0
0.89956
1.0
1.0
0.847546
0.999487
0.999487

0.735448
-0.022886
-0.021321
0.407057
0.428843
1.0
1.0
0.438462
0.28696
0.646081
0.134725
0.796703
1.0
0.998315
0.418095
1.0
1.0
1.0
1.0
1.0

1.0
0.223678
0.0
0.0
0.161775
1.0
0.944103
0.405788
0.049744
1.0
0.245788
1.0
0.998608
1.0
1.0
1.0
1.0
1.0
1.0
1.0

0.835338
0.116104
0.000231
0.0
0.0482
1.0
1.0
0.177802
0.140879
0.326081
0.486081
0.971648
1.0
1.0
1.0
1.0
1.0
1.0
1.0
0.999487

0.772572
-0.378769
-0.051658
0.003749
0.179026
1.0
1.0
0.62
0.140879
0.474359
0.318755
0.915678
0.99978
1.0
1.0
1.0
1.0
0.367546
0.997729
1.0

-0.072234
0.185388
-0.009015
0.0
0.0
1.0
0.92652
0.0
0.201245
0.945275
1.0
1.0
0.998608
1.0
1.0
1.0
1.0
1.0
1.0
1.0

1.0
0.396503
0.0
0.0
0.0482
1.0
0.404176
0.149963
-0.159085
0.71641
0.10044
1.0
1.0
1.0
1.0
0.143516
1.0
0.895311
1.0
1.0

0.665667
0.138634
0.0
0.0
-0.01297
1.0
0.538828
0.588205
0.011648
0.245788
0.307326
0.935604
1.0
1.0
1.0
1.0
1.0
0.508938
1.0
1.0

0.555192
-0.092171
0.158573
0.0
0.037846
1.0
1.0
0.571209
0.115092
0.945275
1.0
1.0
1.0
1.0
0.870256
1.0
1.0
1.0
0.99978
1.0

0.946891
-0.107263
0.250913
0.454818
-0.046034
1.0
1.0
0.452381
0.536191
1.0
0.727253
1.0
0.99978
0.99978
1.0
1.0
1.0
0.752161
0.999487
1.0

0.702139
0.064533
0.0
0.0
0.210421
1.0
1.0
1.0
-0.013413
0.134725
0.10044
0.778828
1.0
1.0
1.0
1.0
1.0
0.274799
1.0
1.0

0.262469
0.234887
0.0
0.0
0.448659
1.0
1.0
0.877875
0.049744
0.486081
0.71641
1.0
0.998315
1.0
0.638755
1.0
1.0
1.0
1.0
1.0

0.992124
0.063362
0.040577
0.0
0.167381
1.0
0.927692
0.671429
0.115092
1.0
1.0
0.237943
1.0
1.0
0.88696
1.0
1.0
0.560366
0.85326
1.0

0.574184
0.189545
-0.644766
0.0
0.150297
1.0
0.711136
1.0
0.043004
1.0
0.10044
0.720513
0.998608
1.0
1.0
1.0
0.999487
0.973993
1.0
1.0

0.774329
0.064533
-0.057268
0.0
0.021945
1.0
0.999487
0.12315
0.086733
0.115531
0.307326
1.0
1.0
1.0
0.418095
1.0
0.143516
1.0
0.999194
1.0

0.575378
0.159994
-0.068207
0.000585
0.270248
1.0
0.89956
0.0
0.10588
0.33033
0.348791
1.0
1.0
1.0
1.0
1.0
1.0
0.55641
1.0
0.997729

