f
Left

0.724767
-0.054065
0.035938
-0.055805
-0.657489
1.0
0.290037
0.265714
0.42337
1.0
1.0
0.135604
0.0
0.0
-0.061642
0.0
0.0
-0.235863
0.0
0.0

0.663193
-0.011002
-0.107927
-0.13998
-0.6867
1.0
0.371795
0.143956
0.292674
1.0
1.0
0.071722
0.0
0.0
-0.136822
0.0
0.0
-0.25896
0.0
0.0

0.686434
-0.057776
-0.193703
-0.099203
-0.58712
1.0
0.397436
0.070256
0.329597
1.0
1.0
0.152015
0.0
0.0
0.0
0.0
0.0
-0.156823
0.0
0.0

0.538963
-0.257854
-0.193703
0.016461
-0.58712
0.89117
0.314066
0.304835
0.339267
1.0
0.894286
0.072601
0.0
0.002564
-0.224185
0.0
0.0
-0.038146
0.014286
0.0

0.798065
-0.664121
0.28601
-0.180516
-0.676867
1.0
0.0
0.292527
0.529011
1.0
1.0
0.183077
0.0
0.0
0.048143
0.0
0.0
-0.25896
0.0
0.0

0.76451
-0.255854
0.145123
-0.61043
-0.448379
1.0
0.016923
0.0
0.441832
0.694725
0.399048
0.158976
0.0
0.018974
0.0
0.0
0.0
-0.069344
0.0
0.0

0.670714
-0.395355
-0.324293
-0.112035
-0.389935
1.0
0.079634
0.158755
0.333407
0.366813
1.0
0.125346
0.0
0.0
0.0
0.0
0.0
-0.143214
0.0
0.0

0.742884
-0.063717
0.301279
-0.227419
-0.800934
1.0
0.267619
0.724029
0.894872
0.732821
0.255751
0.0137
0.0
0.0
0.0
0.0
0.0
-0.18093
0.0
0.0

0.586779
0.2345
1.094036
-0.156591
-1.006281
1.0
0.221172
0.278608
0.191722
1.0
0.399048
0.058242
0.0
0.0
0.012234
0.0
0.0
-0.260753
0.0
0.0

0.808385
-0.055638
-0.07838
-0.313311
-0.063536
0.975745
0.052088
0.43978
0.215018
1.0
0.348645
0.121099
0.0
0.012527
-0.044741
0.0
0.0
-0.161025
0.0
0.0

0.869511
0.064909
-0.259
-0.528687
-0.58712
0.556801
0.016337
0.278608
0.427473
0.897509
0.629084
0.050916
0.0
0.0
0.043297
0.018388
0.0
-0.038725
0.017802
0.0

0.742228
-0.050348
-0.107927
-0.104857
-0.432081
1.0
0.0
0.288132
0.779267
0.328132
1.0
0.135604
0.0
0.0
0.0
0.0
0.007546
0.0
0.0
0.0

0.956209
0.648703
0.145123
0.044058
-0.674445
0.638973
0.0
0.375751
0.353626
1.0
0.795238
0.306154
0.0
0.0
0.0
0.0
0.018388
-0.102549
0.0
0.0

0.71853
-0.405391
0.035938
-0.142362
-0.464822
1.0
0.0
0.527399
0.184835
1.0
0.229963
0.0
0.016923
0.0
-0.126852
0.0
0.0
-0.039492
0.0
0.196557

0.744707
0.579923
-0.818976
-0.196021
-0.434905
1.0
0.0
0.242564
0.370037
0.35348
1.0
0.175604
0.0
0.004908
0.0
0.018388
0.0
-0.074552
0.0
0.0

0.795802
-0.79665
-0.324823
-0.528687
-0.464822
0.6243
0.277875
0.395531
0.326667
0.255751
0.399048
0.044762
0.0
0.0
-0.063061
0.0
0.0
-0.038146
0.0
0.0

0.69491
-0.011002
0.004393
-0.129325
-0.718214
1.0
0.253993
0.242564
0.357436
0.78
0.438169
0.0
0.070256
0.0
0.0
0.0
0.198022
-0.482311
0.0
0.001099

0.753735
0.067475
-0.166708
-0.227419
-0.052104
0.941522
0.0
0.292527
0.339267
1.0
1.0
0.0
0.0
0.0
0.0
0.0
0.0
0.0
0.0
0.0

