flat_n
Left

0.795358
-0.197271
-0.041255
0.0
0.025605
1.0
1.0
0.16022
0.767106
0.079048
0.079048
0.960513
0.0
0.0
1.0
1.0
1.0
0.937656
1.0
1.0

0.754909
-0.519596
-0.292196
-0.084778
-0.098522
1.0
1.0
0.131209
0.504249
0.060586
0.060586
0.77033
0.0
0.0
0.886081
1.0
1.0
0.66337
0.999487
0.999487

0.676831
-0.522055
-0.279883
-0.105822
-0.106662
1.0
1.0
0.081685
0.544103
0.075238
0.075238
0.800806
0.006374
0.006374
0.876117
1.0
1.0
0.608278
0.999487
0.999487

0.954541
-0.741482
0.0
0.0
0.219532
1.0
1.0
1.0
0.509084
0.0
0.042711
0.877289
0.998022
0.0
0.699414
1.0
1.0
0.159634
1.0
1.0

0.385928
-0.626467
0.0
0.0
0.315469
1.0
1.0
0.216191
0.741026
0.169011
0.17326
0.945861
0.035678
0.0
1.0
1.0
1.0
0.889304
0.99978
0.016337

-0.128528
-0.419635
0.0
0.0
0.0
1.0
1.0
1.0
0.504249
0.092234
0.0
1.0
0.020147
0.012527
1.0
0.670989
1.0
0.745421
0.999487
1.0

0.636481
-0.928556
0.0
0.0
0.289724
1.0
0.854432
0.216191
1.0
0.063516
0.151429
0.875824
0.031575
0.051502
1.0
1.0
1.0
1.0
1.0
1.0

0.956472
-0.083132
-0.25336
0.0
0.0
1.0
0.833626
0.772821
0.280073
0.034799
0.0
0.721685
0.054432
0.018388
1.0
0.670989
1.0
0.193626
1.0
0.99978

0.924844
-0.135867
-0.095016
0.0
0.036375
1.0
0.737949
0.087253
0.605934
0.0
0.045055
0.849744
0.020733
0.017216
0.717289
1.0
1.0
0.937656
0.99978
0.997729

0.952284
-0.204468
0.0
0.0
-0.256906
1.0
0.794066
0.426007
0.850623
0.055604
0.079048
1.0
0.045934
0.007253
0.847692
1.0
1.0
0.704103
1.0
1.0

0.2751
-0.522055
0.0
0.0
0.0
1.0
1.0
0.725055
0.531355
0.058535
0.139121
0.664249
0.051502
0.030989
1.0
1.0
1.0
0.603004
0.095458
1.0

0.636481
-0.60387
-0.45231
-0.165422
0.202055
1.0
1.0
1.0
0.280073
0.015751
0.18718
1.0
0.020147
0.0
1.0
1.0
1.0
0.69033
0.999194
1.0

0.993456
-0.456905
-0.027564
0.0
0.0
1.0
0.693114
0.062051
1.0
0.067033
0.17956
1.0
0.172234
0.008425
1.0
0.999487
1.0
0.704103
0.021319
1.0

0.636481
0.0
-0.373548
0.0
0.345999
1.0
1.0
0.501026
0.542051
0.065568
0.0
0.887253
0.030989
0.007253
0.841978
1.0
1.0
0.407253
1.0
1.0

0.683392
0.0
-0.180029
0.0
0.202055
1.0
0.635238
1.0
0.344249
0.004615
0.008425
0.875824
1.0
0.006374
0.699414
1.0
1.0
0.695311
1.0
0.021319

1.0
-0.928556
0.0
0.0
0.081122
1.0
0.804615
0.772821
0.675971
0.0
0.18718
0.638462
0.0
0.0
0.712308
1.0
1.0
0.159634
1.0
1.0

0.629924
-0.639385
-0.229103
0.0
0.279342
1.0
1.0
0.532088
0.389377
0.004615
0.281538
0.676703
0.001099
0.015165
0.495897
0.999487
1.0
0.695311
1.0
1.0

0.666011
-0.913531
-0.180029
-0.080058
0.217962
1.0
0.699121
0.814286
0.544103
0.100879
0.101612
0.922637
1.0
0.037143
1.0
1.0
0.670989
0.369451
1.0
1.0

