flat_1
Left

0.776233
-0.306101
0.0
0.0
0.135892
1.0
1.0
0.164322
0.510403
0.055604
0.055604
1.0
1.0
1.0
1.0
1.0
1.0
0.893114
1.0
1.0

0.718488
-0.349355
0.0
0.0
0.182395
1.0
1.0
0.061465
0.57707
0.066154
0.066154
1.0
1.0
1.0
1.0
1.0
1.0
0.818388
0.999487
0.999487

0.756329
-0.303496
0.0
0.0
0.159297
1.0
0.713187
0.093407
0.607399
0.038901
0.038901
1.0
1.0
1.0
1.0
1.0
1.0
0.864396
0.999487
0.999487

0.213782
0.014082
0.0
0.0
0.332116
1.0
0.562857
0.630256
0.950989
0.04652
0.056777
0.649304
0.931502
0.999194
0.861612
1.0
1.0
0.534432
1.0
0.99978

0.982611
0.0
-0.521668
0.0
0.277926
1.0
0.684469
0.000513
1.0
0.035385
0.023663
1.0
1.0
1.0
1.0
1.0
1.0
0.960806
1.0
1.0

0.72259
-3.039369
0.0
0.0
0.248353
1.0
1.0
0.194506
0.401685
0.033333
0.0
0.684029
0.479927
0.998608
1.0
1.0
1.0
1.0
1.0
0.997729

-0.012175
-1.115612
0.0
0.0
0.220167
1.0
1.0
1.0
0.57707
0.037436
0.039487
1.0
0.998608
1.0
1.0
1.0
1.0
1.0
1.0
1.0

0.714094
-1.130693
0.0
0.0
0.0
1.0
1.0
0.200659
0.35641
0.0
0.036557
1.0
0.998608
0.998022
1.0
1.0
0.974286
0.966374
1.0
1.0

0.814943
-0.026791
-0.421846
0.0
0.065572
1.0
1.0
0.085495
0.989817
0.072015
0.059707
1.0
0.999194
0.931502
1.0
1.0
1.0
0.752454
1.0
0.662051

0.956736
-0.747432
0.0
0.0
0.606946
1.0
1.0
0.194506
1.0
0.035385
0.01663
1.0
1.0
1.0
1.0
1.0
1.0
0.691502
1.0
1.0

0.649204
0.0
-0.421846
-0.108742
0.277926
1.0
0.562857
0.149963
0.571062
0.023663
0.0
1.0
1.0
1.0
1.0
1.0
1.0
0.777656
1.0
1.0

1.0
-0.024702
0.0
0.0
0.040468
1.0
1.0
0.432601
1.0
0.066154
0.033333
1.0
1.0
1.0
1.0
1.0
1.0
0.70967
1.0
1.0

0.987534
-0.66905
0.0
0.0
0.199192
1.0
1.0
0.0
0.51685
0.039487
0.033333
1.0
1.0
1.0
1.0
1.0
1.0
0.777656
1.0
1.0

0.900617
-0.800668
0.0
0.0
0.0
1.0
1.0
0.197436
0.340733
0.055018
0.126813
1.0
0.37033
1.0
1.0
1.0
0.72696
0.721685
1.0
1.0

-0.012175
-0.532791
0.0
0.0
0.332116
1.0
0.855604
0.432747
1.0
0.055604
0.142491
1.0
1.0
1.0
1.0
0.724615
1.0
0.901905
0.999487
0.912601

0.708438
-0.747432
0.0
0.0
0.146279
1.0
1.0
0.018681
1.0
0.046227
0.071136
1.0
1.0
0.998608
1.0
1.0
1.0
0.721685
1.0
1.0

0.776233
0.014082
0.0
0.0
0.0
1.0
0.489597
0.432601
1.0
0.056777
0.023663
0.627033
0.999194
0.441539
1.0
1.0
1.0
0.911575
0.91348
0.997729

0.72259
-0.972148
0.0
0.172854
-0.052356
1.0
1.0
0.635238
0.567839
0.051502
0.056777
1.0
0.441539
0.998608
1.0
1.0
1.0
1.0
1.0
1.0

