flat_4
Left

-0.868348
-0.7504
-0.310931
-0.469008
-0.319285
1.0
1.0
0.438901
0.504542
0.084908
0.084908
0.801392
0.013993
0.013993
0.32989
0.0
0.0
0.324615
0.0
0.0

-0.903432
-1.115641
-0.809896
-0.779681
-0.463539
1.0
1.0
0.306447
0.324322
0.0137
0.0137
0.594799
0.0
0.0
0.235238
0.0
0.0
0.401832
0.0
0.0

0.316585
-1.307828
-1.03306
-0.78538
-0.372916
1.0
1.0
0.278022
0.369158
0.0
0.0
0.435678
0.0
0.0
0.131062
0.0
0.0
0.309377
0.0
0.0

0.316585
0.0
0.0
0.110609
-0.129064
1.0
1.0
1.0
1.0
0.090476
0.047399
1.0
0.0
0.0
0.266886
0.0
0.0
0.120659
0.0
0.035092

0.772419
0.0
0.0
-0.146706
0.216412
1.0
1.0
0.201539
1.0
0.007253
0.0
0.704689
0.005495
0.0
0.337802
0.001099
0.019853
0.835824
0.035092
0.084908

1.0
-0.798949
-1.03306
0.059385
0.396429
1.0
1.0
0.628205
1.0
0.091355
0.058242
0.597729
0.055604
0.0
1.0
0.0
0.0
0.247546
0.0
0.0

0.612369
-0.707725
0.0
0.0
0.254121
1.0
1.0
1.0
0.0
0.040073
0.0137
0.453846
0.02044
0.007839
0.832454
0.025421
0.025421
1.0
0.00315
0.016337

0.904392
0.0
-0.16899
-0.469008
0.469352
1.0
1.0
0.306447
0.244908
0.231429
0.023077
0.616044
0.006667
0.004615
0.734286
0.011355
0.001392
0.300733
0.0
0.053553

0.524547
0.0
-0.058431
0.0
0.090676
1.0
1.0
1.0
0.670403
0.056484
0.056484
0.335898
0.0
0.0
0.789377
0.019853
0.0
0.378095
0.001685
0.0

0.475651
-0.96769
0.0
-0.255055
0.342443
1.0
1.0
0.429231
0.775018
0.0937
0.081392
0.335898
0.0
0.0
0.258388
0.0
0.0
0.277729
0.0
0.028352

0.524547
0.0
0.0
-0.204427
0.506003
1.0
1.0
0.23641
0.187912
0.008718
0.185128
0.540586
0.0
0.029231
0.960073
0.0
0.0
0.195385
0.0
0.021319

0.647498
-1.053962
0.0
0.013108
-0.120207
1.0
0.898095
0.59978
0.324322
0.063516
0.063516
0.435678
0.0
0.00315
0.832454
0.0
0.0
0.256923
0.022784
0.0

0.748913
0.0
0.0
-0.091492
0.186162
1.0
1.0
0.865568
0.272747
0.047399
0.0137
1.0
0.0
0.006667
0.613846
0.019853
0.0
0.835824
0.028352
0.022784

0.14101
-0.130382
0.0
0.013108
0.477219
1.0
1.0
1.0
1.0
0.090476
0.040073
1.0
0.005495
0.0
0.670696
0.0
0.039194
0.307619
0.001685
0.025128

0.911847
0.0
0.0
0.0
0.081237
1.0
1.0
1.0
1.0
0.008718
0.058242
0.801392
0.0
0.0
0.388791
0.0
0.003443
0.54
0.024835
0.0

-0.95101
-0.7504
-0.054657
-0.761344
0.447668
1.0
1.0
0.201539
1.0
0.052967
0.152308
0.628791
0.013993
0.0
1.0
0.0
0.013993
0.017509
0.0
0.025128

0.911847
-0.707725
0.0
0.0
-0.129064
1.0
1.0
0.626593
0.482271
0.049451
0.075531
0.453846
0.0
0.0
0.789377
0.0
0.0
0.242711
0.031575
0.0

-0.11641
-1.053962
0.0
-0.469008
0.019971
1.0
1.0
0.306447
0.416923
0.081392
0.077289
1.0
0.008425
0.0
0.313773
0.0
0.0
0.660879
0.0
0.031575

