flatspread_5
Left

0.428621
0.784549
0.065283
0.012972
-0.554396
1.0
1.0
0.474359
-0.250971
0.0
0.0
-0.146609
0.0
0.0
-0.134565
0.0
0.0
-0.071287
0.0
0.0

0.341602
0.953774
0.336228
-0.006853
-0.619483
1.0
1.0
0.466154
-0.124702
0.0
0.0
-0.085717
0.0
0.0
-0.076564
0.0
0.0
-0.021567
0.0
0.0

0.318361
0.90416
0.217334
0.030148
-0.461264
1.0
1.0
0.241392
-0.207449
0.0
0.0
-0.051606
0.0
0.0
-0.07075
0.0
0.0
0.0
0.0
0.0

-0.302844
0.460596
0.253378
-0.175375
-0.298507
1.0
1.0
0.91685
-0.112849
0.0
0.034799
0.0
0.0
0.0
0.097949
0.0
0.0
0.0
0.0
0.0

0.612035
0.337821
-0.113868
-0.223842
-0.760624
1.0
0.957875
0.0
-0.008694
0.0
0.080513
-0.051606
0.0
0.0
0.043883
0.0
0.0
0.0
0.0
0.0

0.403125
0.475568
-0.117806
-0.006853
-0.163914
1.0
1.0
1.0
0.052674
0.0
0.0
-0.11613
0.0
0.0
-0.125224
0.0
0.0
-0.021567
0.0
0.0

0.309232
0.190466
-0.07349
-0.006853
-0.300315
1.0
0.415897
1.0
0.052674
0.0
0.0
-0.151497
0.0
0.0
-0.064763
0.0
0.0
-0.191603
0.0
0.0

0.879271
0.722951
-0.054841
0.540792
-0.474621
1.0
1.0
0.947912
0.009597
0.0
0.0
-0.153961
0.0
0.0
-0.020131
0.0
0.0
-0.038749
0.0
0.0

-0.481325
0.457376
0.007468
-0.183322
-0.955864
1.0
1.0
0.926813
0.026007
0.0
0.016337
-0.084572
0.0
0.0
-0.134565
0.0
0.0
-0.23753
0.0
0.0

0.614164
0.280691
-0.092681
-0.207861
0.163451
1.0
0.607692
1.0
0.118022
0.012821
0.055311
0.024249
0.0
0.0
-0.097015
0.0
0.0
-0.06924
0.0
0.0

0.542182
0.486354
0.025003
-0.381244
-0.377565
1.0
1.0
0.907473
-0.124702
0.0
0.013114
-0.033854
0.0
0.0
-0.098758
0.0
0.0
-0.043987
0.0
0.0

0.555781
0.258277
0.102413
-0.149753
-0.754218
1.0
1.0
0.174139
-0.225341
0.0
0.0
-0.162412
0.0
0.0
0.0
0.0
0.0
-0.038749
0.0
0.0

0.697509
0.78778
0.261508
-0.219303
-0.328674
1.0
0.917436
0.91685
0.0
0.0
0.0
-0.198486
0.0
0.0
0.0
0.0
0.0
0.0
0.0
0.0

0.403125
0.280691
0.025003
-0.006853
-0.761254
1.0
1.0
0.371795
0.052674
0.0
0.025421
0.044914
0.0
0.0
-0.134565
0.0
0.0
0.0
0.0
0.0

0.612035
0.339873
-0.490224
-0.158402
-0.47044
1.0
0.723443
1.0
0.089728
0.0
0.0
0.024249
0.0
0.0
0.01956
0.0
0.0
0.0
0.0
0.0

0.674324
0.677319
0.083973
-0.099774
-0.461264
1.0
0.917436
0.987436
-0.008694
0.04652
0.0
0.0
0.0
0.0
0.0
0.0
0.0
-0.072531
0.0
0.0

0.740353
0.390732
0.007468
-0.008719
-0.616503
1.0
1.0
1.0
-0.231298
0.0
0.0
0.0
0.0
0.0
-0.065092
0.0
0.0
0.003443
0.0
0.0

0.341602
0.376664
0.175484
-0.112245
-0.811484
1.0
0.872894
0.395238
-0.107956
0.0
0.0
0.0
0.0
0.0
0.0
0.0
0.0
-0.152511
0.0
0.0

