g
Left

0.645034
-0.565372
-0.0131
0.0
0.035523
1.0
0.450037
0.0
0.678315
0.0
0.0
0.907179
1.0
1.0
1.0
1.0
1.0
0.974286
0.999487
0.999487

0.543187
-0.667211
-0.026136
0.009108
0.0
1.0
0.30293
0.0
0.554799
0.0
0.0
0.921685
1.0
1.0
0.985714
1.0
1.0
1.0
0.999487
0.999487

0.542478
-0.553711
0.0
0.0
0.0
1.0
0.270843
0.0
0.629377
0.0
0.0
1.0
1.0
1.0
1.0
1.0
1.0
1.0
0.999487
0.999487

0.555401
-0.593572
0.0
0.0
0.0
1.0
0.462051
0.0
0.170916
0.032454
0.0
0.547033
0.998315
1.0
1.0
1.0
1.0
1.0
1.0
1.0

0.961077
-0.638502
0.0
0.0
0.0
1.0
0.0
0.0
1.0
0.0
0.027179
1.0
0.998608
1.0
1.0
0.999194
1.0
0.964469
0.99978
1.0

0.684956
0.030867
0.0
0.0
0.00211
1.0
0.193187
0.0
0.424249
0.081685
0.033626
1.0
0.998608
1.0
1.0
1.0
1.0
0.900733
0.99978
0.958169

0.845782
0.154317
0.0
0.0
0.0
1.0
0.276117
0.0
0.90337
0.0
0.04652
1.0
1.0
1.0
1.0
1.0
0.999487
0.83011
1.0
1.0

1.0
-0.715795
-0.078847
0.0
0.0
0.738761
0.818681
0.0
0.118901
0.178974
0.0
1.0
1.0
0.998608
1.0
1.0
1.0
1.0
0.998901
0.999194

1.0
0.0
0.0
0.009108
0.188888
1.0
0.279487
0.0
0.380293
0.0
0.033626
1.0
1.0
1.0
1.0
1.0
1.0
1.0
1.0
0.999194

0.603328
-0.565372
0.0
0.004884
0.316652
1.0
0.581465
0.003736
0.493114
0.08315
0.0
0.547033
0.998022
0.999194
1.0
1.0
0.999194
1.0
0.998901
1.0

0.349604
-0.638502
0.0
0.0
0.113772
1.0
0.707619
0.0
0.515678
0.033626
0.088425
1.0
1.0
0.999194
1.0
1.0
1.0
1.0
0.999487
1.0

0.543187
-1.075266
0.0
0.0
0.035523
1.0
0.0
0.0
0.464103
0.178974
0.090769
0.907179
0.984176
1.0
1.0
0.999194
1.0
1.0
0.998901
1.0

0.603328
-0.267298
0.036587
0.0
0.0
1.0
0.581465
0.0
0.726374
0.0
0.050916
1.0
0.998608
1.0
1.0
1.0
0.999487
1.0
0.999487
1.0

0.531902
-0.169597
0.0
0.0
0.059999
1.0
0.322418
0.18337
1.0
0.050916
0.010769
1.0
1.0
0.864689
1.0
1.0
1.0
0.878169
0.99978
1.0

0.822332
-0.253014
0.0
0.0
0.0
1.0
0.517143
0.0
0.678315
0.054432
0.0
1.0
1.0
0.998022
1.0
1.0
1.0
0.717143
0.99978
1.0

0.707736
-0.711808
0.0
0.0
0.154502
1.0
0.30293
0.0
0.452967
0.0
0.011355
1.0
1.0
0.998608
1.0
1.0
1.0
1.0
1.0
1.0

0.349604
-0.715795
0.050492
0.0
0.0
1.0
0.096337
0.0
1.0
0.011355
0.0
0.921685
0.662637
0.998022
1.0
1.0
1.0
1.0
0.918755
0.998901

1.0
-0.989856
0.0
0.0
0.217682
1.0
0.0
0.0
0.511868
0.0
0.0
1.0
1.0
1.0
1.0
1.0
1.0
0.866447
0.998901
1.0

