goody_goody
Left

0.570261
0.195761
0.197382
0.273305
-0.037194
0.199394
0.108059
0.0
0.0
0.0
0.0
0.0
0.0
0.0
0.100586
1.0
1.0
0.0
0.0
0.0

0.482145
0.233375
0.166706
0.272765
-0.019103
0.376161
0.254579
0.0
0.0
0.0
0.0
0.001099
0.0
0.0
0.118022
1.0
1.0
0.0
0.0
0.0

0.335738
0.2639
0.12795
0.226867
0.165983
0.231243
0.178388
0.0
0.0
0.0
0.0
0.014872
0.0
0.0
0.277875
1.0
1.0
0.037436
0.0
0.0

0.325007
-0.320905
0.290161
-0.029302
-0.462819
0.455644
0.0
0.0
0.192308
0.0
0.0
0.006374
0.0
0.0
0.234689
1.0
1.0
0.124762
0.0
0.0

0.13755
0.026408
-0.165245
0.0
0.728598
0.106827
0.178388
0.0
0.033626
0.0
0.0
0.73956
0.0
0.0
1.0
1.0
0.725788
0.000513
0.0
0.0

0.296852
0.069764
0.232639
0.088819
-0.058274
0.11528
0.066154
0.0
0.0
0.0
0.0
0.000806
0.0
0.0
0.942051
1.0
1.0
0.033919
0.0
0.0

0.446449
-0.059241
-0.201605
0.0
0.037234
0.562051
0.214725
0.0
0.192308
0.0
0.0
0.070842
0.0
0.0
0.21326
1.0
1.0
0.0
0.036557
0.0

0.375192
0.421669
0.016397
0.167515
0.262386
0.125121
-0.05871
0.0937
0.0
0.0
0.0
0.070549
0.0
0.0
0.059121
0.548498
1.0
0.231136
0.200659
0.0

0.13755
0.317955
-0.116236
0.379085
0.413039
0.111477
0.464982
0.058535
0.0
0.0
0.0
0.263517
0.0
0.000513
0.292967
1.0
1.0
0.018681
0.0
0.021319

0.838738
-0.043409
0.23954
0.0
0.339766
0.232671
0.060879
0.0937
0.0
0.0
0.0
0.047399
0.0
0.0
1.0
1.0
1.0
0.0
0.0
0.0

0.311251
0.822387
0.612068
0.23033
0.166604
0.303408
0.214725
0.0
0.0
0.0
0.0
0.014872
0.0
0.0
0.940586
1.0
0.812527
0.037436
0.0
0.036557

0.565446
0.057345
0.37509
0.0
0.165983
0.11528
0.119927
0.0
0.330183
0.0
0.0
0.176337
0.0
0.0
1.0
1.0
1.0
0.020733
0.0
0.0

-0.213505
0.109162
0.24499
0.389279
0.20715
0.11528
-0.05871
0.0
0.001392
0.0
0.0
0.013407
0.0
0.0
0.337509
1.0
1.0
0.0
0.0
0.093114

0.251044
-0.086758
-0.096865
0.032046
0.139826
0.303408
0.031868
0.0
0.023956
0.0
0.0
0.238755
0.0
0.0
0.471136
1.0
0.812527
0.026593
0.0
0.008718

0.210199
0.069764
0.080432
0.119294
0.413039
0.241099
0.0
0.0
0.045348
0.0
0.0
0.087839
0.0
0.0
0.433919
0.999487
1.0
0.000513
0.0
0.049451

0.267978
-0.001978
0.041425
0.0
-0.310877
0.074558
0.13326
0.0
0.425421
0.0
0.0
0.0
0.0
0.0
0.913919
1.0
1.0
0.0
0.0
0.0

0.479952
-0.166312
0.232899
0.0
-0.037194
0.078858
0.048278
0.0
0.0
0.0
0.0
0.013407
0.0
0.0
0.655165
1.0
1.0
0.15641
0.007839
0.0

0.032523
0.58081
-0.165245
0.0
0.139826
0.258693
0.094286
0.0
0.05707
0.0
0.0
0.0
0.0
0.0
1.0
0.956996
1.0
0.001685
0.050916
0.0

