h
Left

0.634115
-0.573183
-0.452762
0.0
0.378122
1.0
1.0
0.06967
0.1463
0.0
0.0
0.321392
0.001685
0.001685
1.0
1.0
1.0
0.722857
0.999487
0.999487

0.614269
-0.654224
-0.547964
0.0
0.32506
1.0
1.0
0.091648
0.169744
0.0
0.0
0.401832
0.0
0.0
1.0
1.0
1.0
0.771648
0.999487
0.999487

0.561565
-0.613254
-0.391303
0.020824
0.106271
1.0
1.0
0.131502
0.12652
0.0
0.0
0.439194
0.0
0.0
0.939121
1.0
1.0
0.909084
0.999487
0.999487

0.377823
-0.674115
-0.009918
0.0
0.558715
1.0
1.0
0.605641
-0.046216
0.0
0.0
0.258095
0.0
0.001099
1.0
1.0
0.858535
0.722857
0.999194
1.0

1.0
-0.546391
0.020674
0.046912
0.0
1.0
0.360366
1.0
0.118901
0.0
0.0
0.55304
0.0
0.0
1.0
1.0
1.0
0.868352
0.999487
1.0

1.0
0.544671
-0.452762
0.223263
0.568496
1.0
1.0
0.159634
0.101612
0.0
0.012821
0.005788
0.0
0.025128
1.0
1.0
0.999194
1.0
0.999194
1.0

0.578489
-0.65679
-0.387824
0.0
0.263902
1.0
0.908352
0.0
0.12652
0.002857
0.000806
-0.216561
0.018974
0.0
1.0
1.0
0.999194
1.0
1.0
1.0

0.834654
-0.454757
-0.358541
0.0
0.568437
1.0
1.0
0.005201
0.093993
0.015458
0.042125
0.251062
0.025128
0.0
0.850916
1.0
1.0
0.895458
1.0
0.999194

0.354089
-0.100519
0.42044
0.0
0.436249
1.0
1.0
0.0
0.101612
0.0
0.0
0.002271
0.0
0.0
1.0
1.0
0.999194
0.8263
1.0
1.0

0.562023
-0.499032
-0.452762
0.0
0.0
1.0
1.0
1.0
0.159341
0.0
0.00315
0.530183
0.0
0.004615
0.939121
1.0
0.999194
0.649011
1.0
1.0

1.0
-0.613554
0.409898
0.0
0.527851
1.0
1.0
0.161978
0.0
0.0
0.0
0.321392
0.0
0.0
1.0
1.0
0.820586
1.0
1.0
1.0

0.684892
-0.62682
-0.277541
0.0
0.0
1.0
1.0
0.159634
0.092234
0.00315
0.012821
0.251062
0.0
0.0
1.0
1.0
1.0
0.205202
1.0
1.0

0.092786
-0.602429
0.409898
0.0
0.307575
1.0
0.604176
0.639927
0.11978
0.0
0.012821
0.050916
0.0
0.0
1.0
1.0
1.0
0.772381
1.0
1.0

0.645326
-0.59176
-0.307385
0.0
0.0
1.0
1.0
0.469377
0.0
0.015458
0.0
0.838315
0.004908
0.0
1.0
0.858535
0.999487
0.868352
0.997729
1.0

0.562023
-0.499032
-0.186194
0.0
0.0
1.0
0.976923
0.0
0.020733
0.0
0.0
0.99978
0.0
0.0
1.0
1.0
1.0
0.482857
1.0
0.998901

1.0
-0.433525
-0.40873
0.0
0.319266
1.0
1.0
0.0
0.045505
0.0
0.0
0.292674
0.0
0.0
1.0
0.999487
1.0
0.8263
0.997729
1.0

0.092786
-0.4582
1.053868
0.0
0.310492
1.0
1.0
0.605641
0.0
0.0
0.0
0.399048
0.0
0.0
1.0
1.0
1.0
0.208865
0.726374
0.999194

0.697434
-0.782366
0.0
0.020824
0.488651
1.0
1.0
0.06967
0.088132
0.015751
0.0
0.412674
0.0
0.0
1.0
1.0
1.0
1.0
1.0
0.726374

