horns
Left

0.632859
-0.269408
0.013977
0.243664
0.248989
1.0
0.817216
0.055897
0.022491
0.0
0.0
0.78
1.0
1.0
0.574872
1.0
1.0
0.016337
0.0
0.0

0.572584
-0.251381
0.032702
0.243175
0.169753
1.0
0.943004
0.055604
0.205055
0.013993
0.013993
0.683297
1.0
1.0
0.637582
1.0
1.0
0.16315
0.0
0.0

0.601241
-0.259107
0.030995
0.294571
0.290446
1.0
0.658095
0.074066
0.076117
0.002271
0.002271
0.71978
1.0
1.0
0.629377
1.0
1.0
0.096337
0.0
0.0

0.416203
-0.218033
0.0
0.142684
0.115527
1.0
0.610183
0.3063
0.203883
0.011648
0.0
0.677875
1.0
1.0
0.94945
1.0
1.0
0.029817
0.021612
0.0

0.401274
0.224508
0.275509
0.0
0.209227
1.0
0.81956
0.13033
0.054432
0.0
0.0
1.0
1.0
1.0
1.0
1.0
1.0
0.026593
0.002271
0.0

0.640051
-0.033394
0.0
0.0
0.248989
1.0
0.377363
1.0
0.028645
0.0
0.039194
0.486667
1.0
0.998608
0.453553
0.999487
1.0
0.05326
0.034799
0.0

0.656853
0.194235
-0.035922
0.0
0.209227
1.0
0.623663
0.663956
0.022491
0.084908
0.0
1.0
1.0
1.0
0.557582
1.0
1.0
0.026593
0.0
0.0

0.4515
-0.167168
0.0349
0.243175
0.320076
1.0
0.745421
0.556117
0.034212
0.011648
0.0
0.824835
1.0
1.0
1.0
1.0
1.0
0.0
0.0
0.0

0.500936
-0.09119
0.018423
0.0
0.251863
1.0
0.891941
0.559341
0.175751
0.000806
0.0
0.919194
0.998608
1.0
0.94945
1.0
1.0
0.079048
0.0
0.0

1.0
0.02822
0.0
-0.021841
-0.011691
1.0
0.641392
0.222198
0.004322
0.0
0.015458
1.0
1.0
1.0
1.0
1.0
1.0
0.104542
0.040952
0.0

0.601241
-0.033394
0.0
-0.012216
-0.008374
1.0
1.0
0.909231
0.065275
0.025714
0.003443
0.556996
1.0
1.0
0.557582
0.938388
1.0
0.153773
0.0
0.0

0.416203
-0.019742
0.275509
0.28736
0.264458
1.0
0.822198
0.256044
0.072015
0.0
0.027766
0.590403
0.998608
1.0
0.43729
1.0
0.999487
0.05326
0.0
0.0

1.0
0.02822
0.0
0.010168
0.021484
1.0
1.0
0.58044
0.022491
0.0
0.0
1.0
1.0
1.0
0.51685
1.0
1.0
0.033919
0.005495
0.0

0.709396
0.019793
0.0
0.131737
0.263546
1.0
1.0
0.0
0.140879
0.031575
0.022491
1.0
1.0
1.0
0.334579
1.0
1.0
0.004029
0.0
0.0

0.401274
0.107015
0.034072
0.0
0.164739
1.0
0.512161
0.0
0.197436
0.000513
0.001392
0.877143
1.0
1.0
0.671282
0.999487
1.0
0.085495
0.0
0.0

0.68772
0.194235
0.081613
0.0
-0.151746
1.0
0.623663
0.401099
0.065568
0.0
0.0
0.552894
1.0
1.0
0.891648
1.0
1.0
0.017216
0.002271
0.0

0.571153
-0.273139
-0.380312
0.131737
1.023924
1.0
1.0
0.482271
0.150256
0.015458
0.084908
0.56696
0.998608
1.0
0.583077
1.0
1.0
0.175018
0.0
0.0

-0.026252
-0.314058
-0.096988
0.108048
0.251863
1.0
1.0
1.0
0.08696
0.031575
0.000513
0.547619
1.0
0.999194
1.0
1.0
0.999487
0.16315
0.0
0.0

