ily
Left

0.632918
-0.056993
-0.075542
0.167289
0.169865
0.0
-0.037607
-0.061464
-0.040256
0.0
0.0
0.823663
1.0
1.0
0.327839
1.0
1.0
0.015458
0.0
0.0

0.331362
0.458516
0.022246
0.296379
0.031012
0.0
-0.080978
-0.055672
-0.055065
0.0
0.0
0.302637
1.0
1.0
0.026593
1.0
1.0
0.0
0.0
0.0

0.802994
0.23537
0.001311
0.240096
0.048739
0.0
-0.003974
-0.007719
-0.09379
0.0
0.0
0.251209
1.0
1.0
0.059707
1.0
1.0
0.0
0.0
0.0

0.369407
-0.206292
0.0
-0.03388
0.051798
0.198002
0.0
0.016044
0.413114
0.0
0.0
1.0
1.0
0.999194
1.0
1.0
1.0
0.12696
0.0
0.0

1.0
0.305001
-0.173857
-0.12795
-0.044459
0.062533
0.008718
0.012234
0.902637
0.030403
0.0
0.715238
1.0
0.786007
0.327839
0.998315
0.587766
0.0
0.0
0.0

0.598723
0.23537
0.07895
0.0
-0.407356
0.13981
0.295897
0.047399
0.331062
0.0
0.0
1.0
1.0
1.0
1.0
0.89956
1.0
-0.115624
0.0
0.006081

-0.367029
-0.214319
-0.226464
-0.078691
0.40652
0.352208
-0.04543
0.0
0.288571
0.0
0.0
1.0
0.671429
1.0
0.605201
1.0
1.0
0.071429
0.04359
0.0

0.371965
-0.242492
0.0
0.0
-0.424032
0.0
-0.078597
0.0
1.0
0.0
0.014579
1.0
0.992527
0.99978
0.327839
0.999487
0.687399
-0.115624
0.025421
0.063516

0.230471
-0.266135
0.0
0.240096
0.219838
0.0
0.295897
0.0
-0.033963
0.0
0.0
1.0
0.990183
0.998315
1.0
1.0
1.0
0.499121
0.01956
0.0

0.230471
0.582092
0.0
0.0
-0.061447
0.165195
0.0
-0.116662
0.18408
0.0
0.0
0.302637
1.0
0.999194
1.0
0.871136
1.0
0.0
0.0
0.0

0.826862
-0.357562
-0.283624
0.023529
0.410571
0.213107
0.0
0.026007
0.372674
0.0
0.0
0.823663
0.998608
1.0
1.0
0.999487
0.999487
0.474945
0.0
0.0

0.205508
0.305001
0.0
0.0
0.0
0.066025
-0.047045
-0.052378
0.451502
0.0
0.0
0.079927
0.786007
0.998315
1.0
1.0
1.0
0.045641
0.0
0.0

0.797626
0.13424
0.0
0.0
0.198046
0.0
0.044762
-0.122978
0.022832
0.017509
0.005495
1.0
1.0
1.0
1.0
0.855311
1.0
0.495165
0.01956
0.0

0.399188
-0.110844
-0.259846
0.0
0.215373
0.426265
0.177216
-0.143354
0.317582
0.0
0.0
0.714359
1.0
0.671429
1.0
1.0
0.855311
0.160806
0.0
0.006081

0.254276
-0.164858
0.114811
0.0
-0.204204
0.378959
0.295897
0.0
0.340586
0.0
0.0
1.0
1.0
1.0
0.626154
1.0
1.0
0.045641
0.0
0.0

-0.367029
-0.116716
0.0
-0.049698
-0.204204
0.013297
0.019853
-0.048151
0.59011
0.0
0.0
1.0
1.0
0.999194
0.104249
1.0
1.0
0.375751
0.033626
0.0

0.205508
-0.060782
0.0
0.0
-0.089173
0.0
0.0
0.0
0.027766
0.0
0.0
1.0
0.998022
1.0
1.0
1.0
1.0
0.034212
0.0
0.064689

-0.309495
0.128261
0.022246
-0.030512
-0.056413
0.106693
-0.210397
0.0
0.373407
0.0
0.022198
1.0
0.990183
1.0
1.0
1.0
0.999487
0.041832
0.0
0.048571

