k
Left

0.466219
-0.208831
-0.003385
0.0
0.0
1.0
0.203736
0.0
0.420733
0.0
0.0
0.994213
0.0
0.0
1.0
1.0
1.0
1.0
0.999487
0.999487

0.417994
-0.012047
-0.034428
0.0
0.031545
1.0
0.249011
0.0
0.014032
0.0
0.0
0.788791
0.0
0.0
1.0
1.0
1.0
0.955531
0.999487
0.999487

0.413654
-0.02544
-0.051039
0.0
0.0
1.0
0.245348
0.0
0.134805
0.0
0.0
0.836557
0.0
0.0
1.0
1.0
1.0
1.0
0.999487
0.999487

0.559359
0.099901
0.0
0.0
0.242251
0.695576
0.270989
0.0
0.073187
0.0
0.0
0.477582
0.0
0.0
0.83304
1.0
1.0
0.978974
0.999194
0.99978

0.352472
0.274934
-0.005257
0.10292
0.787564
0.368254
0.462051
0.0
0.153805
0.0
0.0
0.317583
0.0
0.0
0.889597
1.0
1.0
0.5737
1.0
0.644322

0.261278
0.152504
0.127746
-0.063995
0.159553
0.939179
0.0
0.0
0.052213
0.0
0.001392
1.0
0.0
0.032454
1.0
1.0
1.0
0.778535
1.0
1.0

0.317072
0.36652
-0.084958
-0.063995
0.056179
0.660561
0.285348
0.0
0.058242
0.0
0.0
0.363883
0.032161
0.0
1.0
1.0
0.999487
1.0
1.0
1.0

0.260304
0.274934
0.098237
-0.026787
0.39944
1.0
0.145568
0.0
0.420733
0.0
0.0
1.0
0.02337
0.013407
1.0
1.0
1.0
0.92652
1.0
1.0

0.559359
0.099901
-0.034428
0.146003
0.266092
1.0
0.386154
0.0
0.415165
0.0
0.0
0.304103
0.0
0.0
1.0
1.0
1.0
0.79641
1.0
1.0

0.352472
0.329521
0.0
0.0
0.0
0.996652
0.0
0.018681
0.045934
0.0
0.0
1.0
0.0
0.0
1.0
0.919194
1.0
0.846813
1.0
0.999194

0.37143
0.206728
0.334386
0.0
0.0
0.996923
0.239341
0.0
0.134805
0.0
0.0
0.460586
0.0
0.0
1.0
1.0
0.999487
0.939927
1.0
0.659561

0.387066
-0.083109
-0.034428
0.0
0.394424
0.704165
0.386154
0.019267
0.203417
0.0
0.0
0.728425
0.007253
0.0
0.94381
0.999487
0.959634
1.0
1.0
1.0

0.317668
0.329521
0.09476
0.0
0.0
0.962098
0.120659
0.0
0.132088
0.001392
0.0
0.684762
0.032454
0.0
1.0
1.0
1.0
0.847985
0.738095
0.998901

0.261278
0.145194
0.117425
0.0
0.787564
0.702098
0.21707
0.0
0.180953
0.0
0.0
0.27348
0.0
0.007253
0.870256
1.0
1.0
0.998022
0.999194
0.707326

0.418346
-0.007207
0.0
0.0
-0.011089
1.0
0.203736
0.0
-0.026569
0.0
0.0
0.457363
0.0
0.0
0.888425
1.0
0.999487
1.0
0.998901
0.738095

0.223495
0.7726
-0.051139
0.0
0.002544
1.0
0.0
0.0
0.094872
0.0
0.0
0.212674
0.0
0.0
1.0
1.0
1.0
1.0
0.999487
0.647839

0.350231
0.274934
-0.009871
0.0
0.0
1.0
0.609304
0.011355
0.311868
0.001685
0.0
1.0
0.02337
0.0
1.0
1.0
1.0
0.951575
0.999194
1.0

0.320502
-0.012047
-0.113548
0.0
0.135816
1.0
0.380293
0.0
0.045934
0.004908
0.0
1.0
0.0
0.012527
1.0
1.0
0.512161
0.997143
0.385861
0.72022

