n
Left

0.465596
0.0
0.0
0.0
0.0
1.0
1.0
0.0
1.0
1.0
1.0
1.0
1.0
1.0
1.0
1.0
1.0
1.0
0.999487
0.999487

0.482428
0.0
0.0
0.0
0.0
1.0
1.0
0.012821
1.0
1.0
1.0
1.0
1.0
1.0
1.0
1.0
1.0
1.0
0.999487
0.999487

0.400411
0.0
0.0
0.0
0.0
1.0
1.0
0.004908
1.0
1.0
1.0
1.0
1.0
1.0
1.0
1.0
1.0
1.0
0.999487
0.999487

1.0
0.0
-0.009858
0.136837
0.035309
1.0
1.0
0.0
1.0
1.0
0.654872
1.0
1.0
1.0
1.0
0.562857
0.999194
0.982784
0.577802
1.0

0.217024
-0.041397
-0.157128
0.0
0.637382
1.0
1.0
0.0
1.0
1.0
1.0
1.0
0.895751
0.289011
1.0
1.0
1.0
1.0
0.892234
1.0

0.245573
0.0
0.231139
0.0
0.161568
1.0
1.0
0.004908
1.0
1.0
1.0
0.868498
1.0
1.0
1.0
1.0
1.0
0.777802
1.0
0.997729

0.581208
0.0
0.0
0.0
0.0
1.0
1.0
0.0
1.0
0.775311
1.0
0.64989
1.0
1.0
1.0
1.0
1.0
0.918975
0.364176
1.0

0.531428
0.0
0.050827
0.0
0.0
1.0
1.0
0.0
1.0
0.672454
0.99978
0.751575
0.517436
1.0
1.0
1.0
0.999487
0.998022
1.0
1.0

0.395325
0.0
-0.026647
0.0
0.003876
1.0
1.0
0.0
0.954359
1.0
1.0
1.0
1.0
0.895751
0.707033
1.0
0.493114
0.862198
0.998901
1.0

0.482428
0.0
0.073088
0.0
0.0
1.0
0.882124
0.282125
1.0
1.0
1.0
0.598608
1.0
0.517436
1.0
0.999487
1.0
1.0
1.0
0.999194

0.454356
-0.25847
-0.250806
0.063047
0.0
1.0
1.0
0.036264
1.0
0.654872
1.0
0.64989
0.78674
0.999487
1.0
1.0
1.0
0.918975
1.0
0.684762

0.375762
0.0
0.099743
0.0
0.0
1.0
1.0
0.063223
1.0
1.0
1.0
0.96022
1.0
1.0
1.0
0.512747
1.0
1.0
1.0
1.0

1.0
-0.037484
-0.250806
0.0
0.019308
1.0
1.0
0.018095
1.0
1.0
1.0
1.0
0.99696
0.930916
1.0
1.0
1.0
1.0
1.0
1.0

0.761459
0.0
0.0
0.0
0.035309
1.0
1.0
0.0
0.996117
1.0
1.0
1.0
0.997729
0.78674
1.0
1.0
1.0
1.0
1.0
0.999194

0.606481
-4.1e-05
0.027898
0.0
0.214902
1.0
1.0
0.0
1.0
0.69707
1.0
0.894286
0.998315
1.0
0.426886
1.0
0.999487
1.0
1.0
0.988352

1.0
0.0
0.077712
0.0
0.217505
1.0
1.0
0.1063
0.890769
0.994506
1.0
1.0
0.782784
1.0
1.0
1.0
1.0
0.220147
1.0
1.0

0.477599
0.0
0.001775
0.0
0.0
1.0
0.668645
0.128278
1.0
1.0
1.0
0.993114
0.998608
0.804615
1.0
0.992601
1.0
1.0
0.999194
1.0

0.581208
0.0
0.114384
0.095748
0.035309
1.0
1.0
0.0
1.0
1.0
1.0
0.885934
1.0
1.0
0.931502
1.0
1.0
0.94
1.0
1.0

