o
Left

0.782316
-0.538347
-0.214429
-0.172935
-0.314823
1.0
0.51011
0.242857
0.568132
0.855897
0.855897
0.872015
0.448571
0.448571
0.748059
1.0
1.0
0.324908
0.655165
0.655165

0.739925
-0.446101
-0.476297
-0.22439
-0.100921
1.0
0.708938
0.371209
0.630989
1.0
1.0
0.685055
0.474213
0.474213
0.524469
0.722857
0.722857
0.304249
0.491062
0.491062

0.8258
-0.372445
-0.382628
-0.118068
-0.014413
1.0
0.580293
0.270403
0.51011
0.96989
0.96989
0.724029
0.491648
0.491648
0.758022
0.797875
0.797875
0.619414
0.306007
0.306007

0.739925
-0.331282
-0.117035
0.120429
0.544514
0.637113
0.019853
0.0
0.478462
0.145275
0.99978
1.0
0.998315
0.559341
0.370623
0.567986
1.0
0.469963
0.491062
0.491062

0.846476
-0.044132
-0.108619
0.242931
-0.209362
1.0
0.227326
0.850037
0.279927
0.91304
1.0
0.696484
0.595971
0.550403
0.190696
0.960806
1.0
0.27011
0.364176
0.807546

0.857606
-0.748644
-0.204933
0.1354
0.389247
1.0
0.387912
0.016044
0.168132
0.663663
0.243883
0.610037
0.679194
1.0
0.612527
0.198608
0.592747
0.169597
0.658388
0.393187

0.914142
-0.415338
0.066357
-0.048447
0.870836
1.0
0.145861
0.42718
0.39641
1.0
1.0
1.0
0.537949
0.636703
0.482564
1.0
0.736337
0.520659
0.202711
0.306007

0.851726
-0.627888
0.0
-0.566976
0.330377
0.974495
0.028938
1.0
0.183077
1.0
1.0
0.438901
0.959341
0.300879
0.379561
0.736337
0.793773
0.293846
1.0
0.658388

0.369808
-0.28855
-0.382628
-0.272852
0.329668
0.998297
0.113626
0.004908
0.322857
1.0
1.0
1.0
0.752161
0.99978
0.287399
0.11011
0.627766
0.160806
0.38293
0.997729

0.914142
-0.958597
-0.382628
-0.28074
-0.174117
1.0
0.0
1.0
0.178388
1.0
1.0
0.888278
0.491648
0.192454
0.562857
1.0
0.600366
0.324908
0.967839
0.312015

0.860001
-0.099267
-0.423997
-0.152905
0.775405
1.0
0.126813
0.0
0.318462
1.0
1.0
1.0
0.498974
0.955531
0.348352
0.592747
0.982051
0.113333
0.29707
0.364176

0.925353
-0.330258
-0.518262
-0.165448
-0.370347
1.0
0.074359
0.520366
0.230549
0.776484
0.723297
0.560513
0.655458
0.408718
0.49663
0.799048
0.611502
0.278755
0.670549
1.0

0.448532
-0.326481
-0.01504
-0.165448
-0.318815
1.0
0.300293
0.979267
0.411941
1.0
0.389817
0.465275
0.258242
0.393773
0.414286
0.960806
0.736337
0.304249
0.306007
1.0

0.739925
-0.388041
-0.191262
0.387274
0.40036
0.995431
0.335458
1.0
0.146154
0.373993
0.899854
1.0
0.537949
0.840366
0.206081
0.86674
0.799048
0.22718
0.747766
0.491062

0.645317
-0.137121
-0.598305
0.59948
0.117981
1.0
0.0
0.0
0.451502
1.0
1.0
0.718462
0.5863
0.513919
0.49663
0.592747
0.86674
0.168132
0.324029
0.670549

0.782316
-0.067055
0.0
-0.117993
-0.051234
0.843358
0.113626
0.620293
0.230549
0.663663
1.0
0.484762
0.657802
1.0
0.678315
0.722857
1.0
0.63011
0.658388
0.192454

0.846476
-0.16882
-0.117035
0.090011
-0.512851
0.981736
0.138242
0.755678
0.411941
0.700586
0.947033
1.0
0.54381
0.628791
0.121245
0.982051
0.31348
0.340733
0.967839
0.212088

0.860001
-0.974602
-1.143917
-0.706962
0.069322
0.511057
0.442125
0.14967
0.246374
1.0
1.0
0.749963
0.840366
0.972528
0.612527
0.31348
0.590989
0.086081
0.675678
0.566227

