open_e
Left

-0.11859
0.249682
-0.301413
-0.102217
-0.175708
0.907919
0.332234
0.0
-0.23595
1.0
1.0
-0.024712
1.0
1.0
-0.075285
1.0
1.0
0.010769
0.909817
0.909817

0.034061
0.612831
-0.013453
0.20988
0.097027
0.8042
0.25707
0.0
-0.215664
1.0
1.0
-0.042209
1.0
1.0
-0.093844
1.0
1.0
0.01956
0.785568
0.785568

0.03271
0.482216
0.055954
0.270123
0.240347
0.820255
0.292234
0.0
-0.171348
1.0
1.0
0.0
1.0
1.0
-0.024662
1.0
1.0
0.042125
0.769597
0.769597

0.051374
0.0
0.01838
-0.201226
-0.100876
0.89432
0.047399
0.0
-0.23595
1.0
1.0
0.018388
0.998022
1.0
-0.075911
0.908059
1.0
-0.178056
1.0
1.0

0.34968
0.375504
-0.279172
-0.078847
-0.022834
0.958328
0.181026
0.0
-0.175173
1.0
1.0
0.038902
0.801832
1.0
0.160806
0.57663
1.0
0.0
0.56315
0.869084

0.466066
0.206027
0.009384
-0.030699
0.08175
0.783797
0.0
0.022491
0.028352
1.0
1.0
0.041539
1.0
0.998608
0.057502
1.0
1.0
0.011116
1.0
0.785568

0.184469
0.0
-0.013453
-0.138954
-0.068007
0.968605
0.0
0.0
-0.062604
1.0
1.0
-0.063582
0.997729
1.0
-0.075911
1.0
0.824835
0.022483
0.791429
1.0

0.362559
0.375504
-0.228101
0.02431
-0.053362
0.783797
0.127985
0.14967
-0.01109
1.0
1.0
-0.207502
1.0
1.0
-0.049334
0.999194
1.0
0.059414
0.785568
0.589231

-0.11859
0.112458
-0.080541
-0.31053
-0.218251
0.804916
0.042125
0.0
-0.112837
1.0
1.0
0.027179
1.0
1.0
0.0
1.0
1.0
0.0
1.0
1.0

-0.144246
0.086499
-0.236954
-0.008509
0.0
0.889667
0.089304
1.0
0.102492
1.0
1.0
0.038391
0.99978
0.851062
-0.029743
0.908059
0.326667
0.097802
1.0
0.997729

-0.032789
-0.099245
-0.082004
-0.233759
0.097027
0.571309
0.0
0.096923
-0.161788
1.0
1.0
0.001099
1.0
1.0
0.109963
0.999194
0.693407
0.041538
1.0
1.0

0.185902
0.306058
-0.279172
-0.266327
-0.055412
0.510736
0.127985
0.0
-0.084204
1.0
1.0
0.044643
1.0
0.998608
-0.018814
1.0
1.0
0.064982
1.0
0.56315

-0.045698
0.240129
0.055954
-0.167771
-0.185317
0.852543
0.09663
0.0
-0.1284
1.0
1.0
0.0
1.0
0.997729
-0.075911
1.0
1.0
0.147283
1.0
1.0

0.125805
0.08623
-0.09133
0.270123
0.019237
0.843312
0.1063
0.007253
-0.084204
1.0
1.0
0.606813
1.0
1.0
0.044176
1.0
1.0
0.035218
0.35304
1.0

0.415763
-0.052373
-0.242342
-0.189542
-0.205476
0.820255
0.203736
0.004322
1.0
1.0
1.0
0.382784
1.0
1.0
0.012821
1.0
0.57663
0.074652
0.377949
0.986007

0.122783
-0.122855
0.011608
-0.102643
-0.393923
0.858204
0.181026
0.0
-0.161788
1.0
1.0
0.026886
1.0
0.99978
-0.024662
1.0
1.0
0.010769
0.774286
1.0

0.126129
-0.150094
-0.214741
0.158263
0.073227
0.819163
0.05033
0.186593
0.040073
1.0
1.0
0.086667
0.999194
1.0
0.72696
0.464835
1.0
0.053846
0.685348
0.767106

-0.043873
-0.099245
-0.107661
-0.04448
0.195177
0.677974
0.407839
1.0
0.039599
1.0
1.0
0.0
1.0
1.0
0.081021
0.934066
0.464835
0.011116
0.202711
1.0

