open_8
Left

0.274823
-0.141493
-0.099677
0.112261
-0.244174
0.277917
0.218242
0.0
0.421612
0.0
0.0
0.750403
0.461172
0.461172
0.245201
0.0
0.0
0.028352
0.0
0.0

0.060193
-0.112287
-0.120014
0.150743
-0.033622
0.358312
0.167253
0.0
0.2263
0.0
0.0
0.822344
0.612088
0.612088
0.214139
0.0
0.0
0.05326
0.002857
0.002857

0.040582
-0.118342
-0.089245
0.249634
0.08622
0.333636
0.123883
0.0
0.624689
0.0
0.0
0.880366
0.650476
0.650476
0.364615
0.0
0.0
0.071429
0.0
0.0

-0.119835
-0.353247
0.0
0.177582
-0.026886
0.41595
0.235092
0.0
0.019853
0.0
0.12359
0.336044
0.571355
0.699121
0.0
0.05619
0.0
0.0
0.0
0.0

0.395995
-0.306508
-0.516284
0.032717
-0.244568
0.266003
0.07348
0.0
0.209744
0.0
0.0
1.0
0.493553
1.0
0.821026
0.016337
0.0
0.0
0.0
0.0

0.323429
-0.173143
-0.464582
0.087406
0.142454
0.617205
0.0
0.021612
0.037436
0.0
0.0
0.598168
0.673333
1.0
0.46381
0.006667
0.0
0.08696
0.0
0.0

0.040582
-0.231424
0.0
0.197203
0.16619
0.516368
0.028645
0.0
0.421612
0.0
0.0
0.822344
0.043883
0.32989
0.207106
0.001392
0.0
0.015751
0.0
0.0

0.225745
0.1916
0.0
0.004771
-0.415123
0.65065
0.06674
0.017509
0.0
0.0
0.0
1.0
0.673333
0.768278
0.302344
0.015458
0.0
0.0
0.0
0.065568

0.406015
-0.150785
-0.076349
0.037342
-0.190447
0.585462
0.0
0.00989
0.445934
0.0
0.0
1.0
0.344542
0.945275
0.135751
0.0
0.05619
0.069963
0.0
0.0

0.202308
0.38759
0.0
0.146027
-0.07453
0.416056
0.356557
0.0
0.157436
0.0
0.0
1.0
1.0
0.378242
0.614432
0.0
0.0
0.028645
0.0
0.0

0.084939
0.78984
-0.099677
0.057242
-0.324776
0.597351
0.096923
0.011062
0.069084
0.12359
0.0
0.258681
1.0
0.113626
0.221758
0.001392
0.0
0.031868
0.0
0.0

-0.224291
0.373628
-0.076349
0.12508
0.033761
0.516368
0.582198
0.001099
0.421612
0.0
0.0
1.0
0.289158
0.709084
0.472308
0.0
0.0
0.0
0.0
0.002564

0.06371
-0.146268
0.0
0.268047
-0.415123
0.062949
0.060879
0.018095
0.398169
0.0
0.0
0.645055
0.80989
0.289158
0.229377
0.016337
0.0
0.004029
0.0
0.002564

0.225745
-0.146075
-0.110053
0.150743
0.16619
0.726378
0.113187
0.0
0.322271
0.0
0.0
0.690037
0.378242
0.458535
0.0
0.015458
0.002857
0.033333
0.0
0.0

0.293886
0.177896
-0.143997
0.016701
-0.306005
0.267724
0.172821
0.0
0.430549
0.0
0.0
1.0
1.0
1.0
0.214139
0.0
0.0
0.0
0.0
0.0

0.017308
-0.150785
0.238912
0.576654
-0.648178
0.341572
0.0
0.0
0.102491
0.0
0.0
1.0
0.378535
0.600659
0.515678
0.0
0.002271
0.0
0.0
0.0

-0.027422
0.38759
0.0
0.840221
-0.684749
0.559851
0.0
0.025128
0.430549
0.0
0.0
0.690037
1.0
1.0
0.276996
0.004322
0.0
0.015751
0.0
0.010183

-0.019182
-0.266195
0.0
0.094962
0.011309
0.612003
0.152015
0.021319
0.316996
0.0
0.0
0.947912
0.461172
0.961978
0.364615
0.0
0.0
0.096923
0.002564
0.0

