q
Left

1.0
-0.542378
0.086416
0.206186
0.086844
1.0
0.425421
0.0
0.441538
0.08315
0.08315
0.931795
1.0
1.0
0.842711
1.0
1.0
0.96022
1.0
1.0

1.0
-0.558436
0.248899
0.043746
0.369062
1.0
0.441538
0.0
0.418388
0.040073
0.040073
0.769597
1.0
1.0
0.974579
1.0
1.0
0.74674
0.999487
0.999487

1.0
-0.471229
0.031543
0.0
0.221585
1.0
0.297363
0.0
0.523297
0.035092
0.035092
0.973113
1.0
1.0
1.0
1.0
1.0
0.906886
0.99978
0.99978

1.0
-1.043307
0.275393
0.0
0.292884
0.678308
0.585714
0.0
0.334579
0.0
0.058828
0.452088
0.99978
1.0
0.731355
1.0
1.0
0.636264
0.99978
1.0

1.0
-0.471229
0.118519
0.0
0.04547
1.0
0.0263
0.0
0.242271
0.0
0.061465
0.501905
1.0
0.999194
0.904982
1.0
1.0
0.253993
1.0
1.0

1.0
0.383167
0.0
0.036324
0.110665
0.918245
0.011941
0.0
0.112308
0.090769
0.189231
0.724322
0.993846
1.0
0.412381
1.0
1.0
0.43055
1.0
1.0

1.0
-0.391057
0.0
0.285128
0.579171
0.730965
0.414579
0.0
0.239487
0.041538
0.04652
1.0
0.999194
1.0
1.0
1.0
1.0
0.590549
0.99978
1.0

1.0
-0.131447
0.047921
0.082896
0.292884
1.0
0.0
0.0
0.112308
0.050623
0.038608
1.0
0.998315
1.0
0.412381
1.0
0.999487
0.817949
1.0
1.0

1.0
-0.558436
-0.500938
0.0
0.702984
0.959221
0.438901
0.0
0.097509
0.0
0.046227
0.562271
0.99978
1.0
0.196264
1.0
1.0
0.528278
1.0
1.0

1.0
-0.93405
0.051076
0.070179
0.321161
1.0
0.008718
0.0
1.0
0.011355
0.046227
0.725495
1.0
1.0
1.0
1.0
1.0
0.451355
1.0
1.0

1.0
-0.468072
0.316195
0.3354
-0.036046
0.733885
0.0
0.001685
0.097509
0.177509
0.040073
0.149084
1.0
1.0
1.0
1.0
1.0
0.542051
1.0
1.0

0.997957
-0.487258
0.033039
0.009257
0.393885
1.0
0.228205
0.0
0.269231
0.059414
0.018095
1.0
0.99978
1.0
0.531502
1.0
1.0
1.0
0.999194
0.997729

0.941848
-0.1272
0.004241
0.179266
0.0
0.678308
0.0
0.0
0.16696
0.04652
0.0
0.501905
1.0
0.998608
0.869963
1.0
1.0
0.47348
1.0
1.0

1.0
-0.622004
0.0
0.190024
0.321161
0.440528
0.399341
0.0
0.292088
0.037729
0.057363
0.240952
0.868938
1.0
0.974432
1.0
1.0
0.906886
1.0
1.0

1.0
-0.083457
0.0
0.0
0.125641
1.0
0.0
0.0
0.317582
0.035678
0.039194
0.725495
0.998315
1.0
1.0
1.0
1.0
0.959194
1.0
1.0

1.0
-0.391057
0.159047
0.082896
0.064507
1.0
0.0
0.0
0.571648
0.103077
0.04652
0.953114
0.99978
1.0
0.565202
1.0
0.999194
0.70293
0.998901
1.0

1.0
-0.468072
0.0
-0.514659
0.125641
1.0
0.368865
0.0
0.232015
0.010183
0.035678
0.753333
0.977875
1.0
1.0
1.0
1.0
0.981538
1.0
1.0

1.0
-0.405002
0.009365
0.612258
0.0
1.0
0.230843
0.0
0.16696
0.018095
0.216484
0.995348
1.0
1.0
0.927106
0.999487
1.0
1.0
1.0
1.0

