spread_e
Left

0.830803
0.849828
0.156956
0.071827
-0.238947
1.0
1.0
0.94967
-0.132652
1.0
1.0
-0.159792
1.0
1.0
-0.072125
1.0
1.0
0.028938
0.372088
0.372088

0.486128
1.000325
0.342097
0.167246
-0.095289
1.0
1.0
0.341905
-0.067988
1.0
1.0
-0.143318
1.0
1.0
-0.051309
1.0
1.0
0.048571
0.386593
0.386593

0.397327
0.923032
0.387246
0.215001
-0.162163
1.0
1.0
0.309963
-0.037883
1.0
1.0
-0.154709
1.0
1.0
-0.062403
1.0
1.0
0.067619
0.282418
0.282418

0.477818
0.285716
0.103358
0.100001
-0.407612
1.0
1.0
0.275385
-0.037883
1.0
1.0
-0.108926
1.0
0.600366
-0.16671
1.0
1.0
0.024835
0.499854
0.931062

0.855146
1.000325
-0.010969
-0.149095
-0.278608
1.0
1.0
1.0
0.189817
1.0
1.0
-0.175196
0.994615
1.0
-0.046142
0.729304
0.999414
0.019267
0.482857
0.435971

0.677053
0.485939
-0.066897
-0.328088
-0.429255
1.0
1.0
0.828059
0.183253
1.0
1.0
0.0
0.910989
1.0
-0.174538
0.736923
0.535604
0.025128
0.273626
0.922125

0.461378
0.429302
0.153402
0.064967
-0.359413
1.0
1.0
0.309963
0.189817
0.962857
1.0
-0.29113
1.0
1.0
0.074646
1.0
0.585421
0.028938
0.29707
0.622637

0.733864
0.04349
0.387246
-0.069001
-0.363025
1.0
1.0
1.0
-0.091584
1.0
1.0
0.064943
0.879341
1.0
-0.174538
1.0
1.0
0.0
0.811795
0.330769

0.963117
1.138489
-0.01145
0.090193
-0.278608
1.0
1.0
0.0
-0.138108
1.0
1.0
0.007057
0.937949
0.998022
-0.040963
1.0
1.0
0.156117
0.867619
0.703956

0.690534
0.287714
0.19597
-0.007662
-0.455555
1.0
1.0
1.0
0.010476
1.0
1.0
-0.154709
1.0
0.927692
-0.051309
0.729304
0.999194
0.082857
1.0
0.735751

0.730259
0.677358
0.661544
-0.379865
-0.35083
1.0
1.0
0.289158
0.133846
1.0
0.99978
-0.032188
0.927692
0.759487
-0.16671
0.517729
1.0
0.0
0.248132
0.909524

0.673905
0.714171
-0.0755
0.071704
-0.294225
1.0
1.0
1.0
0.211654
1.0
1.0
0.074945
1.0
1.0
-0.013197
1.0
1.0
0.069841
0.340147
0.786447

0.477818
0.285716
0.174978
-0.379865
-0.263381
1.0
1.0
1.0
-0.071032
1.0
1.0
-0.052512
0.927692
0.998022
-0.170987
0.628498
1.0
-0.003684
0.98044
1.0

0.742319
0.229986
0.026486
-0.51156
-0.528076
1.0
1.0
1.0
0.071429
1.0
0.963883
-0.029686
1.0
1.0
-0.070207
0.630549
1.0
0.0
1.0
1.0

0.669474
0.485939
-0.187502
-0.267876
-0.546929
1.0
1.0
0.783517
0.0
1.0
1.0
-0.081968
0.932674
1.0
0.074646
1.0
0.864689
-0.033011
1.0
0.575604

0.486128
0.367549
0.031326
0.728666
-0.721217
1.0
1.0
0.113626
0.071429
1.0
1.0
-0.016094
1.0
1.0
-0.109007
1.0
1.0
-0.033011
1.0
0.314652

0.690534
0.111396
-0.066897
0.006136
-0.668895
1.0
1.0
0.828059
-0.187669
1.0
1.0
-0.28822
0.748352
0.774432
-0.160692
1.0
0.517729
0.04122
0.246667
0.163736

0.786385
0.923032
0.094033
-0.51156
0.161684
1.0
1.0
0.531209
0.228498
1.0
1.0
0.056484
0.998022
0.670696
0.422491
0.729304
1.0
0.046227
1.0
1.0

