stacked_5
Left

0.577394
0.057104
0.041903
0.195578
0.109567
0.903246
0.067033
0.0
0.323736
0.0
0.0
0.749524
0.0
0.0
0.133846
0.0
0.0
0.849158
0.051502
0.051502

0.461809
0.082726
0.063803
0.265833
0.054561
1.0
0.075238
0.0
0.090669
0.0
0.0
0.750696
0.0
0.0
0.322418
0.064982
0.064982
0.957875
0.145568
0.145568

0.461355
0.049018
0.139114
0.285862
0.0
1.0
0.161978
0.0
0.175685
0.0
0.0
0.678608
0.0
0.0
0.183956
0.036557
0.036557
1.0
0.103077
0.103077

0.393362
0.049018
-0.131447
-0.058199
0.080629
0.974487
0.002271
0.0
-0.064591
0.0
0.0
0.275971
0.0
0.0
0.709963
0.152601
0.044469
1.0
0.103077
0.24022

0.507869
0.459215
-0.023285
0.157064
0.0
0.669751
0.0
0.0
-0.352645
0.0
0.0
1.0
0.0
0.0
0.047399
0.001099
0.0
1.0
0.199634
0.129157

0.314038
0.154661
0.218733
0.0
0.109567
1.0
0.528865
0.0
-0.036799
0.0
0.024835
0.112894
0.0
0.0
0.046227
0.240806
0.013114
1.0
0.031575
0.999414

-0.011113
0.329679
0.139114
0.183338
-0.038891
1.0
0.234945
0.0
-0.352645
0.0
0.0
0.409597
0.0
0.0
0.291502
0.025714
0.028645
0.835971
0.404176
0.001392

0.171064
0.459215
0.0
0.128178
0.047202
1.0
0.109524
0.0
-0.111515
0.0
0.0
0.678608
0.051795
0.0
0.024249
0.03011
0.188352
0.498388
0.165055
0.143517

0.003571
0.487815
0.057988
0.089013
0.364702
0.934375
0.019267
0.0
-0.013187
0.024835
0.0
0.288864
0.0
0.0
1.0
0.014286
0.002271
0.630843
0.545861
0.322711

0.03493
0.049018
-0.080673
0.328552
-0.112009
0.303786
0.002271
0.0
0.059203
0.0
0.024835
0.96315
0.051795
0.0
0.429817
0.03011
0.011648
0.997436
0.38293
0.145568

0.394515
0.291553
-0.023285
0.190172
0.23201
0.946152
0.109524
0.0
-0.022236
0.0
0.0
0.598022
0.0
0.0
0.093114
0.017509
0.028645
0.668059
0.0
0.385861

0.334057
0.283301
0.089332
0.089013
0.183346
0.966783
0.019267
0.0
0.006374
0.0
0.0
0.3463
0.0
0.364176
0.217656
0.025714
0.010769
0.943956
0.114506
0.388498

0.223122
0.564114
0.311032
-0.193765
0.0
1.0
0.05326
0.052967
0.107619
0.0
0.0
-0.003717
0.0
0.0
0.114359
0.054432
0.008718
1.0
0.145568
0.050037

0.411046
0.511908
-0.039073
-0.145261
-0.040283
1.0
0.895458
0.0
-0.007026
0.0
0.0
0.791429
0.0
0.0
0.096923
0.024542
0.0
1.0
0.747766
0.031575

0.422196
1.004044
0.101635
0.218644
0.045011
1.0
0.0
0.0
0.201245
0.0
0.0
0.273626
0.072308
0.0
0.156996
0.188352
0.040952
0.652528
0.143517
0.176044

0.306097
0.409625
0.366859
0.448798
0.0
0.624026
0.05326
0.077875
-0.064591
0.0
0.0
0.288864
0.0
0.0
0.626447
0.0
0.013407
0.634799
0.176044
0.034505

-0.368439
0.280939
0.120669
0.122383
0.255404
0.946152
0.055311
0.0
-0.07258
0.0
0.0
0.40022
0.0
0.051795
0.730769
0.052674
0.0
0.937363
0.277143
0.143517

0.577394
0.367954
0.101635
0.388023
0.054561
1.0
0.172527
0.0
0.391136
0.0
0.0
0.523004
0.0
0.0
0.791722
0.039487
0.010769
0.372674
0.200659
0.459414

