t
Left

0.514503
0.0
-0.429386
0.0
0.0
1.0
1.0
0.0
1.0
1.0
1.0
0.681832
1.0
1.0
1.0
1.0
1.0
1.0
0.999487
0.999487

0.403417
0.0
-0.191207
0.0
0.0
1.0
1.0
0.0
1.0
1.0
1.0
0.882857
1.0
1.0
1.0
1.0
1.0
1.0
0.999487
0.999487

0.294581
0.0
-0.007406
0.0
0.006456
1.0
1.0
0.0
1.0
1.0
1.0
0.996557
1.0
1.0
1.0
1.0
1.0
0.977875
0.999487
0.999487

0.406797
0.0
0.0
0.0
0.056513
1.0
0.529158
0.0
0.43978
1.0
1.0
0.9937
1.0
0.999194
0.771209
0.920073
0.524469
0.99978
1.0
1.0

0.314919
0.022439
-0.435742
0.0
0.0
1.0
0.437436
0.0
0.872894
0.718462
1.0
1.0
1.0
1.0
1.0
1.0
1.0
1.0
1.0
1.0

0.451871
0.028613
0.0
0.0
0.579255
1.0
0.762418
0.0
1.0
0.955824
1.0
1.0
0.998608
1.0
1.0
1.0
1.0
1.0
1.0
0.612088

0.314919
0.0
0.005115
0.0
0.357445
1.0
0.464103
0.0
0.999487
0.246667
1.0
0.642125
0.866593
0.982711
1.0
1.0
1.0
1.0
1.0
1.0

0.149675
-0.003426
0.0
0.0
0.002197
1.0
1.0
0.0
1.0
1.0
1.0
0.9937
1.0
0.717875
0.771209
1.0
1.0
0.974286
1.0
1.0

0.451871
0.074915
0.0
0.0
0.001951
1.0
1.0
0.0
0.801685
1.0
1.0
1.0
1.0
1.0
1.0
1.0
1.0
1.0
1.0
1.0

0.406797
0.000196
0.0
0.0
0.394248
1.0
0.464103
0.0
0.872601
1.0
0.246667
1.0
0.998608
1.0
1.0
1.0
1.0
0.966081
0.999487
1.0

0.502355
0.0
0.0
0.0
0.144853
1.0
1.0
0.0
0.796117
1.0
1.0
0.910696
0.955605
0.999194
1.0
1.0
1.0
1.0
1.0
1.0

0.477664
-0.032027
-0.435742
0.0
0.0
1.0
0.447692
0.0
0.951575
1.0
0.894872
0.642125
0.999194
1.0
1.0
1.0
1.0
0.979707
0.612088
0.999194

0.281198
0.0
0.0
0.0
0.0
1.0
0.464103
0.0
0.636703
1.0
1.0
1.0
1.0
1.0
1.0
1.0
1.0
0.596557
1.0
0.998901

0.295827
0.0
0.0
0.0
0.002003
1.0
1.0
0.0
1.0
1.0
1.0
1.0
1.0
1.0
1.0
1.0
1.0
0.918755
1.0
1.0

0.167803
-0.023323
0.0
0.0
0.108532
1.0
1.0
0.0
0.822637
0.246667
1.0
0.882857
1.0
0.998608
1.0
1.0
1.0
0.948498
1.0
0.999487

0.502355
0.0
0.0
-0.043369
0.105754
1.0
1.0
0.0
0.795678
1.0
1.0
0.752747
1.0
1.0
1.0
1.0
1.0
1.0
1.0
1.0

0.450363
-0.031122
0.0
0.0
0.0
1.0
1.0
0.0
0.859267
1.0
0.982784
0.751136
1.0
0.924981
1.0
1.0
1.0
0.99978
0.99978
0.612088

0.342918
-0.002534
0.0
-0.204332
0.0
1.0
1.0
0.0
1.0
0.281539
0.170476
1.0
0.99978
1.0
0.771209
1.0
1.0
0.907179
1.0
1.0

