v
Left

0.247915
0.2407
-0.115149
0.014832
0.164929
1.0
1.0
0.084908
0.012821
0.0
0.0
0.110989
0.0
0.0
0.725788
1.0
1.0
0.59685
0.999487
0.999487

0.208661
0.449721
-0.128826
-0.002214
0.177984
1.0
1.0
0.125055
0.048278
0.0
0.0
0.214579
0.0
0.0
0.889011
1.0
1.0
0.685641
0.999487
0.999487

0.43173
0.341662
-0.180252
-0.008624
0.23138
1.0
1.0
0.076996
0.081685
0.0
0.0
0.243297
0.0
0.0
0.876996
1.0
1.0
0.638901
0.999487
0.999487

0.583034
0.51194
-0.142869
0.0
0.266931
1.0
0.355678
0.242418
0.085495
0.0
0.0
0.054432
0.0
0.0
1.0
1.0
0.691209
0.445348
1.0
0.997729

0.825183
0.604952
-0.160168
0.0
0.567353
1.0
1.0
0.288571
-0.019797
0.0
0.0
0.107766
0.0
0.0
1.0
1.0
1.0
0.971648
0.821905
1.0

0.420797
0.53696
0.020092
0.036686
0.185171
1.0
0.35641
0.338095
-0.080972
0.0
0.0
0.186007
0.0
0.0
0.835385
0.71392
1.0
0.76359
1.0
1.0

0.825183
0.017914
-0.151705
0.0
0.0
1.0
0.377656
0.00696
-0.019797
0.0
0.0
0.0
0.0
0.0
1.0
1.0
1.0
0.483443
0.999194
1.0

0.681329
0.401227
0.098743
-0.083921
0.0
1.0
1.0
0.872601
-0.006152
0.0
0.0
0.0
0.0
0.0
0.436996
1.0
1.0
0.606813
1.0
0.860879

0.858578
0.557899
-0.314663
0.0
0.119023
1.0
0.768865
0.338095
0.081047
0.0
0.0
0.214579
0.0
0.0
1.0
0.733846
1.0
0.971648
0.821905
0.999487

0.634765
0.73449
-0.115149
0.048647
0.0
1.0
0.435092
0.325495
-0.281893
0.0
0.0
0.124762
0.0
0.0
0.889011
1.0
1.0
1.0
0.997729
1.0

0.455532
0.348916
-0.137828
0.0
0.277067
1.0
1.0
0.251209
-0.049972
0.0
0.0
-0.187937
0.0
0.0
1.0
1.0
1.0
0.875238
1.0
0.679487

1.0
0.51194
-0.062785
0.0
0.0
1.0
1.0
0.120366
-0.080972
0.0
0.0
0.0137
0.0
0.0
1.0
1.0
0.999487
0.78337
1.0
0.379707

0.848802
0.571901
-0.188851
0.157001
0.53581
1.0
1.0
0.88315
-0.051223
0.0
0.0
0.154945
0.0
0.0
1.0
1.0
1.0
0.314945
1.0
0.975458

0.455532
0.578287
-0.389409
0.014832
0.037621
1.0
1.0
0.0
-0.106457
0.0
0.0
0.034799
0.0
0.0
0.810037
0.787326
1.0
0.668352
0.998901
1.0

0.680627
0.656252
-0.274616
0.0
0.325502
1.0
0.848864
0.229377
0.048278
0.0
0.0
0.316996
0.0
0.0
0.703223
1.0
1.0
0.752454
0.999487
1.0

0.556803
0.341662
-0.13536
0.181078
-0.03666
1.0
0.712308
0.338095
-0.135473
0.0
0.0
0.361832
0.0
0.0
0.635824
1.0
1.0
0.414872
1.0
1.0

0.681329
0.382288
-0.282743
0.117587
0.0
1.0
1.0
0.07348
-0.051223
0.0
0.0
0.0
0.0
0.0
0.562125
1.0
1.0
1.0
1.0
1.0

0.546233
0.569995
-0.146529
0.0
0.269288
1.0
1.0
0.251209
-0.019797
0.0
0.0
0.02337
0.0
0.0
1.0
1.0
1.0
0.759194
1.0
1.0

