x
Left

1.0
-0.418209
0.0
-0.124169
-0.009784
1.0
1.0
0.240806
0.385275
0.963443
0.963443
1.0
1.0
1.0
0.488132
1.0
1.0
0.797729
0.552015
0.552015

1.0
-0.553706
-0.055058
-0.207645
-0.05223
1.0
1.0
0.253114
0.434212
1.0
1.0
0.909817
1.0
1.0
0.596264
1.0
1.0
0.75685
0.789377
0.789377

1.0
-0.452372
0.0
-0.339902
-0.107204
1.0
1.0
0.224689
0.618242
1.0
1.0
1.0
1.0
1.0
0.589817
1.0
1.0
0.754506
0.944689
0.944689

1.0
-0.628929
-0.034766
0.0
-0.260971
1.0
1.0
0.182198
0.512454
0.963443
1.0
1.0
0.725788
1.0
1.0
1.0
1.0
0.348059
1.0
1.0

1.0
-0.988816
0.0
0.0
0.0
1.0
1.0
0.165788
0.479634
1.0
1.0
1.0
0.661026
0.99978
1.0
1.0
1.0
0.72022
0.851795
1.0

0.184438
-0.398403
0.0
0.011705
0.561277
1.0
1.0
0.443297
0.192747
0.632308
0.852381
0.970769
0.648718
1.0
1.0
1.0
1.0
0.600366
1.0
1.0

1.0
-0.119352
0.0
0.0
0.530704
1.0
1.0
0.562271
0.47304
1.0
0.4263
1.0
0.661026
1.0
0.604762
0.854139
0.832161
0.348059
1.0
0.581905

-0.601879
-0.076055
-0.066707
-0.207645
-0.106248
1.0
1.0
0.081685
0.192566
1.0
1.0
1.0
0.99978
0.954066
0.661612
1.0
1.0
0.754506
1.0
1.0

1.0
-0.15262
0.0
0.0
-0.260971
1.0
1.0
0.0
0.471722
0.632308
1.0
0.871136
0.970183
0.99978
1.0
1.0
1.0
0.787033
1.0
1.0

-0.987351
0.108572
-0.034176
0.0
0.06011
1.0
1.0
1.0
0.1063
1.0
1.0
0.970769
0.960806
1.0
0.596264
1.0
1.0
0.657216
1.0
0.971062

-1.010679
-0.273383
0.0
0.0
0.0
1.0
1.0
1.0
0.360366
1.0
1.0
1.0
0.831575
1.0
0.512747
0.832161
1.0
0.825714
0.999194
1.0

-0.601879
-0.138848
0.0
0.182425
-0.415769
1.0
1.0
0.776777
0.613846
0.691502
0.412528
0.928571
1.0
0.960806
1.0
0.999487
1.0
0.764176
1.0
0.99978

0.453998
0.091557
-0.124076
0.0
0.0
1.0
1.0
0.231575
0.471722
0.691502
1.0
0.75685
0.966081
0.927986
1.0
1.0
1.0
0.435092
0.789377
1.0

1.0
0.0572
0.0
0.0
0.114078
1.0
1.0
1.0
0.422051
1.0
0.657509
1.0
0.981612
1.0
1.0
0.586447
1.0
0.657216
1.0
1.0

0.60832
0.146512
0.0
-0.497306
0.083232
1.0
1.0
0.852088
0.24696
0.378242
1.0
0.928571
0.927692
0.94293
0.512747
0.561978
0.522564
0.806374
0.916557
1.0

0.14126
-0.373732
0.0
0.0
0.114078
1.0
1.0
0.562271
0.595385
0.852381
0.735165
0.915531
0.978462
0.905714
0.495165
0.945568
1.0
0.670989
0.997729
0.998901

1.0
-0.229932
0.0
-0.042278
-0.139916
1.0
1.0
1.0
0.532674
1.0
0.657509
1.0
0.954652
0.869377
0.604762
1.0
0.937656
0.714945
0.999194
0.789377

1.0
-0.321894
-0.029274
-0.334531
0.316463
1.0
1.0
0.302637
0.192566
0.667912
0.691502
1.0
1.0
1.0
0.562125
1.0
1.0
0.435092
0.851795
1.0

