y
Left

0.997225
0.0
0.0
0.0
-0.130196
0.0
0.018872
-0.030089
1.0
1.0
1.0
1.0
1.0
1.0
1.0
1.0
1.0
0.249597
0.005495
0.005495

0.850052
0.0
0.0
0.0
-0.329318
0.0
0.002186
-0.027256
1.0
1.0
1.0
1.0
1.0
1.0
1.0
1.0
1.0
0.167546
0.0
0.0

0.779457
0.0
0.0
0.0
-0.206897
0.0
0.046112
-0.007332
1.0
1.0
1.0
1.0
1.0
1.0
1.0
1.0
1.0
0.227619
0.0
0.0

0.48828
-0.469409
-0.000367
0.0
-0.182873
0.0
0.021314
-0.182095
0.999487
1.0
1.0
1.0
1.0
1.0
1.0
1.0
0.987583
0.24989
0.0
0.027473

0.118673
0.0
0.0
0.0
-0.13911
0.0
-0.040937
0.0
1.0
1.0
1.0
1.0
0.729304
1.0
1.0
0.971355
0.957875
0.492674
0.0
0.0

-0.064152
0.0
-0.031431
-0.000802
-0.18311
0.0
0.0
-0.032249
1.0
1.0
1.0
1.0
1.0
0.998315
1.0
1.0
0.758901
0.347766
0.0
0.0

-0.061005
0.0
0.0
0.0
-0.316975
0.0
0.0
-0.15859
1.0
0.99978
1.0
1.0
0.99978
1.0
1.0
1.0
1.0
0.952601
0.093114
0.0

-0.193842
0.0
0.0
0.0
-0.284295
0.789474
-0.040159
-0.010377
1.0
0.725934
1.0
0.802564
1.0
0.619121
1.0
1.0
1.0
0.324322
0.0
0.027473

-0.368751
0.0
0.0
0.0
-0.155072
0.0
0.205348
0.042079
1.0
1.0
1.0
1.0
0.99978
0.998022
1.0
0.927692
0.865861
0.234652
0.027473
0.0

-0.011034
0.0
0.0
-0.002213
-0.329318
0.0
0.046112
0.0
1.0
1.0
1.0
1.0
0.729304
0.812528
1.0
1.0
1.0
0.324322
0.0
0.0

0.475561
0.0
0.0
0.0
-0.206897
0.16919
-0.223669
0.042079
0.99978
1.0
1.0
1.0
1.0
1.0
1.0
0.987583
1.0
0.227326
0.082857
0.038901

0.539613
0.0
-0.000367
0.0
-0.524506
0.093221
0.091102
-0.158813
1.0
1.0
1.0
1.0
0.619121
1.0
1.0
1.0
0.709963
0.768278
0.0
0.082857

0.310361
0.0
-0.099528
0.0
-0.391355
0.0
0.091102
0.0
1.0
1.0
1.0
0.866154
0.998608
0.998022
1.0
1.0
1.0
0.522564
0.0
0.026886

0.055418
0.0
0.0
0.0
-0.329318
0.0
0.020733
-0.162008
0.99978
1.0
1.0
1.0
1.0
1.0
1.0
1.0
0.758901
0.072015
0.0
0.0

0.017139
-0.001268
-0.175999
0.0
0.42849
0.0
-0.003302
-0.040014
1.0
1.0
1.0
1.0
0.604762
0.99978
1.0
0.70674
1.0
0.38381
0.0
0.0

0.371564
0.0
0.0
0.0
0.42849
0.0
0.018872
-0.08187
1.0
1.0
1.0
0.802564
1.0
0.998022
1.0
1.0
0.70674
0.257949
0.023663
0.0

0.354865
-0.001381
-0.000359
-0.055828
-0.297641
0.0
0.064396
-0.01603
1.0
0.726081
1.0
1.0
0.999194
1.0
1.0
1.0
1.0
0.26293
0.0
0.0

0.310361
0.0
-0.000367
0.0
-0.411914
0.0
0.0
0.080231
1.0
1.0
1.0
1.0
0.619121
1.0
1.0
1.0
1.0
0.292967
0.005495
0.0

