1
Left

0.5536
0.587995
-0.064644
0.043366
0.366594
1.0
0.790403
0.199487
0.155896
0.0
0.0
0.915531
0.998022
0.998022
0.956996
0.998315
0.998315
0.82
0.998315
0.998315

0.540686
0.758485
0.0
0.084801
0.127026
1.0
0.967692
0.270549
0.208431
0.0
0.0
1.0
0.998022
0.998022
0.907179
0.998315
0.998315
0.90044
0.995092
0.995092

0.540873
0.695499
-0.045394
0.067714
0.066279
1.0
0.891062
0.206081
0.173032
0.0
0.0
0.889597
0.998022
0.998022
0.906301
0.998315
0.998315
0.927985
0.994213
0.994213

0.84442
0.172607
0.0
0.0
0.321058
1.0
1.0
0.062051
0.229134
0.0
0.0
1.0
0.998022
1.0
1.0
1.0
1.0
0.692088
0.998901
1.0

0.644204
-0.016665
0.0
0.0
0.430781
1.0
0.616337
0.145568
-0.006332
0.0
0.0
0.628205
0.998022
1.0
1.0
0.947619
1.0
0.672747
1.0
0.995092

0.440091
0.074034
0.0
0.0
-0.157367
1.0
1.0
0.387766
0.064982
0.0
0.0
1.0
1.0
1.0
1.0
1.0
1.0
0.94381
1.0
1.0

0.969639
0.057929
0.013084
0.0
0.366594
1.0
0.967692
1.0
0.200366
0.0
0.0
1.0
1.0
1.0
0.853553
1.0
1.0
0.398022
0.998901
1.0

0.641583
0.121225
0.0
0.0
0.0
1.0
1.0
0.441245
0.2059
0.0
0.0
1.0
1.0
0.998608
1.0
1.0
1.0
0.887985
1.0
1.0

0.672958
0.379605
-0.073544
0.04129
-0.232723
1.0
1.0
0.128864
0.032682
0.0
0.0
0.821319
0.998315
1.0
1.0
1.0
1.0
1.0
0.998901
1.0

0.596088
0.851945
0.0
0.084801
0.320129
1.0
1.0
0.723736
0.084908
0.0
0.0
1.0
1.0
0.99978
1.0
1.0
1.0
0.382344
0.998901
1.0

1.0
-0.049228
-0.064644
0.0
0.573699
1.0
1.0
0.799341
0.218828
0.0
0.0
1.0
0.51685
0.51685
1.0
0.999487
1.0
0.82044
1.0
0.99978

0.803356
-0.228147
0.0
0.0
0.151717
1.0
0.291795
0.120366
0.097509
0.0
0.0
0.889597
0.99978
1.0
1.0
1.0
1.0
0.456337
1.0
1.0

0.879367
0.114064
0.0
0.065798
0.0
1.0
1.0
0.799341
0.321392
0.0
0.0
0.840073
0.998608
0.998608
1.0
1.0
1.0
0.236703
1.0
1.0

0.540686
0.016432
0.0
0.010459
0.305705
1.0
1.0
1.0
0.012821
0.0
0.0
0.757143
0.998315
1.0
1.0
1.0
0.998315
0.76022
1.0
1.0

0.540873
-0.072412
0.0
0.131138
0.345344
1.0
1.0
0.512747
0.11978
0.0
0.0
1.0
0.998022
0.51685
0.906301
1.0
1.0
0.564909
1.0
1.0

0.440091
-0.132483
0.0
0.010459
0.31648
1.0
0.816337
0.206081
0.185601
0.0
0.0
0.80652
1.0
1.0
0.810183
1.0
1.0
0.564909
1.0
1.0

0.644204
0.100566
0.0
0.112733
0.301203
1.0
0.500733
0.002564
0.032682
0.0
0.0
1.0
1.0
0.998608
1.0
1.0
0.999194
1.0
1.0
0.999487

0.540686
0.127036
0.0
0.0
0.189781
1.0
1.0
0.952674
0.2059
0.0
0.0
1.0
1.0
0.998315
1.0
1.0
0.878462
1.0
0.995092
1.0

