5
Left

1.0
0.542129
0.255651
0.245368
-0.746672
0.0
-0.099578
-0.06846
-0.090386
0.0
0.0
-0.098706
0.0
0.0
-0.204812
0.0
0.0
-0.121387
0.0
0.0

0.950575
0.507159
0.356887
-0.165321
-0.802573
0.0
-0.226118
-0.155456
-0.116638
0.0
0.0
-0.057099
0.0
0.0
-0.111829
0.0
0.0
-0.041502
0.0
0.0

0.653953
0.232228
0.226136
0.037768
-0.435403
0.0
-0.107011
-0.07357
-0.027744
0.0
0.0
-0.007277
0.0
0.0
-0.10628
0.0
0.0
-0.083121
0.0
0.0

0.604301
0.652082
0.118505
-0.093223
-0.923473
0.027391
0.0
0.0
-0.055772
0.0
0.0
0.0
0.0
0.0
-0.127569
0.0
0.006081
0.0
0.0
0.0

1.0
0.337756
-0.034405
-0.145442
-0.667609
0.265579
0.0
0.0
-0.051545
0.0
0.0
-0.060794
0.0
0.0
-0.164988
0.0
0.0
-0.149991
0.0
0.0

-0.16918
-0.673467
0.226136
-0.188785
-0.470867
0.137279
-0.092587
0.0
-0.075586
0.0
0.0
-0.023148
0.0
0.0
-0.111829
0.0
0.0
-0.15604
0.0
0.0

0.301075
0.242001
0.215862
-0.006853
-1.227225
0.0
0.017216
0.0
-0.121303
0.0
0.0
-0.060794
0.0
0.0
-0.05687
0.0
0.0
-0.043871
0.0
0.0

0.436639
0.331629
0.168917
0.068779
-1.057317
0.175703
0.0
0.018681
-0.055772
0.005788
0.0
0.0
0.0
0.0
-0.173262
0.0
0.0
-0.056716
0.0
0.0

0.099691
0.463675
0.00514
-0.478684
-0.86232
0.179804
0.0
0.0
-0.024251
0.019267
0.0
-0.013474
0.0
0.0
-0.130806
0.0
0.0
-0.091934
0.004029
0.0

0.753229
0.375453
0.219321
0.353287
-0.667609
0.082297
0.0
0.0
0.016629
0.0
0.0
-0.102743
0.0
0.0
-0.045167
0.0
0.0
-0.04745
0.0
0.0

-0.178277
0.507159
0.494271
0.223737
-0.495046
0.265579
-0.092587
-0.054168
-0.09187
0.0
0.0
-0.098706
0.0
0.0
-0.054727
0.0
0.000513
-0.120717
0.0
0.0

0.349158
0.414938
0.27396
-0.699824
-0.746362
0.027391
-0.099578
0.0
-0.023483
0.037729
0.001392
-0.066017
0.0
0.0
-0.204812
0.0
0.0
-0.091208
0.0
0.0

0.287416
0.390676
-0.070069
0.245368
-0.782722
0.093207
0.0
0.0
0.074652
0.0137
0.011648
-0.061885
0.0
0.0
-0.044129
0.0
0.0
-0.04029
0.0
0.0

-0.200043
0.438988
-0.046193
-0.467265
-0.655032
0.243496
0.0
0.0
-0.116638
0.0
0.0
0.0
0.0
0.0
-0.164988
0.0
0.0
-0.042786
0.0
0.0

0.564371
0.331629
-0.027356
-0.213788
-0.432199
0.244687
0.104835
-0.011716
-0.029629
0.0
0.0
0.0
0.0
0.0
0.0
0.0
0.0
-0.083121
0.0
0.0

0.406435
0.484851
0.314707
-0.133894
-0.694206
0.175703
0.058242
0.0
-0.040814
0.0
0.0
0.0
0.0
0.0
-0.095442
0.0
0.0
0.0
0.0
0.0

0.507606
0.542129
0.04672
0.194966
-0.219647
0.265579
-0.024265
0.0
-0.130307
0.0
0.0
0.195096
0.0
0.0
-0.152523
0.0
0.0
0.0
0.0
0.0

0.362056
1.078685
0.134183
-0.173068
-0.667609
0.078538
-0.054958
0.0
-0.059515
0.0
0.0
0.0
0.0
0.0
-0.048425
0.0
0.004615
-0.032713
0.0
0.0

