7
Left

0.758405
0.513236
0.202972
0.019875
0.036837
1.0
0.585714
0.040659
-0.113924
0.0
0.0
0.021612
0.0
0.0
0.337216
1.0
1.0
0.002271
0.0
0.0

0.741942
0.729005
0.099045
-0.107209
-0.132221
1.0
0.606227
0.016337
-0.143848
0.0
0.0
0.025421
0.0
0.0
0.357143
1.0
1.0
0.0
0.0
0.0

0.701075
0.647407
0.141938
-0.098557
-0.064408
1.0
0.576777
0.012821
-0.120515
0.0
0.0
0.014872
0.0
0.0
0.316703
1.0
1.0
0.0
0.0
0.0

0.758405
0.534979
-0.15238
0.074649
-0.183523
1.0
0.638608
0.0
-0.035313
0.0
0.0
0.0
0.0
0.0
0.700586
1.0
1.0
0.030403
0.0
0.013114

0.905174
0.152371
0.20629
-0.227344
0.553186
1.0
0.210476
1.0
-0.116346
0.0
0.0
0.232601
0.0
0.0
0.151136
0.899853
1.0
0.0
0.0
0.0

0.958658
0.481097
0.138911
0.039038
-0.226625
1.0
1.0
0.012821
0.001685
0.0
0.0
0.076703
0.0
0.0
1.0
0.999487
0.676557
0.087546
0.0
0.0

0.651639
0.295048
0.151991
-0.105828
-0.179744
1.0
1.0
0.014579
0.0
0.0
0.0
0.018388
0.0
0.0
0.139414
1.0
1.0
0.006667
0.0
0.0

0.949288
0.69651
0.147291
-0.107306
0.104908
1.0
1.0
0.0
-0.109704
0.0
0.0
0.043297
0.0
0.002271
0.45619
0.491062
0.734139
0.0
0.026886
0.0

0.632898
0.470105
0.048495
-0.029284
0.091896
1.0
1.0
0.040659
0.0
0.0
0.0
0.630843
0.0
0.0
0.065275
1.0
1.0
0.0
0.0
0.0

0.323781
0.706213
-0.15238
0.081349
-0.20176
1.0
0.306593
0.0
-0.143848
0.0
0.0
0.149963
0.0
0.0
0.387912
1.0
1.0
0.048571
0.0
0.010183

0.560854
0.534979
0.081275
0.090481
-0.115315
1.0
0.974872
0.014579
0.0
0.0
0.0
0.024835
0.0
0.0
1.0
0.734139
1.0
0.032161
0.0
0.0

0.285197
0.379328
0.20629
-0.107209
0.013918
1.0
0.179267
0.379414
-0.168076
0.0
0.0
0.630843
0.0
0.0
0.45619
1.0
1.0
0.0
0.0
0.0

0.303657
0.681143
-0.028151
0.0
0.093078
1.0
0.679194
0.158169
-0.013245
0.0
0.0
-0.042562
0.0
0.0
0.139414
1.0
1.0
0.0
0.0
0.0

0.586992
0.665567
0.084145
-0.013076
-0.117084
1.0
0.726081
0.903663
-0.01817
0.0
0.0
0.058828
0.0
0.0
0.669817
0.999487
1.0
0.0
0.069377
0.0

0.735513
0.302534
0.138911
0.0
-0.161905
1.0
0.441538
0.065275
-0.035313
0.0
0.0
0.232601
0.0
0.0
1.0
0.734139
1.0
0.021612
0.0
0.0

0.303657
0.260408
0.13194
0.232031
0.060257
1.0
1.0
0.336923
0.0
0.0
0.0
0.0
0.0
0.0
0.256777
1.0
1.0
0.0
0.0
0.0

0.758405
0.462884
0.714968
0.180196
0.200557
1.0
0.507766
0.082271
0.0
0.0
0.0
-0.126522
0.0
0.0
0.337216
0.187766
1.0
0.0
0.0
0.0

0.69382
0.272392
0.211927
0.048159
0.06673
1.0
0.441538
1.0
-0.219245
0.0
0.0
0.0
0.0
0.0
0.387912
1.0
0.999487
0.0
0.0
0.0

