bent_v
Left

0.191414
0.674662
0.022771
0.107395
0.502846
1.0
1.0
0.089011
0.00782
1.0
1.0
-0.087784
0.563297
0.563297
0.707033
1.0
1.0
0.696777
0.889597
0.889597

0.186631
0.553871
0.011364
0.110331
0.700257
1.0
0.692088
0.063516
0.016278
1.0
1.0
-0.122232
0.66718
0.66718
0.587473
1.0
1.0
0.535311
1.0
1.0

0.180833
0.621537
-0.057811
0.165059
0.719786
1.0
0.816191
0.045641
0.037143
1.0
1.0
-0.028878
0.54967
0.54967
0.605055
1.0
1.0
0.584835
1.0
1.0

0.869479
0.371753
-0.167462
0.037577
0.209761
1.0
0.421758
0.208132
0.112194
0.99978
1.0
-0.124815
0.617363
0.998315
1.0
1.0
1.0
0.54337
0.999487
1.0

0.705006
0.785127
0.236161
0.0
0.297887
1.0
0.905714
0.316703
0.047106
0.738974
1.0
0.007693
0.96696
0.999414
1.0
1.0
1.0
0.264396
1.0
0.66337

0.405462
0.609437
-0.167582
0.0
-0.453456
1.0
0.424396
0.071722
0.002168
1.0
1.0
0.082349
0.998315
0.648132
0.575311
1.0
1.0
1.0
0.998901
0.99978

0.240877
0.658907
-0.169785
0.099805
0.174568
1.0
1.0
0.039487
0.13062
1.0
1.0
0.0
0.998315
0.461465
1.0
1.0
1.0
0.918901
0.66337
0.99978

0.540377
0.490249
-0.26881
0.0
-0.166758
1.0
0.421758
0.316703
0.044176
1.0
1.0
0.070549
0.60652
0.588645
0.926667
1.0
1.0
0.794359
0.781758
0.848278

-0.24124
0.785127
-0.455472
-0.071785
-0.250197
1.0
1.0
0.27685
0.0
0.99978
1.0
-0.107029
0.810769
0.648132
1.0
1.0
1.0
1.0
1.0
0.999487

0.191414
0.248868
-0.232656
0.0
-0.242349
1.0
0.421758
1.0
-0.104096
1.0
1.0
0.057656
0.66718
0.998022
0.998901
1.0
1.0
1.0
1.0
0.999487

0.313188
0.645802
-0.552748
0.018389
-0.425155
1.0
1.0
0.185714
-0.047035
0.574872
0.861758
-0.046027
1.0
1.0
0.625568
1.0
1.0
0.584835
1.0
1.0

0.531203
0.742119
0.245124
0.072617
0.085335
1.0
0.816191
1.0
-0.040051
1.0
1.0
0.070549
0.999414
1.0
0.719341
1.0
1.0
0.352308
0.998901
1.0

0.698601
0.546008
-0.275376
0.34043
0.114624
1.0
1.0
0.208132
-0.035326
1.0
1.0
0.008425
1.0
0.60652
0.625568
0.999194
1.0
0.683883
1.0
0.999487

0.180833
0.186916
-0.196933
-0.048909
0.0
1.0
1.0
0.205641
0.094303
1.0
0.691062
0.082349
1.0
0.998608
0.809597
1.0
1.0
0.708645
1.0
1.0

0.616839
0.405865
-0.170136
0.0
0.080039
1.0
0.616777
0.570769
-0.022266
1.0
0.738974
-0.025077
0.598022
0.47685
1.0
1.0
1.0
0.345128
0.997729
0.997729

0.252177
0.150171
0.236161
0.0
0.465197
1.0
0.587766
0.342637
0.232699
1.0
0.99978
0.0
0.804322
0.722857
0.647985
1.0
1.0
1.0
0.997729
1.0

0.508912
0.459128
-0.102574
0.0
0.24579
1.0
0.616777
0.0
0.094303
1.0
1.0
0.22967
1.0
0.617363
0.257509
1.0
1.0
1.0
0.997729
0.99022

0.389006
0.846515
-0.237734
0.03246
0.297887
1.0
1.0
0.063516
0.017802
1.0
1.0
0.057656
0.99978
0.326374
1.0
1.0
1.0
0.663517
1.0
0.999194

