c
Left

0.9146
-0.813264
-0.595894
-0.72821
-0.439594
0.736646
0.074652
0.0
0.148205
1.0
1.0
0.374139
0.549817
0.549817
0.058535
0.481538
0.481538
0.263223
0.026886
0.026886

0.897886
-0.639063
-0.538878
-0.570846
-0.399333
0.820895
0.200659
0.0
0.028059
0.751868
0.751868
0.159341
0.396117
0.396117
0.024249
0.127985
0.127985
0.076703
0.0
0.0

0.80007
-0.679032
-0.422978
-0.535564
-0.468205
1.0
0.303077
0.029231
0.037436
0.765348
0.765348
0.154066
0.532088
0.532088
0.028352
0.414286
0.414286
0.022784
0.008425
0.008425

0.80713
-0.17528
-0.476034
-0.570846
-0.158974
0.796749
0.0
0.103663
0.037436
0.462344
0.656923
0.0
0.41663
0.200659
0.0
0.371355
0.652234
0.022784
0.541172
0.707033

0.882183
-0.512762
-0.63096
-0.382361
-0.220343
1.0
0.045348
0.0
0.283883
0.986887
1.0
0.280073
0.177802
0.41663
0.0
0.476117
0.440952
0.028059
0.707033
0.541172

0.925669
-0.580057
-0.285853
-0.531116
-0.447713
1.0
0.0
0.0
-0.1015
0.930037
0.375604
0.113053
0.26381
0.324029
0.353187
0.652234
0.550256
0.123883
0.76696
0.027179

0.897886
0.122979
-0.63096
-0.516746
-0.439594
0.914211
0.0
0.0
0.120952
0.445348
0.530916
0.452381
0.682711
0.62293
0.11824
0.305421
0.574872
0.096337
0.369158
0.585714

0.733348
-0.282755
-0.595894
-0.491991
-0.344171
1.0
0.296484
0.103663
0.023077
0.405495
0.401685
0.019853
0.421319
0.403297
0.0
0.54967
0.440952
0.0
0.013114
0.0

0.926172
-0.580057
0.145942
-0.039878
-0.158974
0.796749
0.0
0.0
0.148205
1.0
0.522857
0.033919
0.314652
0.549817
-0.001279
0.692967
0.570476
0.067912
0.017802
0.002857

0.810528
0.045838
-0.501621
-0.624873
0.119828
0.746177
0.0
0.0
0.03011
0.627912
0.930037
0.307766
0.532088
0.56022
0.13033
0.54967
0.256923
0.096337
0.707033
0.283297

0.584072
-0.232944
-0.380787
-0.32977
-0.642898
0.706631
0.0
0.343956
0.0
0.417363
0.445348
0.270989
0.62293
0.682418
0.15641
1.0
0.420147
0.064982
0.0
0.026886

0.879093
-0.514303
-0.583534
0.175376
-0.185726
1.0
0.057949
0.062637
0.028645
0.577949
0.436264
0.0
0.712601
0.532088
-0.001279
0.430256
0.652234
0.039934
0.121245
0.289158

0.848566
-0.114992
-0.467827
0.104384
0.007973
0.309325
0.136923
0.125934
-0.018126
0.930037
0.948205
0.008132
0.018095
0.124469
0.086374
0.313773
0.499267
0.166081
0.289158
0.541172

0.885405
0.096745
-0.285853
0.204796
-0.138572
1.0
0.200659
0.0
0.08022
0.522857
0.959341
0.207253
0.407253
0.38381
0.096923
0.430256
0.634652
0.0
0.002857
0.161392

0.755943
0.146124
-0.388062
-0.63852
-0.565244
0.559078
0.741612
0.0
0.034799
1.0
0.328865
0.280073
0.314652
0.391429
0.110403
0.420147
0.500147
0.076703
0.301758
0.888425

0.889511
0.04737
-0.84346
-0.738577
-0.607491
1.0
0.741612
0.183516
0.064689
1.0
0.906447
0.593626
0.532088
0.73707
0.032161
0.693553
0.371355
0.133993
0.707033
0.0

0.850804
0.122979
-0.388062
-0.4859
-0.176901
1.0
0.045348
0.158022
0.0
0.168864
0.25956
-0.01886
0.124469
0.992381
0.038901
0.628205
0.714652
0.072015
0.301758
0.078169

0.88709
-0.192572
-0.583534
0.271226
0.342424
1.0
0.322564
0.060293
0.223916
0.627912
0.586007
0.036557
0.402271
0.38381
0.058242
1.0
0.692967
0.0
0.001978
0.314066

