closed_b
Left

0.010804
0.0802
0.029838
0.198422
0.182873
1.0
1.0
0.0
-0.052419
0.0
0.0
0.0
0.0
0.0
-0.010737
0.0
0.0
0.0
0.0
0.0

0.169718
-0.104047
0.030631
0.159138
0.209973
1.0
1.0
0.003736
0.0
0.0
0.0
0.0
0.0
0.0
0.011062
0.0
0.0
0.0
0.0
0.0

0.204387
-0.021329
-0.053285
0.115339
0.222389
1.0
1.0
0.0
0.0
0.0
0.0
0.0
0.0
0.0
0.021319
0.0
0.0
0.0
0.0
0.0

0.289007
0.007773
0.217054
0.060926
0.182873
1.0
1.0
0.006081
-0.012225
0.0
0.0
0.0
0.0
0.0
0.002857
0.0
0.0
0.032454
0.0
0.0

0.676305
-0.845957
0.129264
0.223214
0.497931
1.0
1.0
0.192161
0.024542
0.0
0.0
0.0
0.0
0.0
0.0
0.0
0.0
0.0
0.0
0.0

0.191957
-0.249305
0.343762
0.194582
0.281232
1.0
1.0
0.326374
0.008718
0.0
0.0
0.222955
0.0
0.0
0.018388
0.0
0.0
0.063223
0.0
0.0

0.111642
0.02048
0.050388
0.091544
0.592568
1.0
1.0
1.0
-0.016246
0.0
0.0
0.065861
0.0
0.0
0.0
0.0
0.0
0.0
0.0
0.0

0.455193
0.062839
0.096447
0.115339
0.209179
1.0
0.636703
0.0
0.043297
0.0
0.0
0.0
0.0
0.0
0.0
0.0
0.0
0.016337
0.0
0.004322

0.169718
-0.183311
0.134795
0.041828
0.269572
1.0
1.0
0.185714
-0.003727
0.0
0.0
0.0
0.0
0.0
0.038022
0.0
0.0
0.034212
0.0
0.0

0.524489
-0.249305
-0.002423
0.115339
0.197504
1.0
1.0
0.006667
-0.052419
0.0
0.0
0.0
0.0
0.0
0.0
0.0
0.0
0.0
0.0
0.0

0.260656
0.092723
-0.291338
0.223214
0.497931
1.0
1.0
1.0
0.021319
0.0
0.0
0.004615
0.0
0.0
0.104835
0.0
0.0
0.0
0.0
0.0

-0.020778
0.066058
-0.0778
0.202975
0.217246
1.0
1.0
0.064982
0.00315
0.0
0.0
0.009011
0.0
0.0
0.006667
0.0
0.0
0.0
0.0
0.0

0.442235
0.031043
0.111992
0.194582
0.544098
1.0
1.0
0.053846
0.093114
0.0
0.0
0.035971
0.0
0.0
0.011062
0.0
0.0
0.0
0.010183
0.0

1.0
-0.021535
0.050388
0.063271
0.326976
1.0
1.0
0.379414
0.042272
0.0
0.0
0.0
0.0
0.0
-0.010737
0.0
0.0
0.0
0.0
0.0

0.424325
0.037813
0.084066
0.266457
0.463442
1.0
1.0
0.0
0.0
0.0
0.0
0.025128
0.0
0.0
0.012821
0.0
0.0
0.0
0.0
0.0

0.362363
-0.196283
-0.00785
0.047519
0.253774
1.0
1.0
0.043883
-0.012225
0.0
0.0
0.017216
0.0
0.0
0.0
0.0
0.0
0.021026
0.0
0.0

0.592052
-0.021329
-0.0778
0.036691
0.123648
1.0
1.0
0.0
0.0
0.0
0.0
0.008718
0.0
0.0
0.0
0.0
0.0
0.0
0.0
0.0

0.204387
0.066058
0.055436
0.176942
0.209973
1.0
1.0
0.003736
0.0
0.0
0.0
0.150499
0.0
0.0
0.0
0.0
0.0
0.023663
0.0
0.0

