curved_4
Left

0.476533
0.259175
-0.153864
-0.447727
-0.657907
1.0
1.0
0.21326
-0.168504
1.0
1.0
-0.34229
0.557582
0.557582
-0.262226
0.695311
0.695311
0.012821
0.305568
0.305568

0.433419
0.307926
-0.125062
-0.413111
-0.642301
1.0
1.0
0.172381
-0.144435
1.0
1.0
-0.310045
0.296777
0.296777
-0.214385
0.518901
0.518901
0.0
0.03011
0.03011

0.430087
0.299838
-0.218529
-0.40204
-0.39902
1.0
1.0
0.125348
-0.129286
1.0
1.0
-0.271451
0.411062
0.411062
-0.150527
0.574579
0.574579
0.029524
0.165788
0.165788

0.074465
0.261144
-0.262262
-0.332518
-0.85448
1.0
1.0
0.696484
0.0
1.0
0.976337
0.164615
0.63304
0.99978
-0.275954
1.0
0.250476
0.066447
1.0
0.392308

0.55465
0.343584
-0.040779
0.361105
-0.378448
1.0
1.0
0.668938
-0.079998
1.0
0.679194
0.103956
0.751282
0.608572
-0.090768
0.233773
0.72315
0.050037
0.173407
0.068498

-0.527055
0.446077
-0.093224
-0.287087
-0.167893
1.0
1.0
1.0
-0.02745
1.0
0.99978
0.074945
1.0
0.42337
0.0
0.065568
0.314359
0.039487
1.0
0.165788

0.334682
-0.212792
-0.108809
-0.02225
0.313123
1.0
1.0
1.0
0.017249
1.0
1.0
0.315824
0.651502
0.296777
-0.10626
0.155531
1.0
0.047063
0.395824
0.007253

0.302937
0.467665
-0.068014
-0.229527
0.108841
1.0
1.0
1.0
0.0
1.0
0.99978
0.163453
0.608572
0.35011
-0.275954
0.163883
0.261612
0.012821
1.0
0.738535

0.305943
0.130929
0.005836
-0.228043
-0.204628
1.0
1.0
1.0
0.119927
1.0
0.674213
-0.293861
0.876264
0.608572
0.087707
0.011062
0.72315
0.023956
0.0
0.173407

0.753053
-0.245182
-0.086453
-0.356513
-0.265554
1.0
1.0
0.738095
-0.02431
0.918315
0.75978
-0.293861
1.0
0.813407
0.130632
1.0
0.498388
0.045348
0.0
0.139267

-0.527055
0.347693
0.112901
-0.484203
-0.819233
1.0
1.0
0.8937
0.417509
1.0
1.0
-0.126204
0.998315
1.0
0.480513
1.0
1.0
-0.00123
0.830989
0.352161

0.315178
0.426615
-0.214946
-0.091137
-0.714029
1.0
1.0
1.0
-0.136365
1.0
1.0
-0.1608
0.608572
0.688865
-0.024747
0.065568
0.135751
0.023956
1.0
0.225568

0.455809
0.220816
-0.201253
-0.091137
0.751114
1.0
1.0
0.325202
0.0
0.75978
1.0
-0.16334
1.0
0.480806
0.001392
1.0
0.574579
0.002564
0.419267
0.419267

0.315178
0.294505
-0.265226
0.073647
0.313123
1.0
1.0
0.031575
0.119927
0.471429
1.0
0.074945
0.608572
0.800806
0.0
0.765934
0.250476
0.049744
0.876117
0.636117

0.598125
0.193231
-0.03231
-0.058334
-0.051869
1.0
1.0
1.0
-0.02745
1.0
1.0
0.008132
0.910256
1.0
-0.158454
0.135751
0.312454
0.0
0.830989
0.199341

-0.767045
0.257036
-0.103431
-0.029829
-0.167893
1.0
1.0
1.0
-0.124362
1.0
1.0
-0.188798
0.411062
0.453114
-0.084868
0.524469
0.233773
0.054677
0.150549
0.664249

0.7321
0.130929
0.029158
-0.63716
-0.714029
1.0
1.0
1.0
0.115971
1.0
0.770623
-0.162096
1.0
0.818095
-0.158413
0.999194
0.5737
0.012821
1.0
0.118022

0.074465
0.343584
-0.398685
-0.301854
-0.495126
1.0
1.0
1.0
-0.119595
0.720806
1.0
0.074945
0.879048
0.90044
-0.262226
0.574579
0.999194
0.066447
0.265128
0.174286

