curved_5
Left

0.623535
0.33883
0.096493
-0.178851
-0.566252
1.0
0.176337
0.0
0.0
0.753626
0.753626
0.0
0.412528
0.412528
0.0
0.26044
0.26044
0.081099
0.013993
0.013993

0.651424
0.351286
0.148087
-0.157529
-0.350744
1.0
0.139707
0.0
0.0
0.631722
0.631722
0.0
0.331062
0.331062
-0.011086
0.324615
0.324615
0.07641
0.008718
0.008718

0.635105
0.44691
0.159313
-0.122692
-0.245697
1.0
0.143223
0.0
0.0
0.903224
0.903224
0.003443
0.302051
0.302051
0.0
0.225421
0.225421
0.313773
0.003736
0.003736

0.720007
0.241744
0.16387
-0.287551
-0.877508
1.0
0.476996
0.452967
0.0
0.238608
0.046227
0.0
0.600952
0.623809
0.067033
0.544396
0.225421
0.04359
0.195971
0.189817

0.877299
0.758522
0.11302
0.070964
-0.698516
1.0
0.009597
0.162271
0.046813
0.148498
0.986887
0.044762
0.432454
0.438608
0.0
0.625568
0.258388
0.007839
0.544689
0.341319

0.82325
-0.280949
-0.094132
-0.327739
-0.045276
0.816043
0.216777
0.111282
0.0
0.753626
0.448864
0.004322
0.992454
0.452088
0.0
0.964762
0.358022
0.305861
0.062637
1.0

0.798155
0.055393
0.143389
-0.354313
0.067666
0.811077
0.53619
0.0
-0.022593
0.448864
1.0
0.0
0.397582
0.39348
0.0
0.358022
0.210916
0.162564
0.368425
0.668791

0.791224
0.139937
0.145478
-0.110894
-0.410107
1.0
0.217656
0.592161
0.393626
0.310256
0.266154
0.0
0.176044
0.992454
-0.011086
0.170769
1.0
0.104103
0.0
0.003736

0.755104
0.56465
-0.249377
0.070964
-0.227613
1.0
0.413114
0.0
0.066154
0.799048
0.67011
0.0
0.30967
0.389963
-0.042001
0.684176
0.390549
0.081099
0.257363
0.564908

0.809992
0.758522
-0.013777
0.575854
-0.538448
0.489561
0.53619
0.426593
0.052674
0.275971
0.986886
0.0
0.452088
0.076117
0.0
0.666007
0.755385
0.07641
0.106007
0.368425

0.958395
-0.084729
0.16387
-0.287551
-0.199069
1.0
0.139707
0.0
0.012527
0.986886
0.718462
-0.009169
0.486374
0.302051
0.030403
1.0
0.216777
0.162564
0.126227
0.67978

0.371421
0.41837
0.044036
0.025315
0.129168
1.0
0.343663
0.0
0.014286
0.698828
0.688571
-0.193096
1.0
0.317436
0.0
0.274212
1.0
0.371062
0.279194
0.124176

0.920206
-0.148908
0.082131
-0.285984
-0.600646
0.783076
1.0
1.0
0.06293
0.614725
0.607985
0.0
0.36359
0.438901
0.048864
0.390549
0.14293
0.068498
0.368425
0.67978

0.720007
0.055393
0.134026
-0.178851
-0.698516
0.643536
0.066447
0.005495
0.007253
0.552601
0.279487
-0.038628
0.317436
0.524762
0.0
0.684176
0.78
0.470256
0.057363
0.0

0.771249
0.306979
0.141538
-0.085084
-0.474939
1.0
0.53619
0.009304
0.0
0.698828
0.181026
0.003443
0.524762
0.992454
-0.057707
1.0
0.263517
0.16315
0.144103
0.382051

0.791224
0.241744
-0.091174
-0.535422
-0.378262
0.781239
0.367399
0.0
0.0
0.307326
1.0
0.0
0.302051
0.486374
0.0
0.225421
0.233187
0.007839
0.668791
0.164029

0.635105
0.398566
-0.047023
0.070964
-0.350744
1.0
0.300293
0.0
0.0
0.986886
0.889011
0.0
0.176044
0.477143
0.0
0.065568
0.061758
0.238462
0.428059
0.051795

0.651424
0.204974
0.122979
1.187084
-0.417745
1.0
0.217656
0.0
-0.067768
0.158315
0.718462
0.0
0.985421
0.506447
0.08696
1.0
1.0
0.470256
0.321685
0.67978

