curved_1
Left

0.788587
0.079999
-0.145413
0.0
0.045619
1.0
0.888425
0.090476
0.176044
0.355678
0.355678
0.778828
0.999194
0.999194
1.0
1.0
1.0
0.96315
1.0
1.0

0.665667
-0.07012
-0.068
0.0
0.099995
1.0
1.0
0.177802
0.218535
0.232015
0.232015
0.909524
0.999194
0.999194
1.0
1.0
1.0
0.800366
1.0
1.0

0.69318
-0.146284
-0.140766
0.0
0.126329
1.0
0.858242
0.260733
0.140879
0.326081
0.326081
0.825128
0.999194
0.999194
1.0
1.0
1.0
0.709963
1.0
1.0

0.772572
0.336553
-0.122903
0.0
0.0
1.0
0.656337
0.235678
0.011648
0.295018
0.348791
1.0
1.0
1.0
0.433626
1.0
1.0
0.834213
1.0
0.69326

0.961405
-0.240017
0.0
0.000585
0.270248
1.0
0.530623
1.0
0.042711
0.590842
0.488718
0.819853
1.0
1.0
1.0
1.0
1.0
1.0
1.0
1.0

0.558619
-0.584239
-0.068207
0.0
0.106964
1.0
1.0
0.167399
-0.013413
0.834212
0.738388
1.0
0.998022
0.998315
0.870256
1.0
1.0
0.61326
1.0
0.814872

0.69318
-0.109933
0.158573
0.0
0.531478
1.0
1.0
1.0
0.218535
0.142051
1.0
1.0
1.0
0.998608
1.0
1.0
0.999487
0.656044
1.0
1.0

0.961604
0.068511
-0.122903
0.000585
-0.140892
1.0
1.0
1.0
0.359487
0.248278
0.535897
1.0
1.0
1.0
1.0
1.0
1.0
1.0
1.0
1.0

0.358553
0.110446
0.0
0.0
0.0
1.0
0.754212
0.235678
0.387326
1.0
0.245788
1.0
0.998315
1.0
1.0
1.0
1.0
0.973993
1.0
1.0

0.702139
-0.146284
-0.225495
0.0
0.033159
1.0
0.998535
1.0
0.055018
0.659121
0.659121
1.0
1.0
1.0
0.869231
1.0
1.0
0.976337
0.999487
1.0

0.835338
0.068511
0.0
0.008873
0.131811
1.0
0.858242
1.0
0.387326
0.711429
0.711429
1.0
1.0
0.99978
1.0
1.0
1.0
0.964322
1.0
0.997729

0.635112
-0.240017
0.0
0.0
0.161775
1.0
0.530623
1.0
0.047692
0.248278
0.650769
0.843004
1.0
1.0
1.0
1.0
1.0
0.895311
0.997729
1.0

0.560933
-0.022886
0.0
0.0
0.321003
1.0
1.0
0.071429
0.043004
0.267473
0.874066
0.825128
1.0
0.998315
1.0
1.0
1.0
1.0
1.0
0.999487

0.937326
-0.242196
0.0
0.008814
0.0482
1.0
1.0
1.0
0.176044
0.307326
0.401392
0.971648
1.0
1.0
1.0
0.999194
1.0
0.96315
0.999194
1.0

0.69318
-0.159433
-0.644766
0.0
0.229707
1.0
0.888425
0.167399
0.457949
0.326081
0.354799
0.999707
1.0
1.0
1.0
1.0
1.0
0.508938
0.99978
1.0

1.0
-0.138806
0.0
0.0
-0.324598
1.0
0.538828
0.226447
0.350989
0.226154
0.098388
1.0
1.0
0.999194
1.0
1.0
1.0
0.894286
1.0
1.0

0.735448
-0.134126
0.0
0.0
0.132369
1.0
0.656337
0.588205
0.011648
0.711429
0.142051
0.799927
1.0
1.0
1.0
0.999194
1.0
0.358608
1.0
1.0

0.48901
0.185388
0.0
0.0
0.0
0.876963
1.0
1.0
0.176205
0.489304
1.0
1.0
0.999194
0.998608
1.0
1.0
1.0
0.775311
1.0
1.0

