flat_o
Left

0.944004
-0.120792
-0.189187
-0.059991
-0.019043
1.0
0.007546
0.0
0.346886
0.111868
0.111868
0.788938
0.04359
0.04359
0.915678
0.0
0.0
0.704982
0.0
0.0

0.988483
-0.092504
-0.107974
-0.055735
0.101271
1.0
0.020733
0.0
0.292088
0.118022
0.118022
0.855604
0.032747
0.032747
0.932088
0.0
0.0
0.565495
0.0
0.0

1.0
-0.075254
-0.026671
-0.077806
0.125572
1.0
0.045348
0.0
0.273773
0.142637
0.142637
0.958462
0.024835
0.024835
0.898974
0.0
0.0
0.447692
0.0
0.0

0.711473
-1.108631
0.0
0.0
-0.351262
0.978455
0.0
0.0
0.383517
0.182491
0.269084
1.0
0.044762
0.001978
1.0
0.073187
0.0
0.541026
0.0
0.022784

0.79402
-0.500203
-0.35027
-0.055735
0.174342
1.0
0.182344
0.0
0.319927
0.085788
0.059414
1.0
0.060293
0.044762
0.708205
0.0263
0.327839
0.480513
0.037729
0.018095

0.98739
-0.416848
0.0
0.0
0.147725
1.0
0.0
0.0
0.324029
0.189817
0.200366
0.94718
0.010183
0.095458
1.0
0.021026
0.0
0.468205
0.0
0.163883

0.963562
-0.010581
-0.169177
0.027349
-0.108907
1.0
0.620879
0.0
1.0
0.152601
0.067326
1.0
0.095458
0.072308
0.698828
0.200659
0.010476
0.400806
0.163736
0.13326

1.0
0.0
-0.397251
0.0
0.05373
1.0
0.074652
0.0
0.360659
0.059414
0.352747
1.0
0.024835
0.0
0.699267
0.0
0.0
0.369158
0.110403
0.052088

0.803016
-0.423724
0.0
0.002245
0.227463
0.950022
0.630256
0.0
0.543517
0.174286
0.174286
1.0
0.14
0.0
0.135604
0.071136
0.050037
0.929011
0.202125
0.0

0.734328
0.0
0.0
0.002245
0.567251
0.846704
0.007546
0.0
0.333993
0.205055
0.32022
0.99663
0.061172
0.0
1.0
0.005788
0.0
1.0
0.014286
0.041538

1.0
-0.120792
0.0
0.0
0.163707
0.904396
0.088132
0.0
0.273773
0.162271
0.072308
1.0
0.013407
0.06293
0.266887
0.0
0.0
0.221758
0.059414
0.13326

1.0
0.0
-0.021378
0.191154
0.064663
0.92944
0.038022
0.0
0.392308
0.081392
0.13619
0.98293
0.043883
0.081685
0.839194
0.009597
0.0
0.230549
0.052088
0.024249

1.0
-0.029007
-0.012953
-0.165292
0.478233
1.0
0.00315
0.0
0.324322
0.269084
0.083443
0.901612
0.007253
0.041245
0.890769
0.049451
0.0
0.465861
0.028938
0.05326

1.0
-0.120792
-0.037073
0.0
0.911148
1.0
0.141172
0.0
0.392308
0.22967
0.32022
1.0
0.227473
0.202857
0.751575
0.038022
0.005788
0.84652
0.043297
0.072015

0.722824
0.208168
-0.119615
0.074913
-0.298577
1.0
0.0
0.0
1.0
0.134432
0.081392
1.0
0.048571
0.14
1.0
0.0
0.0
0.410916
0.018095
0.041245

1.0
0.0
-0.026671
0.0
-0.144495
1.0
0.003736
0.0
0.796117
0.142637
0.174286
0.759634
0.000513
0.0
0.502784
0.0
0.253553
0.400806
0.0
0.0

0.864281
-0.243756
-0.35027
0.0
0.478233
1.0
0.007546
0.0
1.0
0.31641
0.200366
0.757729
0.052381
0.060293
1.0
0.057949
0.0
0.221758
0.0
0.018095

0.763906
-0.618892
-0.000697
0.0
1.027757
0.926035
0.304542
0.0
0.420879
0.227912
0.081392
1.0
0.045055
0.012234
0.778242
0.0
0.021319
0.732527
0.043297
0.022491

