flat_v
Left

0.226318
-0.274266
-0.559539
-0.15953
0.113404
1.0
1.0
0.076703
0.265714
0.0
0.0
0.411062
0.0
0.0
0.768571
1.0
1.0
0.504835
1.0
1.0

0.28726
-0.398718
-0.483859
-0.1942
0.211186
1.0
0.958755
0.074652
0.271722
0.0
0.0
0.423077
0.0
0.0
0.771502
1.0
1.0
0.584689
1.0
1.0

0.256564
-0.43884
-0.532733
0.0
0.21184
1.0
1.0
0.145568
0.366813
0.0
0.0
0.434212
0.0
0.0
1.0
1.0
1.0
0.628498
1.0
1.0

0.839335
-0.000841
0.027141
0.0
0.117935
1.0
1.0
0.19304
0.43685
0.038901
0.0
0.411062
0.0
0.0
1.0
1.0
1.0
0.627619
0.999487
1.0

1.0
-0.522059
-0.73796
-0.15953
0.421041
1.0
0.875531
0.047985
0.271722
0.0
0.015458
0.805201
0.0
0.0
0.91685
1.0
1.0
0.705128
1.0
0.998901

0.830455
0.006072
0.0
-0.193277
-0.124915
1.0
1.0
0.198315
0.135751
0.005201
0.029524
0.139121
0.0
0.074945
1.0
1.0
1.0
0.264835
1.0
1.0

0.811359
0.627022
-0.3166
0.0
0.044517
1.0
0.505275
0.183223
0.802711
0.0
0.021319
0.336191
0.0
0.0
0.88022
0.999194
1.0
0.642271
0.374432
0.998901

0.76985
-0.250885
-0.506877
0.0
0.211186
1.0
1.0
0.19304
0.399341
0.0
0.0
0.423077
0.0
0.0
1.0
1.0
1.0
0.677876
1.0
1.0

0.933489
-0.482376
0.128863
0.0
-0.040854
1.0
1.0
0.358022
0.311429
0.0
0.022784
0.761245
0.035971
0.0
1.0
1.0
0.999194
0.584689
1.0
1.0

0.766528
-0.250885
-0.065051
-0.193277
0.171695
1.0
0.377656
0.0
0.382344
0.0
0.005201
0.844762
0.0
0.0
1.0
1.0
1.0
0.697363
1.0
1.0

0.738408
1.026081
0.19923
0.0
-0.894135
1.0
0.282418
0.047985
0.453846
0.013993
0.0
1.0
0.0
0.0
1.0
1.0
1.0
0.865568
1.0
0.99978

1.0
0.275443
-0.166353
-0.194746
0.148332
1.0
1.0
0.19304
0.582198
0.0
0.021319
0.805201
0.0
0.0
1.0
1.0
1.0
0.200366
1.0
1.0

0.700487
0.077684
-0.285633
-0.193277
0.148584
1.0
1.0
0.0
0.320073
0.014872
0.0
0.437143
0.0
0.0
0.892674
0.999194
1.0
0.925495
1.0
1.0

0.811359
-0.090168
-0.329377
-0.1942
0.187028
1.0
1.0
0.275678
0.27685
0.0
0.002564
0.344835
0.0
0.0
0.624982
1.0
1.0
0.745275
1.0
0.374432

0.843891
0.443394
-0.415771
-0.339965
-0.87584
1.0
1.0
0.048864
0.325495
0.055311
0.0
0.862344
0.0
0.002271
0.549963
1.0
1.0
0.705128
1.0
1.0

0.843891
0.033313
-0.329377
0.0
0.053251
1.0
0.726081
0.358022
0.382344
0.0
0.0
0.55055
0.0
0.010183
1.0
1.0
1.0
0.465568
1.0
1.0

0.115505
0.224862
-0.620345
0.0
-0.022671
1.0
1.0
0.0
0.265714
0.015458
0.0
0.520073
0.0
0.0
1.0
1.0
1.0
0.591282
1.0
1.0

0.28726
-0.250885
-0.3166
0.0
-0.033213
1.0
1.0
0.282711
0.271722
0.0
0.015458
0.411062
0.074945
0.034799
0.549963
0.999487
1.0
0.955531
1.0
1.0

