flat_ily
Left

-0.398294
-0.487605
-0.000367
0.0
-0.083826
0.606058
0.098681
0.016923
0.741612
0.081392
0.081392
0.99978
0.671575
0.671575
1.0
0.964322
0.964322
0.821612
0.0
0.0

-0.45622
-0.688718
-0.000448
0.0
-0.293653
0.731006
0.063516
0.005788
0.599487
0.008425
0.008425
0.99978
0.702931
0.702931
1.0
0.52652
0.52652
0.559927
0.0
0.0

-0.323887
-0.664631
-0.18946
0.0
-0.31177
0.745529
0.038608
0.0
0.626154
0.010183
0.010183
0.918315
0.75304
0.75304
1.0
0.595238
0.595238
0.719194
0.0
0.0

-0.211405
0.0
0.0
0.0
0.0
0.606058
-0.02734
0.0
1.0
0.0
0.064982
1.0
1.0
0.998608
0.977216
0.758901
0.654286
0.706007
0.0
0.004322

-0.248052
0.0
0.040575
0.0
0.0
0.223626
0.076703
0.085788
0.748938
0.008425
0.033626
1.0
0.828205
0.827766
1.0
0.979414
0.55348
0.719194
0.270403
0.028645

-0.21512
0.0
0.0
0.0
-0.035149
0.0
0.195092
0.0
1.0
0.037436
0.088132
0.99978
0.99978
0.832454
1.0
0.553333
0.92315
1.0
0.000806
0.0

-0.587875
-0.664631
0.0
0.0
0.277849
0.731006
-0.107156
0.144396
1.0
0.0
0.0
1.0
0.914799
0.75304
1.0
1.0
1.0
0.881392
0.0
0.0

-0.21512
0.0
0.0
0.0
0.139821
0.068517
0.161245
0.0
1.0
0.057363
0.023663
1.0
0.864689
0.864689
1.0
1.0
1.0
1.0
0.0
0.03304

-0.433644
0.0
0.0
0.0
0.0
0.0
0.195092
0.03685
1.0
0.001685
0.019267
1.0
0.741905
0.931355
1.0
0.964322
0.525788
0.706886
0.03304
0.0

-0.402229
0.0
0.0
0.0
-0.065942
0.25085
-0.049675
0.0
1.0
0.08315
0.0
1.0
0.771941
0.704103
1.0
1.0
0.828352
0.735751
0.0
0.108352

0.277615
0.0
0.0
0.0
-0.524608
0.0
0.150549
0.153333
1.0
0.064982
0.134579
1.0
1.0
1.0
1.0
1.0
1.0
1.0
0.0
0.0

-0.321958
0.0
0.0
0.0
0.0
0.496518
0.0
0.005788
0.622051
0.037436
0.108059
1.0
0.783077
0.775458
1.0
0.758901
1.0
0.706007
0.079927
0.033919

-0.304729
0.0
0.0
0.0
-0.102247
0.0
0.0
0.005788
1.0
0.084029
0.149377
1.0
0.746007
0.998315
1.0
1.0
1.0
1.0
0.0
0.004908

-0.587875
0.0
0.0
0.0
-0.293653
0.192544
-0.163636
0.026358
0.230256
0.035092
0.134579
0.930622
0.864689
0.990769
1.0
0.513626
0.964322
0.559927
0.0
0.0

-0.456367
-0.834612
-0.18946
0.0
0.083801
0.253106
0.045934
0.0
0.930037
0.0
0.024249
1.0
1.0
0.864689
1.0
0.985128
0.405202
0.424542
0.0
0.004322

-0.438178
0.0
0.0
0.0
0.083801
0.393504
0.150549
0.171648
0.230256
0.0
0.0
0.99978
0.669231
0.844908
1.0
0.813114
1.0
0.539414
0.0
0.0

-0.433644
0.0
0.0
0.0
-0.111913
0.143912
-0.130315
0.01663
1.0
0.03978
0.088132
1.0
0.904835
0.702931
1.0
1.0
1.0
1.0
0.030403
0.108352

-0.473612
-0.408672
0.0
0.0
-0.533305
0.616278
-0.049675
0.122594
0.407546
0.149377
0.0
1.0
1.0
0.931355
1.0
1.0
1.0
0.961099
0.0
0.017216

