flatspread_5
Left

0.468347
0.637815
0.082806
-0.107952
-0.659639
1.0
0.619707
0.319634
-0.159341
0.0
0.0
-0.089602
0.0
0.0
-0.098758
0.0
0.0
0.0
0.0
0.0

0.401655
0.655359
-0.038385
-0.146912
-0.563459
1.0
0.737216
0.371795
-0.155458
0.0
0.0
-0.067739
0.0
0.0
-0.019826
0.0
0.0
0.0
0.0
0.0

0.363003
0.682841
0.044894
-0.192937
-0.616503
1.0
0.723443
0.184396
-0.149176
0.0
0.0
-0.121542
0.0
0.0
-0.020131
0.0
0.0
0.0
0.0
0.0

0.250949
0.694825
0.044894
-0.291085
-0.180911
1.0
1.0
0.077875
0.030403
0.0
0.015165
-0.065579
0.0
0.0
-0.056271
0.0
0.0
0.005788
0.0
0.0

0.322861
0.297228
0.370876
-0.022953
-0.057113
1.0
1.0
0.395238
-0.156254
0.055311
0.0
-0.155846
0.0
0.0
-0.309792
0.0
0.0
-0.23753
0.0
0.0

0.889942
0.379839
-0.354472
-0.158402
-0.616503
1.0
0.855897
0.379121
-0.095195
0.0
0.0
-0.053359
0.0
0.0
-0.134565
0.0
0.0
0.0
0.0
0.0

0.467013
0.661901
0.084536
-0.112245
-0.303582
1.0
1.0
0.174139
-0.244935
0.0
0.0
-0.05591
0.0
0.0
-0.121013
0.0
0.0
0.0
0.0
0.0

0.307209
0.341094
0.11035
-0.270671
-0.426136
1.0
1.0
0.282711
-0.032427
0.0
0.0
-0.089602
0.0
0.0
-0.07075
0.0
0.0
-0.029774
0.0
0.0

0.646547
1.110041
0.049357
-0.192937
-0.637702
1.0
1.0
0.34044
-0.204541
0.030403
0.0
-0.085717
0.0
0.0
0.0
0.0
0.0
-0.109814
0.0
0.0

0.428621
0.784549
0.044894
0.149341
-0.619483
1.0
1.0
1.0
0.040952
0.0
0.0
0.147888
0.0
0.0
0.0
0.0
0.0
0.0
0.0
0.0

0.889942
0.147072
0.153095
-0.149377
-0.417956
1.0
0.855897
1.0
0.145861
0.0
0.0
-0.198486
0.0
0.0
-0.009371
0.0
0.0
0.0
0.0
0.0

0.341602
0.297228
-0.18327
-0.219303
-0.644787
1.0
1.0
0.961099
0.052674
0.0
0.080513
-0.025281
0.0
0.0
0.0
0.0
0.0
-0.030705
0.0
0.0

0.704826
0.538252
-0.070257
0.540792
-1.250766
1.0
1.0
1.0
-0.003243
0.04652
0.034799
0.0
0.0
0.0
-0.044749
0.0
0.0
0.005788
0.0
0.0

0.646547
0.319258
-0.18327
-0.001385
-0.395912
1.0
1.0
1.0
-0.225341
0.0
0.0
0.0
0.0
0.0
0.0
0.0
0.0
-0.021567
0.0
0.0

0.357116
0.694825
-0.257401
-0.407538
-0.749838
1.0
1.0
1.0
0.145861
0.006667
0.0
-0.005451
0.0
0.0
-0.046334
0.0
0.0
0.0
0.0
0.0

0.555604
0.439484
0.199452
-0.159099
-0.377565
1.0
0.980733
0.78967
0.037143
0.0
0.0
-0.263653
0.0
0.0
-0.030225
0.0
0.0
0.000513
0.0
0.0

0.459146
0.319258
0.179393
-0.279269
-0.328674
1.0
1.0
0.886667
-0.150377
0.0
0.0
-0.084572
0.0
0.0
-0.130776
0.0
0.0
0.0
0.0
0.0

0.652139
0.147072
0.253378
-0.081537
-0.346296
0.911321
1.0
0.28022
0.058242
0.0
0.0
-0.170237
0.0
0.0
0.043883
0.0
0.0
-0.028557
0.0
0.0

