flat_4
Left

0.817124
-0.777978
-0.610512
-0.044615
0.216412
1.0
1.0
0.80022
0.482271
0.028352
0.028352
0.51011
0.0
0.0
0.529451
0.0
0.0
0.296484
0.0
0.0

0.581967
-0.880658
-0.556738
0.040425
0.342443
1.0
1.0
0.228498
0.351868
0.069084
0.069084
0.384396
0.008425
0.008425
0.313773
0.0
0.0
0.278608
0.0
0.0

0.506769
-0.707725
-0.296604
0.166468
0.551399
1.0
1.0
0.321099
0.322857
0.054725
0.054725
0.335898
0.0
0.0
0.310256
0.0
0.0
0.189963
0.0
0.0

0.799289
0.0
-0.275674
-0.609477
-0.134266
1.0
1.0
0.336337
1.0
0.063516
0.01663
1.0
0.001099
0.064103
0.960073
0.019853
0.0
0.309377
0.0
0.0

0.050472
0.126004
-1.180828
0.166468
0.0
1.0
1.0
0.511575
0.440073
0.045641
0.069084
1.0
0.004029
0.013993
1.0
0.0
0.0
0.486081
0.0
0.0

0.869126
-0.44786
0.0
-0.362549
0.633004
1.0
1.0
0.903663
0.351868
0.055311
0.185128
0.357729
0.00696
0.004615
0.388791
0.0
0.027473
0.070842
0.008425
0.014579

-0.950427
-0.858361
-1.024046
0.008266
0.019971
1.0
1.0
0.926813
0.666886
0.091648
0.0137
1.0
0.0
0.0
0.288278
0.0
0.0
0.120659
0.053553
0.0

0.506769
-1.714185
0.0
-0.044615
-0.014501
1.0
1.0
0.992967
0.681685
0.037729
0.126227
0.540586
0.0
0.066447
1.0
0.0
0.031575
0.207106
0.021612
0.044176

-0.11641
0.0
-0.241808
-0.572421
0.551399
1.0
1.0
0.201539
0.416923
0.090476
0.042418
1.0
0.0
0.0
1.0
0.0
0.0
0.296484
0.0
0.084908

0.869126
-0.164492
-1.180828
-0.362549
-0.372916
1.0
1.0
0.306447
0.670403
0.086081
0.042418
0.628205
0.017509
0.0
0.670696
0.0
0.0
0.94381
0.005201
0.005201

0.723916
0.099196
-0.610512
0.0
-0.463539
1.0
1.0
1.0
0.730769
0.028938
0.043297
1.0
0.006667
0.0
0.706447
0.0
0.0
0.902344
0.0
0.008425

0.809952
-0.03952
-0.058431
0.0
0.296508
1.0
1.0
1.0
1.0
0.052967
0.058242
1.0
0.0
0.066447
0.496044
0.0
0.0
0.296484
0.023077
0.001685

0.921654
-0.858361
0.0
-0.214394
0.217114
1.0
1.0
1.0
1.0
0.043297
0.034212
0.554652
0.0
0.0
1.0
0.0
0.0
0.324615
0.014579
0.016337

0.908344
0.0
0.0
0.166468
0.342443
1.0
1.0
0.438901
1.0
0.091355
0.112747
1.0
0.008132
0.0
1.0
0.0
0.0
0.120659
0.0
0.0

0.809952
-0.880658
0.0
0.046767
0.391218
1.0
1.0
0.660147
0.288278
0.081392
0.0137
0.597729
0.003736
0.0
0.849158
0.0
0.0
0.722564
0.0
0.0

0.87846
0.0
0.0
0.0
-0.441636
1.0
1.0
1.0
0.670403
0.037729
0.0
1.0
0.003736
0.029231
0.56315
0.0
0.0
0.247546
0.0
0.014579

0.817124
0.0
0.00809
0.263064
0.185494
1.0
1.0
0.423663
0.749817
0.068791
0.091648
1.0
0.029231
0.008132
0.153919
0.0
0.0
0.171062
0.053553
0.0

0.772419
0.0
-0.38543
0.0
0.342443
1.0
1.0
0.830403
0.85707
0.023077
0.084908
1.0
0.0
0.007839
1.0
0.021612
0.0
0.94381
0.0
0.0

