h
Left

0.783312
-0.613554
-0.394024
0.0
0.299664
1.0
1.0
0.140586
0.072308
0.042125
0.042125
0.251062
0.0
0.0
1.0
1.0
1.0
0.816777
1.0
1.0

0.706356
-0.62682
-0.37846
0.0
0.268777
1.0
1.0
0.100147
0.093993
0.012527
0.012527
0.221319
0.0
0.0
1.0
1.0
1.0
0.826154
1.0
1.0

0.638646
-0.721171
-0.512448
0.0
0.310492
1.0
1.0
0.164029
0.118901
0.000806
0.000806
0.198169
0.0
0.0
1.0
1.0
1.0
0.723736
1.0
1.0

0.747957
-0.271125
-0.064709
0.0
0.488651
1.0
1.0
0.100147
0.182051
0.012821
0.0
0.659854
0.0
0.003736
1.0
0.999194
1.0
0.333553
1.0
1.0

0.676025
-0.678547
0.066395
0.0
0.268777
1.0
1.0
0.167546
0.157289
0.0
0.0
0.828059
0.018974
0.0
1.0
0.999194
1.0
0.706447
1.0
1.0

0.862218
-0.743023
-0.071271
0.0
0.0
1.0
0.801099
0.131502
0.203004
0.0
0.000806
-0.143026
0.004615
0.0
1.0
1.0
1.0
1.0
1.0
0.99978

0.69843
-0.743023
-0.113607
0.118271
0.307575
1.0
1.0
0.14674
0.095751
0.0
0.02044
0.501172
0.0
0.001685
1.0
1.0
1.0
1.0
1.0
0.726374

1.0
-0.206165
-1.251713
0.0
0.190173
1.0
0.838169
0.100147
0.0
0.012821
0.002564
0.0
0.003736
0.018974
0.895165
1.0
1.0
0.649011
1.0
1.0

0.638646
-0.460496
0.051092
0.0
0.502281
1.0
0.78293
0.210769
0.169744
0.016923
0.0
0.646081
0.0
0.0
0.682564
1.0
1.0
1.0
1.0
0.913626

0.167985
-0.59176
0.066395
0.0
0.0
1.0
0.322418
0.078755
0.0
0.0
0.0
0.439194
0.0
0.0
1.0
1.0
1.0
1.0
1.0
1.0

0.650086
0.131678
0.420123
0.0
0.106271
1.0
0.36652
0.0
-0.003799
0.0
0.034212
1.0
0.004029
0.0
0.496337
1.0
1.0
0.722857
0.999194
1.0

0.660195
0.813154
-0.000185
0.0
0.502113
1.0
1.0
0.0
0.195092
0.0
0.012527
0.0
0.001392
0.0
0.079634
1.0
1.0
1.0
1.0
1.0

0.650086
-0.553065
-0.277541
0.0
0.235003
1.0
1.0
1.0
0.089304
0.0
0.0
0.418681
0.0
0.0
0.895165
1.0
1.0
0.589231
1.0
0.737509

0.932718
-0.654224
-0.009918
0.0
0.190173
1.0
0.572528
1.0
0.092234
0.0
0.0
0.646081
0.0
0.0
1.0
1.0
0.999194
1.0
1.0
1.0

0.661101
-0.619488
0.0
0.0
0.600747
1.0
1.0
0.078755
0.30718
0.0
0.000806
0.002857
0.0
0.0
1.0
1.0
0.999194
0.338535
1.0
1.0

0.834654
-0.325331
-0.391303
0.0
0.0
1.0
0.78967
0.159634
0.072308
0.0
0.00315
0.002271
0.0
0.0
1.0
1.0
1.0
1.0
1.0
1.0

0.731151
-0.602429
-0.840964
0.0
0.502281
1.0
1.0
0.049158
-0.062369
0.0
0.0
0.576337
0.0
0.004029
0.496337
1.0
1.0
1.0
0.997143
1.0

0.354089
-0.265296
-0.37846
0.0
0.378122
1.0
0.572528
0.887399
0.26337
0.0
0.012821
1.0
0.001099
0.0
0.850916
1.0
1.0
0.589084
0.999194
1.0

