horns
Left

0.500936
-0.277852
-0.03765
0.078316
0.120787
1.0
0.743956
0.200659
0.067912
0.0
0.0
0.717875
0.999194
0.999194
0.671282
1.0
1.0
0.06
0.0
0.0

0.504802
-0.22224
-0.051694
0.11249
0.15115
1.0
0.754799
0.137216
0.077289
0.0
0.0
0.631429
0.999194
0.999194
0.557582
1.0
1.0
0.079048
0.0
0.0

0.571153
-0.273139
0.034072
0.098721
0.377712
1.0
0.871722
0.13033
0.05619
0.0
0.0
0.56696
0.999194
0.999194
0.838022
1.0
1.0
0.092821
0.0
0.0

0.601241
0.212684
-0.096988
0.0
0.264458
1.0
0.787619
0.73663
0.08696
0.031868
0.0
0.717875
1.0
1.0
0.541612
1.0
1.0
0.16696
0.0
0.0

0.571153
0.135145
0.059424
0.0
0.141654
1.0
0.623663
1.0
0.009597
0.0
0.0
1.0
1.0
1.0
0.629377
1.0
1.0
0.161099
0.0
0.0

0.818955
-0.10493
0.049934
-0.141449
1.023924
1.0
1.0
0.324908
0.05619
0.084908
0.0
0.552894
1.0
1.0
0.943223
1.0
1.0
0.071429
0.0
0.018388

0.878395
0.224508
0.172689
0.108048
0.264458
1.0
1.0
0.47978
0.202654
0.0
0.0
0.439194
1.0
1.0
0.395238
1.0
1.0
0.153187
0.0
0.0

0.992289
-0.180263
0.020903
0.0
-0.147908
1.0
0.822198
0.73663
0.00989
0.0
0.0
1.0
0.99978
1.0
1.0
1.0
1.0
0.0
0.0
0.0

1.0
0.006894
-0.113478
0.0
-0.011691
1.0
0.593187
0.482271
0.090183
0.001392
0.015458
0.432161
1.0
0.998608
0.757143
1.0
1.0
0.040952
0.033626
0.040952

0.878395
-0.061971
0.0
0.374862
0.211508
1.0
1.0
0.074066
0.026593
0.0
0.0
0.942344
0.998315
0.759194
0.94945
0.800806
1.0
0.095458
0.0
0.033626

0.572584
-0.044209
0.0349
0.0
0.148562
1.0
0.871722
0.421026
0.035971
0.031868
0.001978
0.4263
1.0
1.0
0.637582
1.0
1.0
0.016337
0.0
0.0

0.851338
-0.251381
0.0
0.0
-0.045528
1.0
1.0
0.194799
0.175751
0.006374
0.0
1.0
0.998608
0.998608
0.84652
1.0
1.0
0.02337
0.0
0.0

0.538248
-0.157964
0.06903
0.0
0.033247
1.0
0.81956
0.814725
0.0
0.003443
0.0
0.439194
1.0
1.0
0.496777
1.0
1.0
0.038608
0.0
0.0

0.656853
-0.10493
0.0
0.0
0.248989
1.0
0.822198
1.0
0.167839
0.0
0.002271
0.523297
0.998608
0.850916
1.0
1.0
1.0
0.049451
0.0
0.0

0.601241
-0.155606
0.059424
0.0
0.268126
1.0
1.0
0.038315
0.150256
0.0
0.0
0.6137
1.0
1.0
0.319341
1.0
1.0
0.104542
0.0
0.00696

1.0
-0.097111
0.0
0.0
0.008305
1.0
0.83685
0.3063
0.09663
0.0
0.0
0.824835
1.0
1.0
1.0
1.0
1.0
0.025128
0.0
0.0

0.654703
0.086337
0.002185
0.0
0.141654
1.0
1.0
0.0
0.130623
0.005201
0.0
1.0
0.998315
0.998608
1.0
1.0
1.0
0.049451
0.059121
0.0

0.851338
-0.216953
-0.035922
0.374862
0.285281
1.0
0.90337
1.0
0.15895
0.001392
0.0
0.487985
1.0
0.998608
0.671282
1.0
1.0
0.085788
0.0
0.002271

