k
Left

0.317668
0.118441
0.044368
0.091844
0.135816
1.0
0.22293
0.0
0.096167
0.0
0.0
0.622637
0.0
0.0
0.889597
1.0
1.0
0.896337
0.762418
0.762418

0.260304
0.192985
-0.084958
0.017179
0.098834
1.0
0.208865
0.0
0.029852
0.0
0.0
0.460586
0.0
0.0
0.94381
1.0
1.0
0.912747
0.659561
0.659561

0.261278
0.231329
-0.06185
0.0
0.019866
0.983693
0.210623
0.0
0.041245
0.0
0.0
0.441245
0.0
0.0
1.0
1.0
1.0
0.973553
0.495458
0.495458

0.369544
0.118441
0.171761
0.0
0.0
1.0
0.380293
0.0
0.02044
0.0
0.0
0.305861
0.0
0.0
1.0
1.0
0.999487
0.997143
1.0
1.0

0.391034
0.537452
0.09476
0.0
0.143995
0.983693
0.011648
0.012234
0.325495
0.0
0.0
1.0
0.0
0.0
1.0
0.999487
1.0
0.726667
1.0
1.0

0.435439
0.260588
0.334386
0.0
0.098834
1.0
0.224103
0.0
0.068646
0.0
0.0
0.304103
0.057363
0.0
1.0
1.0
1.0
1.0
1.0
0.707326

0.425165
0.261021
0.0
0.018144
0.0
1.0
0.216777
0.0
0.0
0.0
0.0
0.788791
0.0
0.0
1.0
1.0
1.0
0.912747
1.0
0.878462

0.293006
0.089777
-0.146583
0.10292
0.0
0.956512
0.227473
0.012234
-0.026569
0.0
0.0
0.488718
0.057363
0.0
1.0
1.0
1.0
1.0
1.0
0.714652

0.30399
0.326642
0.125757
0.0
0.0
0.939179
0.380293
0.006081
0.203417
0.0
0.0
0.972454
0.012527
0.0
1.0
1.0
1.0
0.847985
1.0
1.0

0.418346
0.021452
0.0
0.0
0.1843
1.0
0.035092
0.0
0.311868
0.0
0.0
0.678022
0.0
0.0
1.0
1.0
1.0
0.65956
0.998901
0.707326

0.119588
0.118441
-0.009871
0.0
0.512684
0.600951
0.197436
0.0
0.181166
0.0
0.0
1.0
0.0
0.02337
1.0
1.0
1.0
0.942344
0.762418
0.714652

0.372251
0.536154
0.0
0.0
-0.011089
0.755915
0.196703
0.015751
0.028938
0.0
0.0
0.27348
0.057363
0.0
1.0
1.0
1.0
1.0
1.0
0.99978

0.317072
-0.719525
-0.146583
0.0
0.352433
1.0
0.035092
0.0
0.474945
0.0
0.0
0.477582
0.057363
0.0
1.0
1.0
1.0
0.876117
0.72022
0.659561

0.369586
0.208735
0.271496
0.0
0.010921
1.0
0.380293
0.012527
0.195092
0.0
0.0
0.705275
0.0
0.0
1.0
0.999487
0.889597
0.998022
0.721099
1.0

0.391034
0.341705
0.111132
0.0
0.264194
0.695576
0.41956
0.032161
0.171355
0.0
0.0
0.212674
0.0
0.028938
1.0
1.0
1.0
0.970183
1.0
0.72022

0.559359
0.36652
-0.005257
0.0
0.007313
0.704165
0.34044
0.0
0.037729
0.0
0.0
0.994213
0.0
0.0
1.0
1.0
1.0
0.846813
1.0
0.99978

0.435439
0.260588
0.127746
0.146003
0.039802
0.793114
0.414579
0.0
0.059796
0.0
0.0
0.75685
0.0
0.0
0.901758
1.0
1.0
0.91978
1.0
1.0

0.448824
0.537452
0.269179
0.0
0.050677
1.0
0.210623
0.0
-0.026569
0.0
0.010769
0.637436
0.007253
0.0
0.870256
1.0
1.0
0.79641
1.0
0.999487

