m
Left

0.701024
-0.198136
4.8e-05
0.323905
0.636516
1.0
0.969597
0.014286
0.868498
1.0
1.0
0.99978
0.80022
0.80022
0.287399
0.959341
0.959341
0.550843
0.251648
0.251648

0.659216
-0.481908
-0.001873
0.235653
0.281886
1.0
1.0
0.0
0.676557
1.0
1.0
0.872601
0.765641
0.765641
0.634799
1.0
1.0
0.768278
0.154945
0.154945

0.678047
-0.507196
-0.019882
0.227824
0.42682
1.0
1.0
0.0
0.675385
1.0
1.0
0.91011
0.713333
0.713333
0.58
1.0
1.0
0.695897
0.210037
0.210037

0.610929
0.0
0.0
0.0
0.444049
1.0
1.0
0.118901
1.0
1.0
1.0
1.0
0.621758
0.923297
0.384103
1.0
1.0
0.756264
1.0
0.434212

0.684786
-0.656252
0.0
0.317954
0.140442
1.0
1.0
0.0
1.0
1.0
1.0
1.0
0.895751
0.795238
1.0
1.0
0.768425
0.733993
1.0
0.195092

0.678047
0.0
0.0
-0.022607
0.655372
1.0
1.0
0.126227
1.0
1.0
1.0
1.0
0.969304
0.706593
0.54381
0.787912
0.468938
1.0
0.210037
0.251648

0.558307
0.0
0.0
0.243371
0.0
1.0
1.0
0.492821
1.0
1.0
0.9737
1.0
0.923297
0.869817
0.466007
1.0
1.0
1.0
0.434212
1.0

1.0
-0.246936
0.0
0.03911
0.078852
1.0
1.0
0.0
1.0
1.0
0.443004
0.91011
0.74337
0.645495
1.0
0.564908
1.0
0.78293
1.0
0.999194

0.645249
0.0
0.0
0.094844
0.42497
1.0
1.0
0.043297
1.0
1.0
1.0
1.0
0.836264
0.998608
0.88652
1.0
0.848864
1.0
0.999194
1.0

1.0
0.265213
0.0
0.434373
0.0
1.0
1.0
0.0
1.0
1.0
0.99978
1.0
0.760659
0.780733
0.634799
0.806374
0.806374
0.72989
0.123004
1.0

0.796407
-0.405137
0.0
0.0
0.300744
1.0
1.0
0.0
1.0
0.384396
1.0
1.0
0.99978
0.895751
0.385861
1.0
0.941612
1.0
0.154945
1.0

1.0
0.0
0.0
0.182197
0.251704
1.0
1.0
0.006081
0.510256
1.0
1.0
0.828205
0.80022
0.839194
0.754799
0.195971
1.0
0.903077
0.142637
1.0

0.4625
0.0
-1.258952
-0.101942
0.300744
1.0
1.0
0.014286
1.0
1.0
1.0
1.0
0.840659
0.869817
1.0
1.0
0.959341
1.0
0.28359
0.258095

0.659216
-0.059257
0.0
0.317954
0.487192
1.0
1.0
0.064689
0.510256
1.0
0.384396
0.888278
1.0
0.708205
0.754799
0.968425
0.787033
0.742198
1.0
0.846813

1.0
0.0
0.0
0.320839
0.276038
1.0
1.0
0.115092
1.0
1.0
0.99978
1.0
0.326081
1.0
1.0
0.875531
1.0
1.0
0.651941
1.0

0.535926
0.0
0.0
0.0
0.444049
1.0
1.0
0.0
1.0
0.9737
1.0
1.0
0.793626
0.770916
1.0
0.998828
1.0
0.345714
1.0
1.0

0.767403
0.0
-0.039102
0.41627
0.161512
1.0
0.91304
0.060586
1.0
0.878169
1.0
1.0
0.976044
1.0
0.58
0.768425
1.0
0.748059
0.362271
0.394652

0.659216
-0.523675
0.0
-0.022607
0.0
1.0
1.0
0.0
1.0
1.0
1.0
0.280659
0.89663
0.89663
0.636703
1.0
0.959341
0.78293
0.999194
1.0

