n
Left

0.498873
-0.2776
0.134775
0.0
0.214902
1.0
0.882124
0.0
0.708498
0.935897
0.935897
0.666301
0.906887
0.906887
1.0
1.0
1.0
0.764176
0.577802
0.577802

0.515148
-0.346763
0.05465
0.0
0.121521
1.0
0.80696
0.0
0.740733
1.0
1.0
0.731795
0.88359
0.88359
1.0
0.562857
0.562857
0.918975
0.863223
0.863223

0.438952
-0.037484
0.099743
0.0
0.021635
1.0
1.0
0.0
0.954359
1.0
1.0
0.810916
0.999487
0.999487
1.0
0.849451
0.849451
0.987839
0.892234
0.892234

-0.20191
-0.072215
0.014004
0.215287
0.427172
1.0
1.0
0.0
1.0
1.0
1.0
1.0
0.99696
0.954359
1.0
1.0
1.0
1.0
1.0
1.0

1.0
0.0
0.0
0.0
0.0
1.0
1.0
0.0
0.987253
0.935897
0.600073
0.72359
0.043297
0.998608
0.797289
0.992601
0.992601
0.18381
1.0
1.0

0.101962
-0.015775
0.0
0.0
0.214902
1.0
0.882124
0.0
0.921099
0.775311
0.99978
1.0
0.782784
0.043297
0.931502
1.0
1.0
1.0
1.0
1.0

0.482428
0.0
0.0
0.0
0.0
1.0
0.921245
0.0
1.0
1.0
1.0
0.865128
0.998608
1.0
1.0
1.0
1.0
0.764176
1.0
1.0

0.660228
0.0
0.0
0.0
0.0
1.0
1.0
0.0
1.0
1.0
0.672454
1.0
0.998608
1.0
0.972821
0.712161
1.0
1.0
1.0
1.0

0.245573
0.0
0.156616
0.00944
0.0
1.0
1.0
0.0
1.0
1.0
0.132528
0.951355
0.99696
1.0
1.0
1.0
0.999487
1.0
0.999194
1.0

0.712866
0.0
0.0
0.0
0.0
1.0
1.0
0.00696
1.0
1.0
1.0
0.819853
1.0
1.0
0.681978
1.0
1.0
1.0
1.0
1.0

0.400411
0.0
-0.219655
0.0
0.0
1.0
1.0
0.0
1.0
0.600073
0.823077
0.751575
0.906887
1.0
1.0
0.999487
1.0
0.883443
1.0
1.0

0.805974
0.0
0.008557
0.0
0.539731
1.0
1.0
0.012821
0.906593
1.0
1.0
1.0
1.0
0.453846
1.0
1.0
1.0
1.0
1.0
1.0

1.0
-0.015775
0.001775
0.095748
0.012549
1.0
1.0
0.0
0.937509
1.0
1.0
0.72359
0.854725
1.0
1.0
1.0
0.992601
0.964103
1.0
1.0

0.969039
-0.140439
-0.118689
0.0
0.01589
1.0
1.0
0.085495
0.959634
1.0
1.0
1.0
0.64359
0.998315
0.797289
1.0
1.0
1.0
1.0
0.649011

1.0
0.0
0.0
0.0
0.196728
1.0
1.0
0.0
1.0
0.99978
1.0
1.0
0.158755
0.954359
1.0
0.754799
0.999487
0.777802
1.0
1.0

0.269509
0.0
-0.009858
0.0
0.217601
1.0
1.0
0.0
1.0
0.99978
1.0
1.0
0.995092
0.854725
0.738388
1.0
1.0
1.0
0.798755
0.863223

0.515148
0.0
0.0
0.0
0.0
1.0
1.0
0.004908
0.954359
0.889451
1.0
1.0
0.999487
1.0
1.0
1.0
1.0
0.884908
0.99978
1.0

0.395325
-0.037484
0.0
0.0
0.0
1.0
1.0
0.0
1.0
0.99978
0.775311
0.611648
1.0
1.0
1.0
0.999487
0.999194
0.964103
1.0
0.99978

