open_f
Left

0.912808
-0.543179
-0.076683
-0.337808
-1.014367
0.589752
0.079634
0.0
0.034799
0.246667
0.246667
-0.013506
0.0
0.0
-0.308392
0.005495
0.005495
-0.356325
0.0
0.0

0.929075
0.169484
0.067446
-0.2949
-0.793903
0.496431
0.0
0.0
0.041245
0.229963
0.229963
0.033626
0.0
0.0
-0.164772
0.0
0.0
-0.156524
0.0
0.0

0.916678
0.119738
-0.077515
-0.375982
-0.970305
0.578216
0.0
0.0
0.045055
0.135311
0.135311
0.083058
0.0
0.0
-0.206976
0.0
0.0
-0.209205
0.0
0.0

0.891297
-0.459303
-0.197025
-0.465566
-0.845259
1.0
0.229377
0.0
0.071136
0.26044
0.194212
0.001392
0.0
0.0
-0.299345
0.0
0.0
-0.356325
0.0
0.0

0.995199
-2.171459
1.461237
-0.460327
-0.793903
0.366946
0.069377
0.0
0.03304
0.087839
0.018095
0.03685
0.0
0.0
-0.036298
0.0
0.0
-0.019481
0.0
0.0

0.947569
0.414558
1.699934
-0.262553
-0.679367
0.507114
0.0
0.0
0.07348
0.365641
0.217363
0.035971
0.0
0.0
-0.14219
0.0
0.0
-0.128812
0.0
0.02337

1.0
-0.355127
-0.31901
-0.3596
-0.550894
1.0
0.144396
0.0
0.125348
0.130183
0.399634
0.0
0.0
0.0
-0.192863
0.0
0.0
-0.142347
0.0
0.0

0.936535
0.060969
-0.218955
-0.498609
-1.036369
1.0
0.061172
0.025421
0.045055
0.32315
0.050623
-0.040374
0.0
0.0
-0.183366
0.0
0.0
-0.26026
0.0
0.0

0.838874
0.161689
0.08064
-0.191617
-0.779516
1.0
0.0
0.0
0.049744
0.168132
0.376191
-0.065495
0.0
0.0
-0.231756
0.0
0.0
0.0
0.0
0.0

0.961779
-0.135221
-0.076683
-0.45246
-0.679367
0.459034
0.0
0.0
0.052088
0.217363
0.072894
0.0
0.0
0.0
0.0
0.0
0.0
-0.56092
0.02337
0.0

1.0
-1.13594
-0.205423
-0.648224
-0.301432
1.0
0.016044
0.0
0.223517
0.179853
0.187473
-0.003205
0.0
0.0
-0.236697
0.0
0.0
-0.403909
0.0
0.0

0.926541
-2.171459
-0.183963
-0.324803
-0.608177
0.584587
0.246227
0.019267
0.146593
0.376191
0.153187
0.0
0.0
0.0
0.012527
0.0
0.0
-0.08322
0.0
0.0

1.0
-0.5111
-0.572613
-0.549683
-0.100997
0.94734
0.0
0.0
0.026007
0.153187
0.135311
-0.110942
0.0
0.0
-0.011372
0.0
0.0
-0.128812
0.0
0.0

0.912808
-1.150929
-0.039142
-0.019077
-0.550894
0.571686
0.229377
0.0
0.018095
0.018095
0.077875
0.009011
0.0
0.0
-0.183366
0.0
0.007546
-0.09118
0.003736
0.0

0.891297
0.0
0.078161
-0.698235
-0.587505
0.758761
0.0
0.0
0.412528
0.304103
0.307326
0.0
0.0
0.0
-0.036298
0.0
0.0
-0.247327
0.007839
0.0

0.947569
0.060969
0.437214
-0.495497
-0.301432
0.758761
0.061172
0.0
0.07348
0.087839
0.113333
0.0263
0.0
0.0
-0.236697
0.007546
0.0
-0.247327
0.00022
0.0

1.0
-0.564655
-0.147398
-0.547448
-1.065042
0.507683
0.118315
0.019267
0.071136
0.153187
0.032747
-0.065495
0.0
0.0
0.0
0.0
0.0
-0.246928
0.0
0.0

1.0
0.22632
-0.253822
-0.289548
-0.308676
0.739403
0.198608
0.025421
0.094872
0.179853
0.130183
0.016044
0.0
0.0
-0.146195
0.0
0.015458
-0.411492
0.0
0.0

