r
Left

0.343828
-0.385341
0.396646
0.143577
0.688921
1.0
1.0
0.165495
0.139414
0.0
0.0
0.076117
0.010183
0.010183
0.835092
1.0
1.0
0.508938
1.0
1.0

0.373384
-0.334907
0.33335
0.147181
0.62995
1.0
1.0
0.141026
0.112454
0.0
0.0
0.067619
0.03011
0.03011
0.838169
1.0
1.0
0.606227
1.0
1.0

0.419454
-0.333979
0.290261
0.154813
0.623854
1.0
1.0
0.148498
0.136777
0.0
0.0
0.087546
0.041832
0.041832
0.865861
1.0
1.0
0.59304
1.0
1.0

0.545928
-0.944096
-0.053596
-0.060085
0.209993
1.0
1.0
0.095165
0.268498
0.0
0.012527
0.055311
0.017802
0.0
0.610916
1.0
1.0
0.59304
0.695897
1.0

0.318365
0.725586
0.122004
0.0
0.352212
1.0
1.0
0.079341
0.158901
0.0
0.0
0.0
0.0
0.071136
1.0
1.0
1.0
0.743663
1.0
1.0

0.152271
0.474795
0.03554
0.072211
0.623854
1.0
0.489157
0.308791
0.833919
0.0
0.018095
0.194652
0.0
0.010183
1.0
0.999487
1.0
0.540879
1.0
1.0

0.168027
-0.304579
0.635934
0.0
0.680746
1.0
0.349817
0.62293
0.136777
0.0
0.0
0.143223
0.0
0.029817
0.906007
1.0
1.0
0.598608
1.0
0.538242

0.343828
-0.531033
0.03554
0.216256
0.532514
1.0
0.391722
0.0
0.21619
0.0
0.018095
0.0
0.0
0.021319
0.838169
1.0
1.0
0.369744
0.999194
1.0

0.644945
-0.869189
0.343217
0.0
0.0
1.0
1.0
0.152601
0.190696
0.0
0.0
0.0
0.0
0.0
1.0
1.0
1.0
0.906886
0.997582
0.695897

0.708892
0.251035
0.03554
0.379896
0.756393
1.0
0.533846
0.159341
0.833919
0.003443
0.0137
0.0
0.079634
0.067912
1.0
1.0
1.0
0.704835
1.0
1.0

0.168027
-0.333979
0.635934
0.155901
0.630121
1.0
0.684176
0.146593
0.260733
0.001978
0.0
0.0
0.0
0.037729
0.607106
1.0
1.0
0.743663
1.0
1.0

0.718796
-0.246883
0.442416
0.0
0.428259
1.0
0.515678
0.164908
0.392015
0.0
0.0
0.278608
0.0
0.0
0.482271
1.0
1.0
0.59348
1.0
1.0

0.522644
-0.370182
0.229607
0.0
0.049301
1.0
1.0
0.394359
0.164615
0.0
0.0
0.278608
0.041832
0.244615
0.767985
1.0
1.0
0.216484
1.0
1.0

0.401132
-0.344878
0.381446
0.0
0.44245
1.0
0.360366
0.292381
0.218242
0.0
0.0137
0.197729
0.052381
0.0
1.0
1.0
1.0
0.82337
0.999194
1.0

0.158168
-0.745299
-0.143764
0.256196
0.477376
1.0
1.0
0.0
0.216923
0.0
0.0
0.0
0.0
0.037729
0.861465
1.0
1.0
0.704835
1.0
1.0

0.401619
-0.504246
0.002605
0.0
0.144385
1.0
1.0
0.0
0.253114
0.0
0.0
0.0
0.0
0.017802
1.0
0.999487
1.0
0.209304
1.0
1.0

0.393055
-0.3347
0.402275
0.0
-0.003538
1.0
0.391722
0.75978
0.27011
0.0
0.0
0.093407
0.021026
0.029817
0.743956
1.0
1.0
0.59641
1.0
1.0

0.318365
-0.944096
0.238895
0.147181
0.195867
1.0
1.0
0.171941
0.675971
0.011355
0.0
0.442125
0.0
0.0
1.0
1.0
1.0
0.315824
1.0
1.0

