s
Left

0.665521
0.0
-0.028428
0.153779
0.432425
1.0
0.75348
0.051502
1.0
1.0
1.0
0.898828
0.998022
0.998022
0.691502
0.998315
0.998315
0.609451
0.994213
0.994213

0.646065
-0.03797
0.0
0.068476
0.290876
1.0
0.496923
0.086667
0.938975
1.0
1.0
1.0
0.998022
0.998022
0.708205
0.998315
0.998315
0.572674
0.994213
0.994213

0.541926
0.0
-0.041799
0.135189
0.274501
1.0
0.415751
0.061465
1.0
1.0
1.0
0.885494
0.998022
0.998022
0.585568
0.998315
0.998315
0.767546
0.915092
0.915092

0.586677
0.0
-0.11375
0.0
0.12678
1.0
1.0
0.692674
0.503956
1.0
1.0
1.0
1.0
1.0
0.448278
0.999194
1.0
0.341172
0.99978
1.0

1.0
0.0
-0.044163
0.0
0.203829
1.0
1.0
1.0
0.982491
1.0
1.0
1.0
0.998022
1.0
0.915092
1.0
1.0
1.0
0.994213
1.0

0.620823
0.0
0.0
0.0
0.196901
1.0
1.0
0.034505
1.0
1.0
1.0
1.0
1.0
1.0
0.691502
1.0
0.998315
0.609451
1.0
1.0

0.788082
0.0
0.0
0.0
0.190657
1.0
1.0
0.049158
0.805494
1.0
0.99978
0.914505
0.998315
0.998608
0.45033
1.0
1.0
0.691648
1.0
1.0

0.15726
0.0
-0.135711
0.00353
-0.166408
1.0
1.0
0.742051
1.0
1.0
1.0
0.607839
0.998608
1.0
0.353919
1.0
1.0
0.341172
1.0
1.0

0.636537
0.0
0.0
0.149587
0.046853
1.0
1.0
0.034505
0.982491
1.0
1.0
1.0
1.0
1.0
1.0
0.999487
1.0
0.572674
1.0
1.0

0.441916
0.0
0.0
-0.012574
0.116567
1.0
0.396703
0.444176
0.741172
1.0
1.0
0.885494
1.0
1.0
1.0
1.0
0.998315
0.707033
1.0
1.0

0.932959
0.0
-0.086752
0.0
0.061669
1.0
1.0
1.0
0.811062
1.0
1.0
1.0
1.0
0.998315
0.970769
0.999194
0.999487
0.089597
0.994213
0.99978

1.0
-0.121012
-0.155871
0.0
0.0
1.0
0.539121
0.805641
1.0
1.0
1.0
1.0
0.998022
1.0
1.0
1.0
1.0
0.331941
1.0
1.0

0.504016
0.0
0.004053
0.0
0.0
1.0
0.75348
1.0
1.0
1.0
1.0
1.0
1.0
1.0
1.0
1.0
1.0
0.709377
1.0
1.0

0.829205
-0.42449
0.0
0.0
0.12678
1.0
1.0
0.034505
1.0
1.0
1.0
0.997802
0.998315
1.0
0.529744
0.998315
1.0
0.316264
0.998901
1.0

0.760366
0.0
-0.11375
0.149587
-0.440879
1.0
1.0
0.022491
1.0
1.0
1.0
0.762125
1.0
0.998608
1.0
0.999487
1.0
0.285495
1.0
0.998901

0.586677
-0.042541
0.0
0.184224
0.274501
1.0
1.0
0.584542
0.629084
1.0
1.0
1.0
1.0
0.998022
1.0
1.0
1.0
0.463517
0.997729
0.998901

0.963701
0.0
0.0
0.213253
-0.009387
1.0
0.496923
0.030989
1.0
1.0
1.0
0.898828
0.998608
1.0
1.0
1.0
1.0
0.644322
0.999487
1.0

0.470176
0.0
0.0
0.0
0.378867
1.0
0.539121
1.0
0.927692
1.0
1.0
1.0
1.0
1.0
0.348352
1.0
0.998315
0.200366
1.0
1.0

