spread_e
Left

0.677053
0.527543
-0.01145
-0.129566
-0.268482
1.0
1.0
0.783517
-0.191967
1.0
1.0
-0.225552
0.8937
0.8937
-0.013197
0.693553
0.693553
0.073187
0.248132
0.248132

0.47337
0.748633
-0.12708
-0.322662
-0.455555
1.0
1.0
0.362418
-0.192584
1.0
1.0
-0.295449
0.774432
0.774432
-0.170987
0.864689
0.864689
0.006081
0.273626
0.273626

0.389302
0.769069
0.058968
-0.151624
-0.35083
1.0
1.0
0.348352
-0.140236
1.0
1.0
-0.271518
0.670696
0.670696
-0.118308
0.630549
0.630549
0.0
0.163736
0.163736

0.766271
0.870468
-0.046814
-0.093212
-0.35083
1.0
1.0
1.0
-0.034217
1.0
1.0
-0.271562
0.879341
0.932674
-0.146338
1.0
1.0
0.082857
0.867619
0.786447

0.307853
1.138489
0.208959
0.167246
-0.528076
1.0
1.0
0.508938
-0.017839
1.0
1.0
0.039487
0.998022
0.99978
0.074646
0.628498
1.0
0.0
0.891062
1.0

0.730259
0.54237
-0.057727
-0.009717
-0.35893
1.0
1.0
0.685348
-0.122122
1.0
1.0
-0.143318
0.818388
0.998315
0.0953
0.864689
0.709524
0.0
0.999194
0.703956

0.58212
0.606728
0.103358
-0.129566
-0.35893
1.0
1.0
0.021905
-0.215042
1.0
1.0
-0.097409
1.0
0.670696
0.304103
0.447839
1.0
-0.01307
0.735751
0.499854

0.449182
0.677358
0.010327
0.006136
-0.685899
1.0
1.0
0.270696
-0.192584
1.0
1.0
-0.200915
1.0
0.937949
0.120787
1.0
0.736923
0.009597
0.575604
1.0

0.766271
0.714171
0.0
-0.356777
0.064458
1.0
1.0
0.420147
-0.029429
1.0
1.0
-0.242165
1.0
0.998022
0.046741
1.0
1.0
0.082857
0.386593
0.282418

-0.325086
0.756813
0.248072
-0.370778
-0.162114
1.0
1.0
0.94967
-0.035066
1.0
1.0
0.039487
0.986007
1.0
-0.066876
0.628498
0.828645
0.051209
0.163736
1.0

0.690418
1.040309
0.854874
0.026095
-0.314596
1.0
1.0
1.0
0.169744
1.0
1.0
-0.224557
0.932674
1.0
0.066078
1.0
0.736923
0.358315
0.314652
0.931062

0.399047
0.602334
-0.010969
-0.129566
0.305779
1.0
1.0
0.348352
-0.19209
1.0
1.0
-0.173331
0.910989
1.0
-0.070207
1.0
1.0
-0.008704
1.0
0.3337

-0.39708
0.567638
0.208959
-0.212054
-0.383832
1.0
1.0
1.0
0.0
1.0
1.0
-0.032188
1.0
0.994615
-0.169823
1.0
1.0
0.027473
0.29707
0.472601

0.95319
0.367549
-0.046814
-0.427025
0.116507
1.0
1.0
0.309963
0.243151
1.0
1.0
-0.243304
0.56989
1.0
-0.176459
1.0
0.567546
0.0
0.407546
0.629084

0.953656
0.714171
-0.196607
-0.406285
-0.026431
1.0
1.0
0.471722
0.06
1.0
1.0
0.064943
0.940293
0.900147
-0.160692
0.999194
1.0
0.009011
0.499854
0.55685

0.458507
0.766917
0.061787
-0.083678
-0.436959
1.0
1.0
0.685348
-0.17376
1.0
1.0
-0.166815
1.0
0.927692
0.042031
0.864689
1.0
-0.008704
0.248132
0.867619

0.697558
0.810959
0.19597
-0.370778
0.141399
1.0
1.0
1.0
0.0937
1.0
1.0
0.0
0.600366
0.998022
-0.170987
1.0
0.535604
0.073187
0.698535
0.811795

0.953656
0.951313
0.085623
-0.007662
-0.238947
1.0
1.0
1.0
-0.215042
1.0
1.0
-0.225552
0.99978
0.937949
0.0953
1.0
1.0
0.361978
1.0
0.499854

