stacked_5
Left

0.171064
0.211115
-0.111317
-0.032021
0.364702
1.0
0.0263
0.0
-0.07379
0.0
0.0
0.219854
0.0
0.0
0.061465
0.008718
0.008718
0.590403
0.0
0.0

0.302092
0.268194
-0.039073
0.011925
0.255404
0.927462
0.0
0.0
-0.112996
0.0
0.0
0.358022
0.0
0.0
0.047399
0.0
0.0
0.723736
0.0
0.0

0.278363
0.247213
-0.023285
0.01658
0.364498
0.974468
0.0
0.0
-0.064591
0.0
0.0
0.2663
0.0
0.0
0.042711
0.0
0.0
0.634799
0.0
0.0

0.530416
0.181072
0.08989
-0.09133
0.0
0.450522
0.055897
0.0
0.0
0.0
0.0
0.340733
0.0
0.0
0.355531
0.039487
0.0
1.0
0.322711
0.145568

0.306097
0.211115
0.163641
0.172211
0.132716
1.0
0.0
0.0
0.154799
0.0
0.0
0.028352
0.0
0.0
0.515824
0.004322
0.128864
1.0
0.38293
0.297656

0.278363
0.359079
-0.197625
0.265833
0.0
0.555585
0.084615
0.0
0.201245
0.0
0.0
0.72696
0.0
0.0
0.096923
0.070256
0.024542
0.627326
0.139853
0.095751

0.060667
0.623015
0.367082
-0.058199
0.141127
0.947311
0.0
0.0
-0.07258
0.0
0.0
0.300586
0.0
0.0
0.042711
0.052674
0.0
0.590403
0.200659
0.199634

0.383338
0.082726
0.120669
0.157064
0.052645
0.654724
0.0
0.0
0.018445
0.0
0.0
0.147912
0.0
0.0
0.074652
0.001978
0.025714
0.931502
0.24022
0.0

0.678282
0.151846
0.355027
0.306989
0.0
0.613206
0.308791
0.0
0.028059
0.0
0.0
0.370916
0.0
0.0
0.462344
0.016044
0.040952
0.751868
0.0
0.145568

0.048535
0.178144
-0.010901
0.150776
0.0
0.903758
0.0
0.028645
-0.263995
0.0
0.0
0.247839
0.0
0.0
0.061465
0.0
0.227766
0.918901
0.313773
0.129157

0.566441
0.623015
0.0
0.330377
0.0
1.0
0.0263
0.0
0.018445
0.0
0.0
0.370916
0.0
0.0
0.173114
0.091355
0.091355
0.717289
0.040659
0.0

0.441404
-0.073915
0.327905
-0.193765
-0.008656
0.948268
0.075238
0.001685
-0.123882
0.0
0.0
0.168132
0.0
0.0
0.151136
0.013114
0.04359
1.0
0.404176
0.112161

0.353554
0.210312
0.355027
0.024304
0.141127
0.385698
0.311136
0.033626
-0.186423
0.0
0.0
1.0
0.0
0.0
0.709963
0.0
0.091355
0.725201
0.005788
0.199634

0.171064
0.487815
0.32559
0.004173
0.364702
0.940548
0.119927
0.0
0.044469
0.0
0.0
0.393187
0.0
0.0
0.795824
0.028645
0.035971
0.931502
0.071429
0.071722

0.427012
0.173349
0.069164
-0.058199
0.0
0.812723
0.610623
0.0
0.08022
0.0
0.0
0.521245
0.0
0.0
0.841832
0.013114
0.011648
1.0
0.459414
0.040659

-0.011113
0.290447
-0.027871
0.004173
-0.040283
0.780857
0.0
0.0
0.069084
0.0
0.0
0.049744
0.0
0.0
0.462344
0.152601
0.0
0.644322
0.0
0.446813

0.193147
0.459215
-0.040796
-0.058199
0.0
0.948268
0.109524
0.0
0.0
0.0
0.0
1.0
0.0
0.0
0.156996
0.047692
0.0
0.630843
0.071722
0.003443

0.817363
0.460949
0.08989
0.306989
0.476447
0.654724
0.0
0.0
0.096337
0.0
0.0
0.230843
0.0
0.0
0.355531
0.0
0.052674
1.0
0.143517
0.0

