v
Left

0.322247
0.559462
-0.151705
0.157001
0.441662
1.0
1.0
0.024249
-0.019548
0.0
0.0
0.0
0.0
0.0
0.496044
1.0
1.0
0.369304
1.0
1.0

0.225533
0.401227
-0.24793
-0.063904
0.12629
1.0
1.0
0.00696
0.0
0.0
0.0
0.0
0.0
0.0
0.599487
1.0
1.0
0.445348
1.0
1.0

0.254326
0.42054
-0.188851
0.0
0.342141
1.0
1.0
0.023077
0.0
0.0
0.0
0.038315
0.0
0.0
1.0
1.0
1.0
0.530769
0.944689
0.944689

0.455532
0.648034
-0.225052
0.292848
0.38774
1.0
0.313919
0.0
0.151997
0.0
0.0
0.093993
0.0
0.0
0.825128
1.0
1.0
0.53619
0.997729
0.99978

0.634765
0.69736
0.156213
0.0
0.542598
1.0
1.0
0.229377
-0.137746
0.0
0.0
0.0
0.0
0.0
0.731355
1.0
1.0
1.0
0.998901
1.0

0.254326
0.527206
-0.180252
0.181078
0.342141
1.0
1.0
0.251209
-0.106457
0.0
0.0
0.020733
0.0
0.0
0.436996
1.0
1.0
0.638901
1.0
1.0

0.579175
0.656252
0.327657
0.0
0.035284
1.0
1.0
0.434359
-0.00102
0.0
0.0
0.02337
0.0
0.0
0.394945
1.0
1.0
0.569304
1.0
1.0

0.90532
0.559462
0.203178
0.036686
0.282371
1.0
0.3
0.0
0.063132
0.0
0.0
0.0
0.0
0.0
0.810037
1.0
1.0
0.45956
1.0
1.0

0.51031
0.296182
-0.389409
0.115933
0.541548
1.0
1.0
0.07348
0.008425
0.0
0.0
0.0
0.0
0.0
1.0
0.787326
1.0
0.54674
1.0
0.997729

0.474443
0.571901
-0.204846
0.0
0.220867
1.0
0.768865
0.001978
0.035183
0.0
0.0
0.110989
0.0
0.0
0.498828
1.0
1.0
1.0
1.0
1.0

0.271473
0.62323
-0.039055
-0.157439
0.282371
1.0
0.313919
1.0
0.008425
0.0
0.0
0.0
0.0
0.0
1.0
0.733846
1.0
0.759194
0.999487
0.999487

0.680627
0.544124
-0.188851
0.234497
0.164929
1.0
1.0
0.024835
-0.019548
0.0
0.0
0.06293
0.0
0.0
0.423956
1.0
1.0
0.654139
0.975458
1.0

0.6283
0.42295
-0.175624
0.0
0.106203
1.0
1.0
0.0
-0.019797
0.0
0.0
0.0
0.0
0.0
0.803297
1.0
0.691209
1.0
0.999194
0.997729

0.244095
0.569995
-0.062785
0.036686
0.157917
1.0
1.0
0.0
-0.127249
0.0
0.0
0.107766
0.0
0.0
0.562125
0.883736
1.0
0.615604
1.0
0.997729

0.829072
0.271201
-0.028964
0.115933
0.088096
1.0
1.0
0.228791
0.0
0.0
0.0
0.08989
0.0
0.0
0.416777
1.0
1.0
0.774286
1.0
1.0

0.455532
0.648034
-0.672044
0.0
0.0
1.0
1.0
0.0
-0.013556
0.0
0.0
0.093993
0.0
0.0
0.922125
1.0
0.999487
0.643443
0.944689
1.0

0.58719
0.656252
-0.246676
0.292848
0.646751
1.0
0.768865
0.589231
0.063132
0.0
0.0
0.0
0.0
0.0
1.0
1.0
0.883736
0.774286
0.379707
1.0

0.622775
0.518956
0.019609
0.0
0.38774
1.0
0.799048
0.274506
-0.100613
0.0
0.0
0.0137
0.0
0.0
1.0
1.0
0.71392
0.470549
1.0
0.944689

