x
Left

1.0
-0.12556
-0.197334
-0.139885
0.099041
1.0
1.0
0.22381
0.167253
1.0
1.0
0.765641
0.960806
0.960806
0.661612
0.625275
0.625275
0.452381
0.851795
0.851795

1.0
-0.160693
-0.158565
-0.334531
0.013872
1.0
1.0
0.165788
0.261026
1.0
1.0
0.878755
0.872308
0.872308
0.616777
0.69326
0.69326
0.88315
0.76696
0.76696

1.0
-0.119352
-0.232447
-0.328837
0.032696
1.0
1.0
0.149084
0.208425
1.0
1.0
0.815018
0.970183
0.970183
0.710843
0.561978
0.561978
0.825714
0.908645
0.908645

0.590537
-0.373732
0.0
0.0
-0.028543
1.0
1.0
0.0
0.113383
1.0
1.0
0.666007
1.0
1.0
0.710843
1.0
1.0
1.0
0.999194
0.581905

-0.500746
-0.229932
-0.108661
-0.43985
-0.139916
1.0
1.0
0.222491
0.261026
1.0
0.4263
1.0
1.0
1.0
1.0
0.495458
1.0
0.441832
1.0
0.977216

1.0
-0.240111
-0.066707
0.0
0.530704
1.0
1.0
0.248571
0.597436
1.0
1.0
1.0
0.99978
0.978974
1.0
1.0
1.0
1.0
0.552015
1.0

0.536149
0.177984
0.0
0.1932
0.011451
1.0
1.0
0.330769
0.51011
0.992527
0.635238
1.0
1.0
1.0
1.0
1.0
1.0
0.639634
0.998901
1.0

1.0
-0.418209
0.0
-0.356188
-0.12148
1.0
1.0
0.222491
0.207399
1.0
1.0
1.0
0.879048
0.998608
1.0
0.46674
1.0
0.671722
1.0
0.998901

0.184438
0.0
0.0
-0.339902
0.316463
1.0
1.0
0.182198
0.478462
0.67304
0.67304
1.0
0.869377
0.976044
1.0
0.993773
1.0
0.419267
0.840366
0.916557

0.997298
0.023692
0.0
0.147861
0.133759
1.0
1.0
0.253114
0.241408
0.378242
0.992527
0.908059
1.0
1.0
1.0
0.46674
0.586447
0.901319
1.0
1.0

-0.921858
-0.12556
0.0
0.0
0.175136
1.0
1.0
0.562271
0.532674
0.951722
0.464689
0.746007
0.99978
0.998608
1.0
1.0
1.0
0.79978
0.840366
1.0

0.335133
-0.553706
0.0
-0.214995
0.362169
1.0
1.0
1.0
0.349231
1.0
1.0
0.80359
0.954066
0.648718
0.559927
0.65956
1.0
1.0
0.997729
0.997729

-0.575402
-0.288324
0.0
0.0
0.287421
1.0
1.0
1.0
0.241408
1.0
1.0
0.871136
0.9063
1.0
0.961099
1.0
0.812527
0.88315
1.0
0.977216

0.495214
-0.360983
-0.197334
0.0
-0.415769
1.0
1.0
0.0
0.568132
0.657509
1.0
1.0
1.0
1.0
1.0
1.0
1.0
0.754506
0.999194
0.99978

1.0
0.0395
0.080422
0.308585
-0.260971
1.0
1.0
0.149084
0.184835
1.0
1.0
0.813114
1.0
1.0
1.0
1.0
0.69326
0.600366
1.0
0.552015

-0.423501
-0.343856
0.184607
0.0
0.032696
1.0
1.0
0.325495
0.167253
0.69707
0.378242
0.666007
0.789377
1.0
1.0
1.0
1.0
0.657216
1.0
0.645788

0.495214
-0.288324
0.0
-0.201866
0.007441
1.0
1.0
0.412234
0.313187
1.0
1.0
0.75685
1.0
0.998608
1.0
0.999487
1.0
0.702198
1.0
1.0

0.60832
-0.304885
0.0
0.0
-0.028543
1.0
1.0
0.235238
0.479634
0.963443
0.852381
1.0
0.872308
1.0
1.0
0.999487
0.999487
0.222491
0.840366
1.0

