y
Left

0.943002
-0.141273
-0.124898
0.0
-0.352656
0.0
-0.264866
-0.182095
0.932967
1.0
1.0
0.910989
0.999194
0.999194
1.0
1.0
1.0
0.26293
0.0
0.0

0.649028
-0.469409
-0.089613
0.0
-0.182873
0.0
-0.014489
-0.009961
0.789963
1.0
1.0
0.93707
1.0
1.0
1.0
1.0
1.0
0.292967
0.0
0.0

0.76821
-0.474137
-0.031431
0.0
-0.139601
0.0
-0.058202
-0.040014
0.784249
1.0
1.0
0.977509
0.999194
0.999194
1.0
1.0
1.0
0.23348
0.0
0.0

0.5551
0.0
0.0
0.008952
0.031809
0.0
-0.231
-0.088993
1.0
1.0
1.0
1.0
1.0
0.797875
1.0
1.0
1.0
0.768278
0.0
0.0

-0.081998
0.0
-0.000904
0.0
-0.059771
0.0
-0.223669
-0.15859
1.0
1.0
0.99978
1.0
0.998608
1.0
1.0
1.0
0.69033
0.248425
0.0
0.0

0.571637
0.0
0.0
0.0
-0.336532
0.0
0.109708
-0.022965
1.0
1.0
1.0
1.0
0.58337
1.0
1.0
1.0
1.0
1.0
0.0
0.0

0.807532
0.0
0.0
0.0
-0.229975
0.0
0.046112
0.080231
1.0
1.0
1.0
0.999414
0.99978
0.826154
1.0
1.0
0.508645
0.292967
0.027766
0.004615

0.371564
-0.000445
0.0
0.0
-0.130196
0.315781
-0.192194
-0.031588
0.99978
1.0
1.0
1.0
1.0
1.0
1.0
1.0
1.0
0.38381
0.026886
0.0

0.257081
0.0
0.0
0.0
-0.881629
0.0
-0.363636
0.0
1.0
1.0
1.0
1.0
1.0
0.657216
1.0
0.964396
1.0
0.355971
0.038608
0.0

0.128531
0.0
0.0
0.0
0.0
0.0
-0.055177
-0.088642
1.0
0.99978
0.945421
0.802564
0.982784
0.979707
1.0
0.70967
1.0
0.23348
0.0
0.0

0.807532
0.0
0.0
0.0
-0.240889
0.0
-0.195628
-0.063667
1.0
1.0
1.0
1.0
0.998608
1.0
1.0
1.0
1.0
0.258535
0.0
0.005495

1.0
-0.001268
0.0
0.0
-0.219938
0.0
0.357143
-0.17662
1.0
1.0
0.971648
1.0
1.0
0.998608
1.0
1.0
1.0
0.864982
0.093114
0.0

0.997225
0.0
0.0
0.0
-0.206897
0.243252
0.053553
-0.037934
1.0
1.0
1.0
1.0
1.0
0.814286
1.0
0.758901
1.0
0.334579
0.0
0.0

-0.14251
0.0
0.0
0.0
-0.297641
0.0
0.0
-0.049762
1.0
1.0
1.0
1.0
1.0
0.797875
1.0
1.0
1.0
0.692821
0.0
0.0

0.129692
0.0
0.0
0.0
-0.831083
0.789474
-0.121388
0.102565
1.0
0.99978
1.0
1.0
1.0
1.0
1.0
0.957875
1.0
0.152601
0.0
0.0

0.571637
0.0
0.0
0.011938
-0.160894
0.0
-0.062784
0.015348
0.99978
1.0
1.0
1.0
1.0
1.0
0.918608
1.0
1.0
0.28696
0.005495
0.005495

-0.330797
0.0
0.0
0.0
-0.033246
0.0
0.109708
-0.008689
1.0
1.0
1.0
1.0
1.0
0.799634
1.0
1.0
0.964908
0.349231
0.0
0.0

1.0
-0.000445
0.0
0.0
-0.150795
0.052907
-0.040937
0.0
1.0
1.0
0.725934
1.0
0.99978
1.0
1.0
0.957875
1.0
0.244908
0.0
0.027473

