3
Left

-0.001523
0.593315
0.057752
0.056881
0.0
0.265875
0.0
0.0
-0.04797
0.0
0.0
0.0
0.0
0.0
0.901612
1.0
1.0
1.0
1.0
1.0

-0.245472
1.028515
0.238343
0.023517
0.0
0.249264
0.0
0.0
-0.021437
0.0
0.0
0.0
0.0
0.0
0.958461
1.0
1.0
1.0
1.0
1.0

-0.037319
0.692122
0.129714
0.040474
0.0
0.39245
0.0
0.0
0.100082
0.0
0.0
0.0
0.0
0.0
0.907179
1.0
1.0
1.0
1.0
1.0

0.519784
0.593315
0.238343
0.056881
0.017072
0.0
-0.049438
-0.115454
0.049158
0.0
0.0
0.182784
0.0
0.0
1.0
0.890037
1.0
1.0
0.805788
1.0

0.123434
0.424111
-0.601006
0.038556
0.120391
0.0
-0.311927
-0.003246
0.089011
0.0
0.0
0.173407
0.0
0.0
1.0
1.0
1.0
0.523883
1.0
0.645934

0.46594
0.418538
-0.141164
0.040474
0.0
0.0
0.081099
-0.005802
0.058242
0.0
0.0
0.08989
0.0
0.0
0.994506
1.0
1.0
1.0
1.0
0.827179

0.598971
0.38945
-0.656416
0.0
0.420429
0.0
-0.114815
0.0
0.0
0.0
0.0
0.370916
0.0
0.0
1.0
0.883736
0.883736
0.679927
1.0
0.872601

-0.047995
0.223413
0.173277
0.238471
0.0
0.028257
-0.049438
-0.033989
0.01956
0.0
0.0
0.12359
0.0
0.0
1.0
1.0
1.0
1.0
0.898388
0.619707

-0.260846
-0.261444
-0.512604
0.089803
0.0
0.0
-0.238189
0.0
0.022784
0.0
0.0
0.21033
0.0
0.0
0.686227
0.738095
1.0
1.0
1.0
0.999194

-0.267123
0.491851
-0.220462
0.0
0.067723
0.0
-0.033529
-0.003246
0.032454
0.0
0.0
0.039194
0.0
0.0
0.871722
1.0
0.950549
1.0
0.697656
1.0

0.30565
-0.029799
-0.63843
0.0
0.112189
0.245816
-0.182745
-0.117386
0.016923
0.0
0.0
0.400513
0.0
0.0
0.836557
0.974579
1.0
1.0
1.0
0.898388

0.42888
-0.424825
-0.318811
0.0
0.0
0.561426
-0.21166
0.0
0.0
0.008425
0.0
0.825714
0.0
0.0
1.0
1.0
1.0
0.965495
1.0
1.0

-0.047995
0.491851
-0.093172
0.0
0.145568
0.0
-0.118773
-0.099098
0.246672
0.0
0.008425
0.763883
0.0
0.0
1.0
0.970183
1.0
0.71641
0.999194
0.694725

-0.260846
0.214891
0.173277
0.138361
0.120391
0.0
-0.069389
-0.064691
0.032454
0.0
0.0
0.0
0.0
0.0
0.920659
1.0
1.0
0.702051
0.827179
0.805788

-0.727764
-0.225972
-0.054673
0.0
0.158358
0.0
-0.187484
-0.047705
0.059121
0.028938
0.0
0.825714
0.0
0.0
0.686227
1.0
1.0
1.0
0.689744
0.703663

-0.727764
0.251335
-0.395784
0.0
0.0
0.0
-0.026626
-0.115454
0.049744
0.0
0.0
0.049158
0.0
0.0
1.0
0.675824
1.0
0.875824
0.805788
0.898388

0.135661
-0.152625
0.114142
0.104708
0.067723
0.561426
0.0
-0.016698
0.008132
0.0
0.0
0.400513
0.0
0.0
0.759487
1.0
1.0
0.982784
1.0
0.999194

0.11922
0.213525
-0.656416
0.038556
0.233761
0.0
-0.104546
-0.014253
0.009304
0.0
0.0
0.21033
0.0
0.0
1.0
1.0
0.974579
0.697656
1.0
1.0

