4
Left

0.405097
0.527065
0.17268
-0.304083
-0.583024
1.0
1.0
0.029817
0.0
0.0
0.0
0.0
0.0
0.0
0.0
0.0
0.0
0.034799
0.0
0.0

0.332976
0.442632
0.194187
-0.072458
-0.155458
1.0
1.0
0.0
0.0
0.0
0.0
0.0
0.0
0.0
0.0
0.0
0.0
0.029524
0.0
0.0

0.145642
0.367673
0.234576
0.120409
-0.185446
1.0
1.0
0.0
0.0
0.0
0.0
0.0
0.0
0.0
0.0
0.0
0.0
0.004322
0.0
0.0

0.145642
0.135757
0.004196
-0.372566
-0.232784
1.0
1.0
0.025714
0.0
0.0
0.0
-0.027583
0.0
0.0
0.0
0.0
0.0
0.029524
0.0
0.0

0.450398
0.493561
0.143798
0.160148
-0.646114
1.0
1.0
0.010183
-0.081352
0.0
0.0
0.0
0.0
0.0
-0.085418
0.0
0.0
0.00315
0.0
0.0

0.502084
0.525348
0.021352
-0.250373
-0.147673
1.0
1.0
0.895751
0.028059
0.0
0.0
0.0
0.0
0.0
0.0
0.0
0.0
0.016923
0.0
0.0

0.35409
0.668539
0.068143
-0.130072
-0.483997
1.0
1.0
0.133846
-0.034635
0.0
0.0
-0.066752
0.0
0.0
0.00315
0.0
0.0
-0.068758
0.0
0.0

0.549505
0.26203
0.150873
-0.140389
-0.611269
1.0
1.0
0.219414
-0.072449
0.0
0.0
-0.059416
0.0
0.0
-0.029802
0.0
0.0
0.0
0.0
0.0

0.308934
0.508406
0.195006
-0.140701
-0.255131
1.0
1.0
0.53707
-0.014199
0.0
0.0
0.0
0.0
0.0
-0.05961
0.0
0.0
-0.015498
0.0
0.0

-0.274486
0.478675
-0.153443
-0.130072
-0.185446
1.0
0.958169
0.02337
0.0
0.0
0.0
0.0
0.0
0.0
-0.066631
0.0
0.0
-0.101333
0.0
0.0

-0.271478
0.618067
-0.097058
-0.18706
-0.255131
1.0
1.0
0.458974
0.0
0.0
0.0
0.008425
0.0
0.0
0.0
0.0
0.0
0.016923
0.0
0.0

0.492758
0.674767
0.101466
-0.250373
-0.355156
1.0
1.0
0.072015
0.0
0.0
0.0
0.0
0.0
0.0
0.0
0.0
0.0
0.035092
0.0
0.0

0.145642
0.394134
0.035526
-0.117288
-0.057446
1.0
1.0
0.009304
-0.081352
0.0
0.0
-0.059416
0.0
0.0
0.031868
0.0
0.0
0.0
0.0
0.0

0.481584
0.135757
0.021352
-0.069056
-0.387214
1.0
1.0
0.0
0.035678
0.0
0.0
-0.123392
0.0
0.0
0.00315
0.0
0.0
-0.040008
0.0
0.0

0.585445
0.626736
0.263361
-0.118103
-0.48489
1.0
1.0
0.029817
0.0
0.0
0.0
0.0
0.0
0.0
0.087369
0.0
0.0
-0.040055
0.0
0.0

-0.100717
0.512081
0.122847
-0.130496
-0.443811
1.0
1.0
0.368865
-0.124906
0.0
0.0
-0.066752
0.0
0.0
-0.066631
0.0
0.0
0.00315
0.0
0.0

-0.271478
0.726962
-0.090777
-0.140389
-0.205677
1.0
1.0
0.029817
-0.03518
0.0
0.0
0.023077
0.0
0.0
0.0
0.0
0.0
0.004322
0.0
0.0

0.317647
0.527065
0.021352
-0.003956
-0.583024
1.0
1.0
0.051502
0.0
0.0
0.0
0.0
0.0
0.0
0.00315
0.0
0.0
0.002271
0.0
0.0

