7
Left

0.340171
0.554251
0.089703
0.03016
-0.40591
1.0
1.0
0.0
0.0
0.0
0.0
0.0
0.0
0.0
0.407546
1.0
1.0
0.056484
0.0
0.0

0.285197
0.481097
0.048427
0.024658
-0.050615
1.0
1.0
0.0
0.0
0.0
0.0
0.0
0.0
0.0
0.178388
1.0
1.0
0.050623
0.0
0.0

0.126491
0.570416
0.009436
0.009098
-0.117718
1.0
1.0
0.0
0.0
0.0
0.0
0.0
0.0
0.0
0.139414
1.0
1.0
0.037436
0.0
0.0

0.560854
0.302534
0.048495
-0.029284
0.036837
1.0
1.0
0.353919
0.0
0.0
0.0
0.020733
0.0
0.0
0.779707
0.267619
1.0
0.0
0.0
0.002857

-0.007088
0.462884
0.222236
0.116601
0.200557
1.0
0.340147
0.002857
-0.166596
0.0
0.0
0.058828
0.0
0.0
0.397289
1.0
0.899853
0.081392
0.0
0.0

0.627881
0.694437
0.276905
0.156716
-0.115315
1.0
1.0
0.166374
0.001685
0.0
0.0
0.069963
0.0
0.0
0.828059
0.884908
1.0
0.0
0.0
0.0

0.725351
0.481119
0.164943
0.009098
0.013918
1.0
0.298974
0.154945
0.035092
0.0
0.0
0.033333
0.0
0.0
0.669817
1.0
1.0
0.035678
0.0
0.0

0.785017
0.512927
0.276905
0.213856
0.17042
1.0
0.351575
0.310843
0.0
0.0
0.0
0.033626
0.0
0.0
1.0
1.0
0.999487
0.0
0.0
0.010183

0.285197
0.570416
0.056195
-0.157648
0.103329
1.0
0.274212
0.004029
-0.086293
0.0
0.0
0.058828
0.0
0.0
0.356557
1.0
1.0
0.0
0.024542
0.0

0.303657
0.345852
-0.026816
0.029798
-0.137328
1.0
1.0
0.0
-0.019679
0.0
0.0
0.242271
0.0
0.0
0.958755
0.187766
1.0
0.016923
0.0
0.0

0.126491
0.267878
0.048427
0.513928
0.011272
1.0
0.262784
0.336923
-0.06449
0.0
0.0
0.057949
0.001978
0.0
1.0
1.0
0.884908
0.081392
0.0
0.0

0.744789
0.542572
-0.577612
0.003763
-0.13153
1.0
0.576777
0.158169
-0.154168
0.0
0.0
0.05326
0.0
0.0
1.0
1.0
1.0
0.0
0.006374
0.0

0.949288
0.335454
0.159793
0.074649
0.091896
1.0
0.790696
0.379414
-0.124193
0.003736
0.0
0.242271
0.0
0.0
0.676264
1.0
1.0
0.0
0.0
0.0

0.83782
-0.072272
0.193555
0.389548
-0.036408
1.0
1.0
0.021905
-0.077712
0.0
0.0
0.277729
0.0
0.0
0.648132
0.201245
1.0
0.0
0.0
0.035092

0.627881
0.470105
0.048495
0.039038
-0.20176
1.0
1.0
0.0
-0.06449
0.0
0.0
0.00696
0.0
0.0
0.523883
1.0
1.0
0.080806
0.0
0.0

0.596093
0.335454
0.081275
-0.105828
-0.234053
1.0
1.0
0.903663
-0.019679
0.0
0.0
0.069377
0.0
0.0
0.640659
1.0
0.267619
0.0
0.0
0.0

1.0
0.554251
0.054769
0.269565
-0.40591
1.0
1.0
0.0
-0.127443
0.0
0.0
0.006667
0.0
0.0
0.178388
1.0
1.0
0.032747
0.0
0.0

0.105996
0.295048
0.061906
0.213856
0.375138
1.0
0.974872
0.379414
0.0
0.0
0.0
0.127106
0.0
0.0
0.45619
1.0
1.0
0.0
0.026886
0.0

