8
Left

0.841813
0.233295
0.13008
-0.040469
-0.898555
1.0
0.202125
0.0
0.0
0.0
0.0
0.1863
0.998315
0.998315
0.001685
0.0
0.0
-0.131278
0.0
0.0

0.74131
0.545196
-0.026246
-0.023365
-0.632169
1.0
0.188791
0.0
0.033626
0.0
0.0
0.074652
0.998315
0.998315
0.0
0.0
0.0
0.0
0.0
0.0

0.670484
0.250817
0.050456
0.01349
-0.895529
1.0
0.0
0.0
0.041245
0.001685
0.001685
0.141172
0.998315
0.998315
0.0
0.0
0.0
0.0
0.0
0.0

0.740168
-0.386213
0.124016
0.16413
-0.346812
1.0
0.157289
0.085495
0.001099
0.0
0.0
1.0
0.605934
1.0
0.022491
0.05326
0.029524
0.043004
0.0
0.0

0.263359
-0.211927
5.8e-05
0.268277
-0.834609
1.0
0.063516
0.0
0.161538
0.0
0.0
0.322564
0.235824
0.957289
0.148645
0.0
0.0
0.0
0.0
0.0

0.66239
-0.003195
0.0
0.091715
-0.747283
1.0
0.576337
0.084029
0.009597
0.0
0.012234
0.462051
1.0
0.722857
0.299414
0.0
0.017216
0.008425
0.0
0.0

0.00373
-0.061853
0.124016
-0.351686
-0.206927
1.0
0.624103
0.044762
0.0274
0.00696
0.065568
0.775897
0.850623
0.960513
0.493993
0.0
0.0
-0.006893
0.0
0.0

0.764049
0.02766
5.8e-05
0.209571
-0.632169
1.0
0.030403
0.069963
0.0
0.0
0.0
0.631429
0.665421
1.0
0.055018
0.013993
0.0
-0.034098
0.0
0.0

0.291495
0.545196
-0.466885
0.1491
-0.740499
1.0
0.0
0.015165
0.0
0.0
0.0
0.099853
0.957289
0.809597
0.20022
0.0
0.00696
0.073773
0.0
0.014286

0.93771
-0.291488
0.0
-0.186671
-0.237928
1.0
0.294579
0.007546
0.0
0.0
0.0
0.230989
0.814286
0.586886
0.171648
0.018388
0.017509
0.0
0.0
0.0

0.341865
0.228673
0.009163
0.091715
-0.09316
1.0
1.0
0.049744
0.0
0.0
0.0
0.631429
0.513919
1.0
0.055018
0.00696
0.0
0.0
0.0
0.01663

0.736114
0.274386
-0.128693
0.272737
-0.306913
1.0
0.783223
0.072308
0.159634
0.0
0.0
1.0
0.853114
0.257802
0.0
0.014872
0.0
-0.164017
0.0
0.0

1.0
-0.124357
-0.28985
0.182399
-0.206927
1.0
0.139121
0.079927
-0.075751
0.0
0.0
0.448718
0.750696
0.590696
0.459414
0.0
0.017216
-0.129465
0.0
0.0

0.820594
0.089759
0.358162
0.158459
-0.303386
1.0
0.188791
0.0
0.0
0.0
0.0
0.141172
0.844176
0.796557
0.597875
0.014579
0.0
0.0
0.0
0.0

0.76739
0.087617
-0.054233
0.16413
-0.747283
1.0
1.0
0.944689
0.033626
0.0
0.0
0.631429
0.928278
0.985421
0.306447
0.0
0.013993
0.0
0.0
0.0

0.74131
0.228673
-0.28985
-0.447968
-0.32973
1.0
0.768571
0.015165
0.0
0.0
0.0
0.457363
0.136923
0.850623
0.0
0.014872
0.0
-0.046086
0.0
0.0

0.246033
-0.058191
0.077438
0.429445
-0.096459
1.0
0.347766
0.0
0.023663
0.0
0.0
0.448718
0.254872
1.0
0.443736
0.0
0.00696
-0.067551
0.0
0.0

1.0
-0.184454
0.146871
0.251351
-0.336237
0.946089
0.376777
0.166081
0.006374
0.0
0.012234
0.696484
0.814286
0.772674
0.128041
0.01663
0.0
0.0
0.0
0.0

