a
Left

0.660171
0.0
0.0
0.0
0.0
0.0
-0.323479
-0.1875
1.0
1.0
1.0
1.0
0.998315
0.998315
1.0
1.0
1.0
1.0
1.0
1.0

-0.054913
0.0
0.0
0.0
0.0
0.0
-0.048563
-0.033387
1.0
1.0
1.0
1.0
0.998315
0.998315
1.0
1.0
1.0
1.0
1.0
1.0

0.167877
0.0
0.0
0.0
0.0
0.0
-0.142246
-0.097794
1.0
1.0
1.0
1.0
0.998315
0.998315
1.0
1.0
1.0
1.0
1.0
1.0

0.521801
0.0
0.0
0.0
0.000246
0.177307
-0.011716
0.0
1.0
1.0
1.0
1.0
0.99978
0.998022
1.0
1.0
1.0
0.969524
1.0
1.0

0.404958
0.0
0.0
-0.004927
0.0
0.171803
0.019853
-0.046774
1.0
1.0
1.0
1.0
1.0
1.0
1.0
0.811648
0.999487
0.997143
0.998901
1.0

0.179946
0.0
0.0
0.0
0.0
0.0
-0.023783
-0.144086
1.0
1.0
1.0
1.0
1.0
1.0
1.0
1.0
1.0
1.0
1.0
0.629084

-0.34388
0.0
0.0
0.0
-0.00077
0.0
0.437143
-0.064076
1.0
1.0
1.0
1.0
0.998022
1.0
1.0
1.0
1.0
1.0
0.99978
1.0

0.200025
0.0
0.0
0.0
0.003109
0.0
-0.301092
0.0
1.0
1.0
1.0
1.0
1.0
1.0
1.0
1.0
0.999487
1.0
1.0
1.0

0.14569
0.0
0.0
0.0
0.0
0.0
0.0
0.10674
1.0
1.0
1.0
1.0
1.0
1.0
1.0
1.0
1.0
1.0
1.0
1.0

0.998584
0.0
-0.000336
0.0
0.0
0.709271
-0.363636
0.0
0.99978
1.0
1.0
1.0
1.0
1.0
1.0
0.999487
0.811648
1.0
1.0
1.0

-0.6122
0.0
0.0
0.0
0.0
0.0
-0.072561
0.0
0.99978
1.0
1.0
1.0
1.0
1.0
1.0
1.0
1.0
1.0
0.999194
0.684176

0.471538
0.0
0.0
0.0
0.0
0.0
-0.320585
-0.107329
1.0
1.0
0.99978
1.0
0.99011
1.0
1.0
1.0
1.0
1.0
1.0
1.0

0.002154
0.0
0.0
0.0
0.0
0.0
-0.157334
0.0
1.0
1.0
1.0
1.0
1.0
1.0
1.0
1.0
1.0
1.0
1.0
0.999194

0.623435
0.0
0.0
0.0
0.0
0.0
-0.346118
-0.026459
1.0
1.0
0.99978
1.0
0.998022
1.0
1.0
1.0
0.80315
0.997143
0.999487
1.0

-0.370793
0.023192
0.0
0.0
0.0
0.060642
-0.363636
0.056777
1.0
1.0
1.0
1.0
0.99978
0.99978
1.0
0.961392
0.999487
1.0
1.0
1.0

0.249467
0.0
0.0
0.0
0.0
0.080331
-0.093202
-0.144086
1.0
1.0
1.0
1.0
1.0
1.0
1.0
1.0
1.0
0.991355
1.0
1.0

0.623435
0.0
0.0
0.0
0.003062
0.0
0.047106
0.0
1.0
1.0
1.0
1.0
0.998022
0.998608
1.0
1.0
1.0
1.0
1.0
1.0

0.167877
0.0
0.0
0.0
0.0
0.0
0.0
0.0
1.0
1.0
1.0
1.0
1.0
1.0
1.0
1.0
0.999487
1.0
1.0
1.0

