baby_o
Left

0.312016
0.366388
0.0
0.0
0.0
1.0
0.0
0.0
0.292674
1.0
1.0
1.0
0.998315
0.998315
1.0
1.0
1.0
1.0
1.0
1.0

0.432169
0.345038
0.0
0.0
0.0
1.0
0.0
0.0
0.529451
1.0
1.0
1.0
0.998315
0.998315
1.0
1.0
1.0
1.0
1.0
1.0

0.222211
0.458004
0.0
0.0
0.0
1.0
0.0
0.0
0.387619
1.0
1.0
1.0
0.998315
0.998315
1.0
1.0
1.0
1.0
1.0
1.0

0.543867
0.0
0.0
0.0
0.0
0.919767
0.215458
0.131795
0.817363
1.0
0.955824
1.0
1.0
0.713773
1.0
1.0
1.0
1.0
1.0
0.99978

0.432169
-0.377333
0.0
0.0
0.0
1.0
0.61707
0.0
0.801978
1.0
0.738242
1.0
1.0
1.0
1.0
1.0
1.0
0.959854
1.0
0.997729

0.824303
-0.275871
0.0
0.0
0.0
1.0
0.458681
0.0
1.0
0.99978
0.338095
1.0
0.998608
0.998315
1.0
1.0
0.975604
1.0
0.997729
1.0

0.634123
-0.060764
0.0
0.0
0.0
1.0
0.458681
0.006374
0.683297
0.370623
1.0
1.0
1.0
0.999194
1.0
1.0
1.0
0.92315
1.0
1.0

0.863849
-0.273929
0.0
0.0
0.000248
0.996348
0.200073
0.0
0.70674
0.174286
1.0
1.0
1.0
1.0
1.0
1.0
1.0
1.0
1.0
0.902198

0.674606
0.366388
0.0
0.0
0.0
0.918128
0.209451
0.140879
1.0
0.64022
0.347326
0.99978
0.997436
1.0
1.0
1.0
1.0
0.983956
0.99978
1.0

0.682021
-0.201256
0.0
-0.012459
0.0
0.978931
0.167546
0.1863
0.352747
1.0
1.0
1.0
1.0
0.997436
1.0
1.0
1.0
0.99978
1.0
1.0

0.79714
-0.237467
0.0
0.049364
0.003083
1.0
0.102198
0.0
1.0
1.0
0.412528
1.0
1.0
0.998022
1.0
0.736337
1.0
0.815018
1.0
1.0

0.820442
-0.023061
0.0
0.0
-0.233655
1.0
0.0
0.0
0.690037
0.863077
1.0
1.0
1.0
1.0
1.0
1.0
1.0
1.0
0.99978
1.0

0.935903
-0.473262
0.0
0.0
0.004481
0.863444
0.316996
0.114652
0.695897
0.99978
1.0
1.0
1.0
1.0
1.0
1.0
1.0
1.0
0.863956
0.976044

0.678816
-0.58021
0.0
0.0
0.0
1.0
0.223224
1.0
0.648425
1.0
1.0
1.0
1.0
0.999194
1.0
1.0
0.736337
0.988278
0.999487
1.0

0.824303
-0.141369
0.0
0.0
0.0
1.0
0.255458
1.0
0.954945
1.0
1.0
1.0
0.990183
1.0
1.0
1.0
1.0
1.0
1.0
1.0

0.666773
0.0
0.0
0.0
0.048603
0.793001
0.571648
0.679194
1.0
0.302051
1.0
1.0
1.0
0.999194
1.0
0.999487
1.0
1.0
1.0
1.0

0.887969
-0.282028
0.0
0.0
0.002914
0.96011
0.627619
0.0
1.0
0.863077
1.0
1.0
1.0
1.0
1.0
1.0
1.0
0.988278
1.0
0.99978

0.81831
-0.066436
-0.000297
0.0
0.004898
0.765779
0.272308
0.523736
0.495165
0.437436
0.350696
1.0
1.0
1.0
1.0
1.0
1.0
1.0
1.0
0.976044

