bent_1
Left

0.108681
0.28695
0.0
0.211861
0.816842
1.0
0.772674
1.0
0.260147
1.0
1.0
1.0
0.998315
0.998315
0.861758
1.0
1.0
0.555531
1.0
1.0

0.230134
0.219706
0.0
0.595175
0.970401
1.0
0.160952
0.690916
0.251062
1.0
1.0
1.0
0.998315
0.998315
0.554066
1.0
1.0
0.418681
1.0
1.0

0.695491
0.257169
0.0
0.35926
0.220141
1.0
0.808718
0.169304
0.032747
1.0
1.0
1.0
0.998315
0.998315
0.565788
1.0
1.0
0.664835
1.0
1.0

0.715544
0.219706
-0.080899
0.0
0.0
1.0
0.705275
1.0
0.032747
1.0
1.0
1.0
0.998022
1.0
1.0
1.0
1.0
0.99978
0.999487
1.0

0.644363
-0.171696
0.0
0.165298
0.207787
0.756297
0.443736
0.081978
0.084714
1.0
1.0
0.695165
0.998315
1.0
0.723736
1.0
1.0
0.934139
1.0
1.0

0.931269
-0.255738
0.0
0.0
0.0
1.0
0.914359
0.502784
0.175947
1.0
1.0
0.746007
0.998608
0.998022
1.0
1.0
1.0
0.992088
1.0
1.0

0.857872
0.112605
-0.01344
0.0
0.002221
0.756297
0.0
1.0
0.032747
1.0
0.507766
1.0
0.998608
1.0
1.0
1.0
1.0
1.0
1.0
1.0

0.848931
0.018759
0.0
0.0
0.0
1.0
0.955751
1.0
0.212088
1.0
0.462637
0.962857
1.0
1.0
1.0
1.0
0.999487
0.992088
0.999194
0.998901

0.773351
-0.024351
0.231819
0.35926
-0.005144
1.0
0.724322
1.0
0.30967
1.0
1.0
0.922418
0.99978
0.998608
1.0
0.999487
0.999487
0.721392
1.0
0.999194

0.722752
0.131407
-0.025548
0.0
-0.261304
1.0
1.0
0.081978
0.040727
1.0
1.0
1.0
0.998608
0.998608
1.0
1.0
1.0
0.703077
0.997729
0.787033

0.725733
0.353
0.0
0.0
0.272942
1.0
0.247106
0.655458
0.515385
0.973113
1.0
1.0
1.0
1.0
1.0
1.0
1.0
0.398755
1.0
1.0

0.803617
-0.219556
0.0
0.595175
-0.011891
1.0
1.0
1.0
-0.046729
0.349817
0.728718
0.956703
1.0
1.0
0.554066
1.0
1.0
1.0
0.99978
0.997729

0.857872
0.099711
0.0
0.061086
0.442675
1.0
1.0
0.927985
0.108352
1.0
0.504249
1.0
1.0
1.0
0.861758
1.0
1.0
0.418681
1.0
1.0

0.217484
0.018759
0.0
0.0
0.113285
1.0
0.955751
0.694725
0.289451
0.41663
0.827326
1.0
1.0
1.0
0.832161
1.0
1.0
0.703077
1.0
1.0

0.922758
0.387893
0.0
0.211861
0.0
1.0
0.219707
1.0
0.802271
1.0
0.462637
0.95348
0.926813
1.0
1.0
1.0
1.0
0.818095
0.99978
0.638462

0.26935
0.143126
0.0
0.0
0.113285
1.0
0.955751
0.22381
0.013407
1.0
0.49326
0.759487
1.0
1.0
1.0
1.0
1.0
0.941758
1.0
0.997729

0.604088
0.149506
0.162114
0.0
0.003613
1.0
1.0
0.462198
0.3
0.349817
1.0
0.801099
0.998315
1.0
0.787912
1.0
1.0
0.664835
0.999194
1.0

0.753626
-0.204241
-0.443851
0.0
0.0
1.0
0.774139
1.0
0.133647
1.0
1.0
1.0
1.0
1.0
0.832161
1.0
1.0
0.992088
1.0
1.0

