bent_v
Left

0.283732
0.4139
-0.032611
-0.004114
0.0
1.0
1.0
0.238169
0.232699
1.0
1.0
0.0
0.998315
0.998315
0.851209
1.0
1.0
1.0
1.0
1.0

0.313188
0.407409
0.038283
0.043615
0.0
1.0
1.0
0.168425
0.13062
1.0
1.0
0.0
0.998315
0.998315
0.42044
1.0
1.0
1.0
1.0
1.0

0.337722
0.329134
0.0
0.093842
0.0
1.0
1.0
0.185714
0.073989
1.0
1.0
0.0
0.998315
0.998315
0.257509
1.0
1.0
1.0
1.0
1.0

0.540377
0.460481
-0.2605
0.0
0.080039
1.0
0.257509
0.869963
0.086667
1.0
1.0
-0.055324
0.918608
0.461465
0.998901
1.0
1.0
0.731355
1.0
1.0

0.339256
0.451271
-0.319359
-0.044158
-0.282838
1.0
0.616777
1.0
0.02512
0.770037
0.770037
0.0
0.729304
0.34967
0.568865
1.0
1.0
0.617949
1.0
1.0

-0.24124
0.546008
-0.121304
0.0
0.250196
1.0
1.0
0.238169
0.232699
1.0
0.640806
-0.11927
0.357729
0.709963
0.257509
1.0
1.0
0.725495
1.0
1.0

0.263186
0.669433
-0.196933
0.0
0.282068
1.0
0.616777
0.342637
-0.040051
1.0
1.0
0.0
0.648132
1.0
1.0
1.0
0.999487
1.0
1.0
1.0

0.303714
0.405865
-0.076875
-0.004114
0.14012
1.0
0.982491
0.431282
0.086667
1.0
0.677436
0.0
0.96696
1.0
0.707033
1.0
0.935458
0.591722
1.0
1.0

0.811844
0.34305
-0.097396
0.03246
0.681302
1.0
1.0
1.0
0.00782
1.0
1.0
-0.074363
1.0
1.0
0.625568
1.0
1.0
0.581319
0.889597
1.0

0.875746
0.785127
-0.102574
0.34043
0.483693
1.0
0.736923
0.394945
-0.156599
1.0
1.0
0.082349
0.950256
0.625861
0.632601
1.0
1.0
0.932528
1.0
1.0

-0.102187
0.131958
-0.439855
0.0
0.007885
1.0
1.0
0.27685
0.132985
1.0
1.0
0.0
0.563297
0.563297
1.0
1.0
1.0
0.347326
1.0
0.998901

0.252177
0.34305
-0.203195
-0.043317
0.344778
1.0
1.0
0.085495
0.025714
0.691062
1.0
-0.007484
1.0
0.34967
0.63011
1.0
1.0
0.264396
1.0
0.997729

0.405462
0.674662
0.038283
0.0
0.297887
1.0
1.0
0.417949
0.0
1.0
0.677436
-0.002675
0.684322
0.897802
1.0
1.0
0.999194
0.54337
1.0
0.99978

0.5595
0.56541
-0.381263
0.165059
0.0
1.0
0.764469
0.869963
0.035092
1.0
1.0
-0.074363
0.779414
1.0
1.0
0.935458
1.0
0.511575
0.99022
0.999487

0.875746
0.34305
-0.245641
0.0
0.36757
1.0
1.0
1.0
0.036058
0.861758
0.753333
0.0
0.54967
0.449451
0.63011
0.907766
1.0
0.405495
0.999487
0.889597

0.240877
0.210562
-0.540715
-0.048657
0.070625
1.0
1.0
0.570769
0.053553
1.0
1.0
0.0
1.0
1.0
0.681245
1.0
1.0
0.591722
0.848278
0.66337

0.508963
0.578267
-0.32599
0.037577
0.344778
1.0
1.0
0.096044
0.084029
0.875824
1.0
0.0
0.546154
1.0
1.0
0.935458
1.0
0.876117
0.398022
1.0

0.303714
0.658635
-0.472397
0.0
0.366098
1.0
1.0
0.057656
-0.137307
1.0
1.0
0.007693
0.449451
0.602857
0.870256
1.0
1.0
0.617949
1.0
1.0

