closed_b
Left

0.323934
0.092723
0.236045
0.305072
0.465973
1.0
1.0
0.053846
0.010476
0.0
0.0
0.0
0.0
0.0
0.013114
0.0
0.0
0.015751
0.0
0.0

0.457051
-0.001978
0.129264
0.156735
0.321141
1.0
1.0
0.185714
0.0
0.0
0.0
0.0
0.0
0.0
0.0
0.0
0.0
0.0
0.0
0.0

0.191957
0.092097
0.279226
0.324362
0.497931
1.0
1.0
0.03304
0.004029
0.0
0.0
0.0
0.0
0.0
0.0
0.0
0.0
0.004615
0.0
0.0

0.254311
-0.188472
-0.0778
0.186208
0.217246
1.0
1.0
0.363297
0.0
0.0
0.0
0.022784
0.0
0.0
0.231944
0.0
0.0
0.0
0.0
0.0

0.517664
-0.590228
0.140685
0.163176
0.171568
1.0
1.0
0.005495
0.0
0.0
0.0
0.0
0.0
0.0
0.052381
0.0
0.0
0.0
0.0
0.0

0.592052
0.093841
-0.049888
-0.050251
0.180654
1.0
1.0
0.142344
0.0
0.0
0.0
0.0
0.0
0.0
0.0
0.0
0.0
0.015751
0.0
0.0

0.173721
0.09514
-0.002423
0.121655
0.152788
1.0
1.0
0.011941
-0.011014
0.0
0.0
0.0
0.0
0.0
0.0
0.0
0.0
0.0
0.0
0.0

0.442235
-0.123034
0.140685
0.235699
0.47262
1.0
1.0
0.0
0.008718
0.0
0.0
0.017216
0.0
0.0
0.231944
0.0
0.0
0.0
0.0
0.0

0.365823
-0.04186
0.343762
0.295982
0.258979
1.0
0.824835
0.107619
0.0
0.0
0.0
0.182491
0.0
0.0
0.010769
0.0
0.0
0.037436
0.0
0.0

0.554619
-0.017184
0.343762
0.139123
0.203325
1.0
0.636703
0.314359
0.031575
0.0
0.0
0.015165
0.0
0.0
0.0
0.0
0.0
0.0
0.0
0.0

0.204387
0.062839
0.140685
0.305072
0.266565
1.0
1.0
0.742198
0.0
0.0
0.0
0.042125
0.0
0.0
0.0
0.0
0.0
0.0
0.0
0.0

0.323934
-0.053113
-0.035828
0.120039
0.287103
1.0
0.824835
0.158755
0.0
0.0
0.0
0.053846
0.0
0.0
0.0
0.0
0.0
0.015458
0.0
0.0

0.119499
0.172277
0.236045
0.295651
0.261717
1.0
1.0
0.047399
0.008718
0.0
0.0
0.0
0.0
0.0
0.021319
0.0
0.0
0.0
0.0
0.0

0.365823
-0.104698
-0.104914
0.227525
0.258979
1.0
1.0
0.326374
-0.099162
0.0
0.0
0.0
0.0
0.0
0.017216
0.0
0.0
0.063223
0.0
0.0

0.099591
-0.017184
-0.0778
0.115339
0.287103
1.0
1.0
0.016044
0.017216
0.0
0.0
0.009304
0.0
0.0
0.0
0.0
0.0
0.0
0.0
0.0

0.551728
-0.017184
0.16556
0.120039
0.195435
1.0
0.824835
1.0
0.0
0.0
0.0
0.0
0.0
0.0
0.010769
0.0
0.0
0.017802
0.0
0.0

0.28244
-0.054429
0.029838
0.115339
0.240193
1.0
1.0
0.167399
0.093114
0.0
0.0
0.0
0.0
0.0
0.0
0.0
0.0
0.004615
0.0
0.0

0.500307
-0.123034
0.025907
0.186208
0.343116
1.0
1.0
0.067326
0.051795
0.0
0.0
0.0
0.0
0.0
0.052381
0.0
0.0
0.016337
0.0
0.0

