curved_l
Left

0.058804
0.255382
-0.058804
-0.012874
-0.046665
0.161008
0.0
0.0
0.132967
0.927106
0.927106
0.694139
0.998315
0.998315
0.312308
1.0
1.0
0.346593
1.0
1.0

0.013435
0.272507
-0.020748
-0.129282
-0.162002
0.339083
0.0
0.0
0.05619
0.312161
0.312161
0.957582
0.998315
0.998315
0.342198
1.0
1.0
0.362711
1.0
1.0

-0.309974
0.237631
0.0
0.002333
-0.004946
0.103786
0.0
0.0
0.208865
0.25033
0.25033
1.0
0.998315
0.998315
0.771648
1.0
1.0
0.838315
1.0
1.0

0.636867
-0.103685
0.0
0.0
0.0
0.0
-0.228001
-0.142405
0.689451
0.715238
0.715238
1.0
1.0
0.999194
1.0
0.892528
0.961099
1.0
1.0
1.0

1.0
0.0
-0.440165
0.049603
0.0
0.0
-0.029832
-0.064481
0.0
0.261026
0.182491
0.741905
0.998315
1.0
0.685348
1.0
1.0
1.0
1.0
0.997729

0.33669
0.008255
-0.388916
0.0
0.0
0.516268
0.0
-0.156751
1.0
0.800659
0.287399
0.99978
1.0
1.0
0.827473
1.0
1.0
1.0
1.0
1.0

-0.090431
-0.100078
0.0
0.0
0.0
0.042396
-0.063949
-0.020509
0.50044
0.312161
0.054725
1.0
1.0
1.0
1.0
1.0
1.0
0.432454
1.0
1.0

0.795302
0.263088
0.0
0.0
0.0
0.516268
-0.335811
0.0
0.076703
0.502784
0.98337
1.0
0.938095
1.0
0.771648
0.901612
1.0
0.649304
0.999194
1.0

-0.082054
0.272507
0.0
0.0
0.0
0.0
0.033333
-0.029867
0.282418
1.0
0.058535
1.0
1.0
0.998608
1.0
1.0
1.0
1.0
1.0
1.0

0.3428
0.081058
-0.000197
0.0
0.0
0.0
-0.083093
-0.017374
0.339854
0.016923
0.25033
1.0
1.0
0.825714
1.0
1.0
1.0
0.925055
1.0
0.999487

1.0
0.074466
0.0
0.0
0.0
0.0
-0.25611
-0.030846
0.765641
0.431282
0.261026
0.694139
0.998608
0.99978
1.0
1.0
1.0
1.0
0.761978
0.824835

0.303429
0.311063
0.0
0.020589
0.031517
0.0
-0.113959
-0.026174
0.104835
0.347473
0.147619
1.0
0.948791
1.0
0.827473
0.984982
0.961099
1.0
0.99978
1.0

0.738686
-0.114535
0.0
0.0
0.0
0.038673
-0.218753
-0.043965
0.172234
0.197436
0.830989
1.0
1.0
1.0
1.0
1.0
1.0
1.0
1.0
0.781758

0.417873
1.724736
0.0
0.0
0.0
0.0
-0.207135
0.0
0.571648
0.119487
0.016923
1.0
1.0
1.0
1.0
1.0
1.0
1.0
1.0
1.0

0.615797
0.272507
-0.080765
0.0
2.1e-05
0.014034
-0.335811
-0.008861
0.512161
0.630843
0.23641
1.0
1.0
0.998608
1.0
0.906154
1.0
1.0
0.824103
0.99978

0.872608
-0.024569
0.0
0.0
0.0
0.0
0.0
-0.099531
0.208865
0.261026
0.409597
0.774579
0.998315
0.99978
1.0
1.0
1.0
0.346593
0.230549
0.852674

-0.309974
0.0
0.0
0.0
0.126832
0.0
0.055897
-0.010436
0.239272
0.448718
0.670696
1.0
0.998022
1.0
1.0
0.960513
1.0
1.0
0.999487
1.0

0.855037
-0.100078
-0.000197
-0.129282
-0.253969
0.0
-0.018238
-0.030846
0.0
0.119487
0.077582
1.0
0.999194
1.0
1.0
1.0
1.0
1.0
1.0
1.0

