curved_v
Left

0.476609
0.39792
-0.054429
0.198036
0.145182
1.0
1.0
0.079927
0.000806
1.0
1.0
0.0
0.793187
0.793187
0.346886
1.0
1.0
0.893993
1.0
1.0

0.356256
0.453429
0.035263
0.116526
0.140343
1.0
1.0
0.016337
0.0
1.0
1.0
0.0
0.624689
0.624689
0.306447
1.0
1.0
0.871722
1.0
1.0

0.212499
0.424965
-0.009384
0.153069
0.196803
1.0
1.0
0.0
0.002564
1.0
1.0
0.0
0.518022
0.518022
0.232894
1.0
1.0
0.754212
1.0
1.0

1.0
0.339348
-0.338857
0.0
0.36115
1.0
1.0
0.258681
0.050623
0.461172
0.35011
0.139267
0.216777
0.550843
0.858828
1.0
1.0
0.261758
1.0
0.998901

0.755678
0.225778
-0.373702
0.0
0.396181
1.0
1.0
0.0
-0.003308
0.905714
0.465275
0.161099
0.464982
0.216777
1.0
1.0
1.0
0.607399
1.0
0.997729

0.591803
0.124039
-0.285606
0.0
-0.229634
1.0
0.293846
0.293846
0.084908
0.151429
0.370623
0.010769
0.270696
0.06967
0.840366
1.0
1.0
0.507033
0.99978
1.0

0.752298
0.248041
-0.358013
0.082667
0.36115
1.0
1.0
0.43685
0.002564
0.289744
0.375751
0.0
0.270696
0.624689
1.0
1.0
1.0
0.839194
0.794652
1.0

0.762879
0.255505
-0.349625
0.0
-0.034161
1.0
1.0
1.0
0.218095
0.375751
0.325495
0.022784
0.292674
0.304396
0.840366
1.0
1.0
0.765348
1.0
0.587179

1.0
0.275326
-0.538536
0.0
-0.005587
1.0
1.0
0.360366
0.272454
0.35011
0.465275
0.168718
0.486081
0.197143
1.0
1.0
1.0
0.541172
1.0
1.0

0.705778
0.227377
-0.379951
-0.177182
-0.180715
1.0
1.0
0.826886
0.026007
0.411941
0.375751
0.0
0.464982
0.486081
1.0
1.0
1.0
0.604908
0.794652
1.0

0.442784
-0.109303
-0.014542
0.0
-0.034161
1.0
1.0
0.822491
0.028645
0.465275
0.290476
0.0
0.108645
0.55304
1.0
1.0
1.0
0.732527
0.998901
0.99978

0.652491
0.124039
-0.168604
0.0
0.058235
1.0
0.390843
0.0
0.033626
0.506593
0.422491
-0.084718
0.124176
0.322564
1.0
1.0
0.999487
0.708205
0.538535
1.0

0.619986
0.453429
-0.133134
0.001083
-0.081795
1.0
1.0
0.058535
0.051502
0.465275
0.292381
0.0
0.216777
0.372674
1.0
1.0
1.0
0.772674
1.0
1.0

0.240978
0.380466
-0.150315
0.0
0.188919
1.0
1.0
0.822491
0.084908
1.0
0.449011
0.139267
0.108645
0.289744
0.858828
1.0
1.0
0.612381
1.0
0.999194

0.585869
0.366215
0.0735
-0.031406
-0.074347
1.0
1.0
0.0
0.0
0.69956
0.212088
0.026886
0.292674
0.486081
1.0
1.0
0.999194
0.710842
0.998901
0.998901

0.242361
0.089151
-0.168604
0.0
0.287325
1.0
1.0
0.369158
0.022784
0.465275
0.422491
0.262491
0.624689
0.372674
1.0
0.999487
1.0
0.289304
0.999487
0.794652

0.212499
0.295484
-0.047837
0.068112
0.071743
1.0
1.0
0.494579
0.0
0.207106
0.148498
0.0
0.372674
0.339561
0.770037
1.0
1.0
0.576777
1.0
1.0

0.450295
0.349665
-0.347997
0.033864
0.234431
1.0
0.493993
0.666154
0.034799
0.463077
0.375751
0.0937
0.161099
0.309084
0.865568
1.0
1.0
0.74337
0.99978
0.99978

