curved_1
Left

0.48901
0.159994
0.121538
0.407057
0.531478
1.0
0.754212
0.0
0.350989
0.590842
0.590842
0.832161
0.998315
0.998315
0.481099
1.0
1.0
0.357143
1.0
1.0

0.409003
0.165758
0.250913
0.454818
0.632141
1.0
0.656337
0.025714
0.046227
0.720806
0.720806
0.631136
0.998315
0.998315
0.418095
1.0
1.0
0.311429
1.0
1.0

0.197037
0.185388
0.158573
0.610767
0.794509
1.0
1.0
0.671429
0.071429
0.874066
0.874066
0.843004
0.998315
0.998315
0.493407
1.0
1.0
0.472601
1.0
1.0

0.821449
-0.146284
-0.057268
0.0
0.0
1.0
1.0
0.469231
0.225487
0.142051
0.727253
0.915678
1.0
1.0
1.0
1.0
1.0
0.656044
1.0
1.0

1.0
0.049357
-0.183297
0.018133
0.021945
1.0
1.0
0.149963
0.536191
0.291502
0.71641
1.0
0.998608
1.0
0.952015
1.0
1.0
0.095526
1.0
0.998901

1.0
0.424612
0.0
0.0
-0.270979
1.0
1.0
0.988645
-0.080378
0.71641
1.0
1.0
1.0
1.0
1.0
1.0
1.0
0.895311
1.0
1.0

0.937326
0.206047
-0.145413
0.0
-0.01297
1.0
1.0
1.0
0.461758
0.488718
0.874066
1.0
1.0
1.0
0.418095
1.0
1.0
0.642271
1.0
1.0

1.0
0.231898
0.0
0.046951
0.021945
1.0
1.0
1.0
0.042711
0.307326
0.727253
0.944103
1.0
1.0
1.0
1.0
1.0
0.274799
0.814872
1.0

0.614631
-0.092171
-0.183297
0.0
0.099995
0.97495
1.0
1.0
0.046227
0.650769
0.115531
0.832161
1.0
0.99978
1.0
1.0
1.0
0.614725
1.0
1.0

1.0
0.03478
0.0
0.018133
0.422505
1.0
1.0
0.671429
0.140879
0.226154
0.278608
1.0
0.998022
1.0
1.0
1.0
1.0
0.61326
1.0
1.0

0.961604
-0.378769
-0.009015
0.0
-0.118384
1.0
1.0
0.405788
0.29707
0.232015
1.0
1.0
1.0
1.0
0.88696
1.0
1.0
0.894286
0.997729
1.0

0.735448
0.063362
0.0
0.0
0.0
1.0
0.656337
1.0
0.461758
0.33033
0.72989
1.0
1.0
1.0
1.0
1.0
1.0
0.918608
1.0
1.0

1.0
0.336553
0.0
-0.150048
0.0
1.0
0.925934
1.0
0.376044
0.659121
0.33033
1.0
1.0
1.0
1.0
1.0
0.143516
0.834213
0.580586
1.0

0.663191
-0.113308
0.000231
0.0
0.044343
1.0
0.999487
0.588205
0.056777
0.523004
0.307326
1.0
0.059414
1.0
1.0
1.0
1.0
0.642271
0.997729
1.0

0.961604
-0.088146
-0.066844
0.0
0.005127
1.0
0.944103
1.0
0.067912
0.115531
0.318755
1.0
0.998608
0.998315
1.0
1.0
1.0
0.856191
0.99978
1.0

-0.072234
0.120668
-0.173693
0.0
0.099995
1.0
1.0
1.0
0.088132
0.318755
1.0
0.778828
0.998315
0.998022
1.0
0.143516
1.0
0.508938
1.0
1.0

0.961604
-0.230919
0.0
0.0
0.106964
1.0
1.0
0.405495
0.221087
0.590842
0.535897
1.0
1.0
0.999194
1.0
1.0
1.0
1.0
0.999487
0.997729

1.0
-0.159433
-0.140766
0.0
0.161775
1.0
1.0
1.0
0.26674
0.354799
0.650769
1.0
1.0
1.0
1.0
1.0
1.0
1.0
0.99978
1.0

