d
Left

0.704464
0.354764
0.26882
0.321001
0.347906
1.0
0.244615
0.015751
0.0
0.0
0.0
0.298828
0.749524
0.749524
0.376777
1.0
1.0
0.222637
0.585275
0.585275

0.559354
0.105504
0.253199
0.395727
0.545469
1.0
0.0
0.0
0.0
0.0
0.0
0.165788
0.621465
0.621465
0.149377
0.953187
0.953187
0.084029
0.435971
0.435971

0.427217
0.215903
0.335135
0.526376
0.737666
1.0
0.185714
0.0
0.0
0.000806
0.000806
0.167399
0.741026
0.741026
0.175458
1.0
1.0
0.158462
0.56989
0.56989

0.965848
0.08511
-0.790896
0.592865
-0.170352
1.0
0.198315
0.13326
-0.113553
0.0
0.0
0.592747
0.741319
0.806081
0.175458
0.949084
0.695165
0.220879
0.831136
0.456484

0.831137
0.006256
-0.22329
0.43493
0.337892
1.0
0.043883
0.084029
0.0
0.0
0.0
0.367985
0.834799
0.438315
0.505128
0.867619
0.741612
0.037143
0.555824
0.51011

0.649673
-0.001967
0.168632
0.394684
0.475721
1.0
0.838608
0.63685
-0.216013
0.0
0.0
0.841538
0.608571
0.80315
0.183663
0.953187
0.497802
0.248425
0.261026
0.309377

0.835317
0.571339
0.000133
-0.03694
-0.051348
1.0
0.634066
0.007546
0.0
0.0
0.0
0.429524
0.621465
0.80315
0.450769
1.0
0.472454
0.248425
0.449451
0.829817

0.967407
0.478614
0.509598
0.215229
-0.099382
1.0
1.0
0.008132
-0.101212
0.0
0.0
1.0
0.515678
0.658095
0.261319
0.687399
0.232601
0.337802
1.0
0.287692

0.682775
0.011209
-0.08325
0.142115
-0.002172
1.0
0.30293
0.0
-0.075616
0.00696
0.0
0.361538
0.554945
0.546447
0.326667
0.772381
0.501319
0.193919
0.998901
0.83011

0.654113
0.095683
0.168632
0.13447
0.545469
1.0
0.013407
0.012821
0.010052
0.0
0.0
0.395238
1.0
0.780879
0.178974
0.772381
0.774432
0.248864
0.448278
0.175458

0.93748
-0.07163
0.0
-0.359867
-0.031717
1.0
0.583516
0.0
0.009304
0.0
0.0
0.420293
0.678462
0.806081
0.264542
0.443297
0.068498
0.395824
0.876996
0.831136

0.682775
0.161817
0.02973
0.43493
-0.129435
1.0
0.032454
0.035092
0.045934
0.0
0.0
0.241538
0.834799
1.0
0.226007
0.774432
0.741612
0.052088
0.175458
0.573407

0.914011
0.810906
0.025233
0.13447
-0.099382
1.0
1.0
0.113187
0.0
0.0
0.0
0.997216
0.158462
0.580147
0.562271
0.565495
0.640073
0.193919
0.88989
0.7337

0.944469
0.384659
-0.027719
0.386337
-0.113039
1.0
0.872015
0.008132
0.265421
0.0
0.0
0.241538
0.304103
0.780879
0.289597
1.0
0.669231
0.126813
1.0
0.88989

0.654113
0.340487
0.036955
0.228204
-0.11283
1.0
0.122564
0.353919
0.010052
0.000806
0.0
0.748059
0.658095
0.590696
0.175458
0.741612
0.645348
0.037143
0.998901
0.611502

0.917862
0.169583
-0.158524
0.394684
0.167888
1.0
0.369451
0.055018
0.0
0.02044
0.0
0.323736
0.554945
0.80315
0.175458
0.360366
0.918608
0.14
0.435971
1.0

0.8636
0.810906
-0.278343
0.018371
0.790585
1.0
0.232601
0.015751
0.0
0.0
0.0
0.417656
0.386447
0.99978
0.289597
1.0
0.640073
0.113333
1.0
0.910843

0.965848
-0.150971
-0.10241
-0.445785
-0.099382
1.0
0.084029
0.0
0.0
0.0
0.0
0.458388
0.687399
0.4537
0.189524
1.0
1.0
0.158462
1.0
1.0

