e
Left

1.0
-0.171935
-0.074555
0.221766
0.726855
1.0
1.0
1.0
0.190926
1.0
1.0
0.157289
0.998315
0.998315
0.210916
0.933846
0.933846
0.24359
1.0
1.0

1.0
0.036771
0.019328
0.001377
0.204514
1.0
1.0
1.0
0.082831
1.0
1.0
0.014872
0.998315
0.998315
0.124322
0.865275
0.865275
0.205348
1.0
1.0

0.997554
0.053088
-0.044915
-0.064478
0.210053
1.0
1.0
1.0
0.015751
1.0
1.0
0.001099
0.996264
0.996264
0.066447
0.841392
0.841392
0.250183
1.0
1.0

-0.332052
-0.171935
-0.283862
-0.341998
0.163729
0.430886
1.0
1.0
-0.232444
1.0
1.0
0.027473
1.0
1.0
0.0
1.0
1.0
0.250183
0.748645
0.530476

0.315383
0.071026
-0.148077
0.060498
0.050537
1.0
1.0
1.0
0.0
1.0
1.0
-0.149838
1.0
1.0
0.0
1.0
0.999194
0.188352
0.669524
0.997729

0.217713
0.349175
0.013156
-0.0108
-0.375142
1.0
1.0
1.0
-0.135596
1.0
1.0
-0.253326
0.99978
0.99978
0.051255
1.0
1.0
0.0
1.0
1.0

0.81175
-0.066705
-0.238522
-0.096797
-0.139182
1.0
1.0
1.0
-0.159365
1.0
1.0
0.018681
1.0
0.865421
0.0
0.948059
1.0
0.183956
1.0
0.707326

1.0
-0.368956
-0.288512
0.221766
0.0
1.0
1.0
1.0
0.005788
0.99978
1.0
-0.021432
1.0
0.998608
0.042418
0.999194
1.0
0.001194
0.669524
0.91978

0.997554
0.156922
-0.244632
-0.176993
-0.25021
1.0
1.0
0.977326
-0.087538
1.0
1.0
0.006374
0.998608
0.994506
0.210916
0.572821
1.0
-0.024863
0.707326
0.748645

1.0
0.076209
-0.123499
0.060498
-0.519399
0.924958
1.0
1.0
-0.166113
1.0
1.0
-0.021432
0.911722
0.78674
0.051743
0.761245
1.0
0.016194
1.0
1.0

0.401708
-0.171935
-0.123106
0.003522
-0.193704
0.496038
1.0
1.0
0.190926
1.0
1.0
0.0
0.865421
0.998608
0.0
0.999194
1.0
0.154945
1.0
1.0

0.529586
0.16805
-0.103764
-0.043283
0.0
1.0
1.0
1.0
-0.187197
1.0
1.0
0.160971
0.998608
1.0
0.131549
1.0
1.0
0.192747
0.91978
1.0

0.850453
0.075687
-0.076811
-0.057088
0.204514
1.0
1.0
1.0
-0.165759
1.0
1.0
-0.117425
1.0
0.911722
-0.0194
1.0
0.948059
0.064396
1.0
1.0

0.806028
-0.017359
-0.32258
0.019448
0.058242
1.0
1.0
1.0
-0.221796
1.0
1.0
-0.149838
1.0
1.0
0.171825
1.0
1.0
0.21663
1.0
0.530476

-0.460541
0.6037
-0.161604
-0.341998
-0.05282
1.0
1.0
1.0
-0.102257
1.0
1.0
-0.050556
1.0
1.0
-0.129896
0.731795
0.865275
0.070549
0.396996
0.869377

0.303655
0.082664
-0.148077
-0.20203
-0.25021
1.0
1.0
0.681538
-0.210761
0.99978
1.0
-0.145855
1.0
0.998608
0.017879
1.0
0.708791
0.039194
1.0
0.997729

0.81175
-0.067486
-0.347037
-0.217315
-0.232501
1.0
1.0
1.0
-0.077572
1.0
1.0
-0.021803
1.0
1.0
0.025128
1.0
0.933846
0.07348
0.688278
0.669524

1.0
0.16805
-0.096523
-0.057088
-0.016201
1.0
1.0
1.0
-0.07173
0.99978
1.0
-0.117425
0.911722
0.998608
0.32945
1.0
1.0
0.0
1.0
0.247839

