flat_1
Left

0.12901
0.0
0.0
0.0
0.0
1.0
1.0
0.197436
1.0
0.148498
0.148498
1.0
0.779707
0.779707
1.0
0.724615
0.724615
1.0
1.0
1.0

0.474977
0.0
0.0
0.0
0.0
1.0
1.0
0.036264
1.0
0.071136
0.071136
1.0
0.998315
0.998315
1.0
1.0
1.0
1.0
1.0
1.0

0.248762
0.0
0.0
0.0
0.0
1.0
1.0
0.798755
1.0
0.052674
0.052674
1.0
0.651795
0.651795
1.0
1.0
1.0
1.0
0.997436
0.997436

0.756329
-0.306101
0.0
0.0
0.109769
1.0
0.935897
0.675971
1.0
0.023663
0.033333
1.0
0.664395
0.779707
1.0
1.0
0.999194
0.757436
0.997729
0.997436

0.550657
0.0
0.0
0.0
0.07609
1.0
1.0
0.474359
0.830403
0.0
0.025421
0.627033
0.998608
0.931502
1.0
0.72696
0.724615
0.658681
1.0
1.0

1.0
-2.557061
0.0
0.0
0.0
1.0
1.0
1.0
0.457656
0.043297
0.0
0.632454
0.441539
1.0
1.0
1.0
0.909524
0.641539
0.982491
1.0

0.506936
0.0
0.0
0.0
0.0
1.0
0.959927
1.0
1.0
0.0
0.142491
1.0
1.0
1.0
1.0
1.0
1.0
0.754506
1.0
0.998901

0.982611
0.014082
0.0
0.0
0.040468
1.0
0.562857
0.465128
0.87641
0.0
0.040366
0.627033
0.998022
1.0
1.0
1.0
1.0
1.0
1.0
0.997729

0.234085
-0.76678
0.0
0.0
0.248353
1.0
1.0
0.016923
1.0
0.198901
0.025421
1.0
0.999194
0.394505
1.0
1.0
1.0
1.0
1.0
1.0

0.708438
-0.306101
0.0
0.0
0.202943
1.0
0.818095
0.016923
0.352308
0.056777
0.062637
0.715238
1.0
1.0
0.805495
1.0
1.0
0.534432
1.0
1.0

0.696217
0.05285
0.0
0.0
0.07609
1.0
1.0
0.24989
0.953773
0.0
0.039487
1.0
0.702637
0.999194
1.0
1.0
1.0
0.901905
1.0
0.91348

0.234085
0.0
0.0
0.0
0.0
1.0
0.741612
0.000513
1.0
0.084615
0.023663
1.0
1.0
0.998022
1.0
1.0
1.0
0.721685
1.0
1.0

0.406383
0.05285
0.0
0.0
0.07609
1.0
0.818095
0.675971
0.36652
0.148498
0.050037
1.0
1.0
1.0
1.0
0.955678
1.0
0.809011
1.0
1.0

0.829936
0.0
-0.417729
0.0
0.222245
1.0
1.0
0.123004
0.953773
0.033333
0.0
1.0
0.99978
1.0
1.0
1.0
1.0
1.0
1.0
1.0

0.370575
-0.92816
-0.362958
0.0
0.0
1.0
0.504982
0.798755
1.0
0.0
0.08315
1.0
0.999194
0.998022
1.0
1.0
1.0
0.881685
1.0
0.99978

0.653896
-0.494738
0.0
0.0
-0.557816
1.0
1.0
1.0
1.0
0.0
0.055018
0.684029
0.998022
1.0
1.0
1.0
0.819267
0.848865
1.0
0.99978

0.070246
0.05285
-0.014002
0.0
0.422344
1.0
1.0
0.478169
0.51685
0.0
0.043297
0.649304
0.998608
0.779707
1.0
1.0
1.0
0.992235
1.0
1.0

-0.176074
-0.76678
-0.421846
0.0
0.221382
1.0
1.0
0.465128
0.96022
0.027473
0.0
1.0
1.0
1.0
1.0
1.0
1.0
1.0
0.997729
1.0

