flat_ily
Left

-0.65601
0.0
0.0
0.0
0.0
0.625785
1.0
0.346007
1.0
0.362125
0.362125
1.0
0.998315
0.998315
1.0
1.0
1.0
1.0
0.079927
0.079927

-0.456406
0.0
0.0
0.0
0.0
0.731432
0.271282
0.151136
1.0
0.134579
0.134579
1.0
0.931355
0.931355
1.0
1.0
1.0
1.0
0.027766
0.027766

-0.470392
0.0
0.0
0.0
0.0
0.721883
0.069377
0.084615
1.0
0.111282
0.111282
1.0
0.741905
0.741905
1.0
1.0
1.0
1.0
0.002857
0.002857

-0.155415
0.0
0.0
0.0
-0.634572
0.25085
0.146447
0.361538
1.0
0.045348
0.108059
1.0
0.99978
0.998608
1.0
1.0
1.0
0.821612
0.002857
0.270403

-0.478201
-0.487605
0.0
0.0
-0.465946
0.625785
0.117289
0.03011
1.0
0.05326
0.0
1.0
0.704542
0.94
1.0
1.0
0.964322
0.821612
0.0
0.0

-0.23884
-0.1728
0.0
0.0
-0.31177
0.731432
0.387033
0.205212
1.0
0.077289
0.03978
0.999487
1.0
1.0
1.0
0.654286
1.0
1.0
0.169597
0.136777

-0.121447
0.0
0.0
0.0
0.0
0.192544
-0.132625
0.035678
1.0
0.040366
0.0
1.0
0.797289
1.0
1.0
0.566374
0.455018
0.961099
0.0
0.0

-0.418264
0.0
0.0
0.0
-0.065942
0.0
-0.152937
0.0
1.0
0.010183
0.13326
1.0
0.99978
0.771941
1.0
1.0
1.0
1.0
0.007253
0.169597

-0.321958
0.0
-0.000367
0.0
-0.619291
0.721883
0.271282
0.112454
1.0
0.11685
0.037436
1.0
0.702931
1.0
0.977216
0.55348
1.0
0.732235
0.091062
0.006374

-0.377651
0.0
0.0
0.0
0.083801
0.0
0.038608
0.0
0.541172
0.008425
0.04652
0.881099
1.0
1.0
1.0
1.0
1.0
0.692088
0.004908
0.0

-0.470392
-0.352451
-0.000513
0.0
0.0
0.326318
0.0
0.0
1.0
0.033333
0.019267
1.0
1.0
1.0
1.0
1.0
0.455018
0.960952
0.161099
0.0

-0.155415
-0.834612
0.0
0.0
0.0
0.624765
0.063516
0.0
0.909817
0.060586
0.044762
0.99978
0.988864
0.844908
1.0
0.869231
0.447692
0.887253
0.0
0.082857

-0.456406
0.0
0.0
0.0
-0.619291
0.25085
0.0
0.151136
1.0
0.0
0.108059
1.0
0.671575
0.828205
1.0
1.0
0.553333
0.666593
0.0
0.0

-0.283228
0.0
0.0
0.0
-0.275474
0.0
0.055311
0.083022
1.0
0.037436
0.0
1.0
0.791429
1.0
1.0
1.0
1.0
1.0
0.001392
0.007253

-0.485334
0.0
0.0
0.0
0.510629
0.721883
0.052088
0.0
1.0
0.033333
0.064982
1.0
0.741905
0.998608
1.0
0.566374
1.0
0.719194
0.007253
0.0

-0.416118
0.0
0.0
0.0
-0.006808
0.192544
0.146447
-0.129895
0.485788
0.0
0.0
1.0
0.741905
1.0
1.0
1.0
1.0
0.732235
0.161099
0.0

-0.418264
0.0
0.0
0.0
-0.465946
0.391779
0.271282
0.007881
1.0
0.0
0.0
0.99978
0.574579
1.0
1.0
0.405202
0.607692
1.0
0.0
0.0

-0.184515
0.0
0.0
0.0
-0.619291
0.296724
0.022491
0.0
0.915092
0.070842
0.019853
1.0
1.0
1.0
1.0
0.607692
0.813114
0.687399
0.0
0.030403

