flatspread_5
Left

0.647283
0.896594
0.261508
-0.149377
-0.396646
1.0
1.0
1.0
0.037143
0.055311
0.055311
0.0
0.0
0.0
-0.003049
0.0
0.0
0.003443
0.0
0.0

0.498624
0.677319
0.134613
-0.089359
-0.298507
1.0
1.0
1.0
0.097216
0.04652
0.04652
0.00696
0.0
0.0
0.0
0.0
0.0
0.005495
0.0
0.0

0.543988
0.78778
0.370876
0.036851
-0.303582
1.0
1.0
0.99978
0.026007
0.080513
0.080513
0.0
0.0
0.0
0.0
0.0
0.0
0.0
0.0
0.0

0.159501
0.493378
0.102413
-0.297317
-0.761254
1.0
1.0
0.80989
0.0
0.022491
0.0
0.0
0.0
0.0
-0.07075
0.0
0.0
0.005495
0.0
0.0

0.318858
0.176617
0.065283
-0.192805
-0.953975
1.0
1.0
0.026593
-0.204541
0.0
0.025421
-0.144116
0.0
0.0
0.0
0.0
0.0
0.006081
0.0
0.0

-0.171376
0.953774
0.038219
-0.181851
-0.689163
1.0
1.0
0.557876
-0.225341
0.0
0.023077
-0.025281
0.0
0.0
0.0
0.0
0.0
-0.086225
0.0
0.0

-0.411696
0.665769
-0.18327
-0.146912
-0.365995
1.0
1.0
1.0
-0.107956
0.003736
0.0
-0.263653
0.0
0.0
0.062051
0.0
0.0
0.0
0.0
0.0

0.674324
0.568466
0.041236
-0.107952
-0.466275
1.0
0.912747
0.026593
0.0
0.0
0.006667
-0.144116
0.0
0.0
-0.130776
0.0
0.0
-0.092025
0.0
0.0

0.614164
0.644842
0.092559
0.122172
-0.775238
1.0
1.0
1.0
0.097216
0.0
0.0
0.0
0.0
0.0
-0.021193
0.0
0.0
-0.072531
0.0
0.0

0.498624
0.693455
0.112118
0.012972
-0.466275
1.0
1.0
0.28022
0.187326
0.0
0.0
-0.170237
0.0
0.0
0.0
0.0
0.0
0.006081
0.0
0.0

0.357116
0.270424
0.199452
0.523557
-1.250766
1.0
0.980733
0.78967
-0.136099
0.002564
0.0
-0.146609
0.0
0.0
-0.209165
0.0
0.0
0.0
0.0
0.0

0.704826
0.644842
0.82796
-0.181851
-0.322963
1.0
0.723443
0.947912
-0.148226
0.034799
0.0
-0.084572
0.0
0.0
0.0
0.0
0.0
0.0
0.0
0.0

0.219527
0.043917
0.130552
-0.080213
-0.322963
1.0
1.0
0.0
0.104561
0.0
0.0
-0.121542
0.0
0.0
0.062051
0.0
0.0
-0.082496
0.0
0.0

0.498624
0.086073
0.217334
-0.297317
-0.243645
1.0
1.0
0.797582
-0.155458
0.0
0.0
0.0
0.0
0.0
-0.024045
0.0
0.0
0.0
0.0
0.0

0.318858
0.568963
0.102413
-0.228729
-0.760624
1.0
1.0
1.0
0.118022
0.016337
0.0
-0.144116
0.0
0.0
-0.095964
0.0
0.0
-0.23753
0.0
0.0

0.307209
0.178384
-0.354472
-0.219303
-0.292028
1.0
1.0
0.295604
-0.244935
0.022491
0.009304
0.0
0.0
0.0
-0.009371
0.0
0.0
-0.042864
0.0
0.0

0.675367
0.190466
0.102413
0.149341
-0.395912
1.0
1.0
0.184396
0.0
0.0
0.015165
0.0
0.0
0.0
-0.097015
0.0
0.0
-0.021567
0.0
0.0

0.318361
0.644842
0.065283
-0.270671
-0.554396
1.0
1.0
0.466154
0.040952
0.0
0.0
-0.005451
0.0
0.0
-0.121013
0.0
0.0
0.0
0.0
0.0

