flat_v
Left

0.605225
-0.090168
-0.115685
-0.014462
0.0
1.0
1.0
0.035385
0.62
0.0
0.0
0.792308
0.0
0.0
0.91685
1.0
1.0
1.0
1.0
1.0

0.42551
-0.002985
-0.049471
0.0
0.0
1.0
1.0
0.0
0.937656
0.014872
0.014872
0.812821
0.0
0.0
1.0
1.0
1.0
1.0
1.0
1.0

0.508919
0.09294
0.069254
0.0
0.0
1.0
1.0
0.250183
0.874066
0.0
0.0
0.92359
0.0
0.0
1.0
1.0
1.0
1.0
1.0
1.0

0.716854
-0.271712
-0.506005
0.0
0.124314
1.0
0.401978
0.191429
0.284176
0.0
0.00989
0.270403
0.0
0.0
0.881392
1.0
1.0
0.591282
0.999487
1.0

1.0
1.026081
0.00878
0.140755
-0.513494
1.0
0.367985
0.077875
0.248718
0.01663
0.0
0.562857
0.034799
0.0
1.0
1.0
1.0
0.745714
1.0
1.0

0.831221
-0.449347
-0.64756
0.0
0.007739
1.0
1.0
0.0
0.28359
0.010476
0.055311
0.409744
0.0
0.0
0.446227
1.0
1.0
0.570183
1.0
1.0

0.998172
0.034124
-0.387799
0.0
0.308224
1.0
1.0
0.205494
0.937656
0.020733
0.0
0.344835
0.0
0.0
1.0
1.0
1.0
0.200366
0.99978
1.0

0.766528
0.288102
-0.264388
-0.339965
0.143941
1.0
0.861758
0.001685
0.147033
0.021319
0.005201
1.0
0.0
0.009304
0.895458
1.0
1.0
0.719634
1.0
1.0

0.572046
0.006072
0.262887
0.0
0.052476
1.0
1.0
0.074945
0.524176
0.014872
0.076703
0.844762
0.0
0.0
0.549963
1.0
1.0
0.781172
1.0
0.998901

0.998172
0.079393
0.0
0.082608
0.052476
1.0
1.0
0.0
0.325495
0.023956
0.015458
0.433626
0.144249
0.0
1.0
1.0
1.0
0.595678
0.999194
1.0

0.413059
0.09294
-0.182459
0.15169
0.25329
1.0
1.0
0.00315
0.394945
0.014872
0.076703
1.0
0.0
0.009304
1.0
1.0
1.0
0.603004
1.0
1.0

0.744599
-0.164721
0.0
0.0
0.044517
1.0
1.0
0.122125
0.62
0.0
0.014872
0.270403
0.0
0.0
0.826886
1.0
1.0
0.755092
1.0
0.998901

0.670887
0.275443
0.027141
0.0
0.202316
1.0
1.0
0.286227
0.366813
0.0
0.029231
0.632894
0.0
0.0
1.0
1.0
1.0
0.465568
1.0
0.997729

0.876325
-0.271712
-0.013127
-0.318227
0.0
1.0
0.829231
0.0
0.874066
0.0
0.0
0.46
0.0
0.0
1.0
1.0
1.0
0.697363
1.0
1.0

0.654163
0.079393
-0.593489
0.0
0.045459
1.0
0.377656
0.183223
0.38674
0.029231
0.0
0.713773
0.02044
0.009597
1.0
1.0
1.0
0.657216
0.999487
0.94967

0.605225
0.683614
-0.389671
-0.026889
0.078829
1.0
1.0
0.047985
0.135751
0.0
0.021026
0.805201
0.0
0.0
1.0
0.999487
0.999194
0.705128
1.0
1.0

0.938461
0.192417
0.069254
0.0
0.21184
1.0
0.522271
0.399341
0.311429
0.0
0.002564
0.411062
0.0
0.0
0.708498
1.0
1.0
0.224542
1.0
1.0

0.572046
-0.002985
0.0
-0.15755
0.616142
1.0
0.583956
0.236557
0.802711
0.009304
0.0
0.62674
0.144249
0.0
1.0
1.0
0.999487
1.0
1.0
0.998901

