g
Left

0.26315
-0.253014
0.0
0.0
0.0
1.0
0.0
0.0
0.75685
0.004322
0.004322
1.0
0.998315
0.998315
1.0
1.0
1.0
1.0
1.0
1.0

0.089527
-0.132388
0.0
0.0
0.0
1.0
0.0
0.0
0.86
0.0
0.0
1.0
0.998315
0.998315
1.0
1.0
1.0
1.0
1.0
1.0

0.290897
-0.19989
0.0
0.0
0.0
1.0
0.0
0.0
0.758022
0.0
0.0
1.0
0.998315
0.998315
1.0
1.0
1.0
1.0
1.0
1.0

0.544397
-0.667211
0.0
0.0
0.189204
0.700045
0.450037
0.0
0.312015
0.010769
0.0
1.0
1.0
1.0
1.0
1.0
1.0
1.0
1.0
1.0

0.727315
0.0
0.0
0.0
0.0
1.0
0.561392
0.0
0.241109
0.195092
0.012821
0.662491
0.99978
1.0
1.0
1.0
1.0
1.0
1.0
1.0

0.540669
0.0
0.0
0.0
0.0
1.0
0.0
0.301172
0.380293
0.0
0.063223
0.604469
0.998608
0.999194
0.562271
1.0
1.0
1.0
1.0
1.0

0.574776
-0.989856
0.0
0.0
0.113772
1.0
0.419268
0.0
0.634945
0.0
0.032454
1.0
1.0
1.0
1.0
1.0
1.0
0.930476
1.0
0.99978

0.79099
-0.810719
0.0
0.0
0.316652
1.0
0.0
0.0
1.0
0.0
0.0
1.0
1.0
1.0
1.0
1.0
1.0
1.0
1.0
1.0

0.511609
-1.045697
0.0
0.0
0.0
1.0
0.438315
0.0
0.595092
0.012527
0.0
1.0
0.998022
1.0
1.0
1.0
1.0
0.789084
0.999487
1.0

0.531902
-0.009235
0.0
0.0
0.189204
1.0
0.309963
0.301172
1.0
0.124615
0.0
1.0
1.0
1.0
1.0
1.0
1.0
0.799048
1.0
1.0

0.719705
0.0
0.131171
0.0
0.0
1.0
0.908352
0.0
0.726374
0.0
0.0
1.0
1.0
1.0
1.0
1.0
0.999487
1.0
0.999487
1.0

0.544397
-0.057026
0.017359
0.0
0.0
1.0
0.001392
0.035092
0.989377
0.054432
0.0
1.0
0.998022
0.998608
1.0
0.999487
1.0
0.789084
1.0
1.0

0.824619
-0.715795
-0.240727
0.0
0.0
1.0
0.293846
0.0
0.338828
0.0
0.054432
1.0
1.0
0.998315
1.0
1.0
1.0
1.0
1.0
0.999194

0.308111
0.0
0.0
0.0
0.189204
1.0
0.064103
0.0
0.758022
0.08315
0.011355
1.0
0.751575
0.999194
1.0
1.0
1.0
0.828059
1.0
1.0

0.868873
-0.698742
0.0
0.040023
0.00211
0.892496
0.494286
0.0
0.381172
0.009304
0.0
1.0
0.998022
1.0
1.0
1.0
0.958169
1.0
1.0
1.0

0.089527
-0.667211
0.0
0.0
0.035346
1.0
0.517143
0.011062
0.225275
0.053846
0.0
1.0
1.0
0.998315
1.0
1.0
1.0
1.0
1.0
1.0

0.4614
-0.267298
0.0
0.0
0.0
1.0
0.270843
0.0
0.874652
0.00989
0.0
0.884176
1.0
0.998608
1.0
0.999487
1.0
0.974286
1.0
0.998901

0.542478
0.315805
-0.006463
0.0
0.0
1.0
0.831722
0.058828
0.595092
0.124615
0.063223
0.829084
0.998022
1.0
1.0
1.0
1.0
1.0
0.99978
1.0

