goody_goody
Left

-0.092766
0.106666
0.251873
0.088819
0.139826
0.726383
0.0
0.029231
0.014579
0.005201
0.005201
0.070842
0.0
0.0
0.94
1.0
1.0
0.0
0.0
0.0

0.032523
0.328773
0.235006
0.119294
-0.111703
0.562051
0.0
0.0
-0.016362
0.0
0.0
0.0
0.0
0.0
0.433919
1.0
1.0
0.0
0.0
0.0

0.06053
0.217036
0.22585
0.156136
0.037234
0.647663
0.0
0.0
0.0
0.0
0.0
0.0
0.0
0.0
0.334286
1.0
1.0
0.0
0.0
0.0

0.186203
-0.082094
0.504053
0.0
-0.192235
0.140543
0.13326
0.0
0.0
0.0
0.0
0.070549
0.0
0.0
0.100586
0.978974
1.0
0.026593
0.093114
0.06

0.067499
-0.369291
-0.212081
0.0
0.166604
0.163669
0.0
0.0
0.011062
0.0
0.0
0.238755
0.0
0.0
1.0
1.0
0.812527
0.0
0.0
0.0

-0.429391
-0.199294
0.080432
0.273305
0.235146
0.270944
0.122125
0.0
0.0
0.0
0.0
0.167253
0.0
0.0
0.14
0.812527
1.0
0.0
0.200659
0.0

0.355472
0.106666
0.082038
0.252275
0.165983
0.763085
0.122125
0.0
0.007253
0.0
0.002857
0.201539
0.0
0.0
1.0
1.0
1.0
0.125641
0.0
0.093114

0.273671
0.102669
0.12795
0.0
0.15957
0.647663
0.150256
0.0
0.0
0.0
0.0
0.001099
0.0
0.0
1.0
1.0
0.706154
0.0
0.014579
0.067033

0.273982
0.080149
0.095359
0.036027
0.055133
0.196364
0.0
-0.066593
0.011062
0.0
0.0
0.395238
0.0
0.0
1.0
1.0
0.999487
0.047106
0.0
0.0

-0.206827
0.58081
-0.064328
0.184572
-0.037194
0.270944
0.147326
0.0
0.398755
0.0
0.0
0.0
0.0
0.0
0.418095
1.0
1.0
0.033919
0.060879
0.0

0.251044
0.102669
-0.096865
-0.161493
-0.332049
0.368594
-0.056878
0.0
0.045348
0.0
0.0
0.482857
0.0
0.0
0.612088
0.725788
0.706154
0.0
0.0
0.043297

0.570261
-0.059425
0.13497
0.091448
0.118019
0.588495
0.164029
0.0
0.0
0.0
0.0
0.034799
0.0
0.0
1.0
0.999487
1.0
0.087253
0.0
0.0

-0.182606
0.2639
0.158362
0.0
-0.086764
0.169494
0.0
0.0
0.398755
0.0
0.0
0.542051
0.0
0.0
0.279048
0.999487
0.725788
0.028645
0.008425
0.007839

0.549832
-0.043409
0.139805
-0.029302
0.117461
0.270944
-0.062944
0.0
0.0
0.0
0.0
0.006667
0.0
0.0
0.533553
1.0
1.0
0.22674
0.0
0.021319

-0.054036
0.221109
0.027256
0.0
0.728598
0.242606
0.060879
0.0
-0.038019
0.0
0.0
0.0
0.006374
0.0
1.0
1.0
1.0
0.067326
0.0
0.0

0.355472
0.088451
0.247636
-0.029302
0.262386
0.0
0.240806
0.0
0.0
0.0
0.0
0.410769
0.0
0.0
0.14
0.812527
1.0
0.0
0.049451
0.067033

0.210199
0.057345
0.00554
0.252275
-0.583483
0.289952
0.0
0.0
-0.203415
0.0
0.0
0.348645
0.0
0.0
0.277875
1.0
1.0
0.098388
0.0
0.008718

-0.213505
0.217036
0.027256
0.0
-0.019103
0.47037
0.0
0.0
0.0
0.0
0.0
0.047399
0.0
0.0
0.21326
1.0
1.0
0.233187
0.014579
0.0

