horns
Left

0.790662
0.636453
0.0349
0.28736
-0.030902
1.0
1.0
0.375604
0.0
0.015458
0.015458
0.914212
0.998315
0.998315
0.395238
1.0
1.0
0.059414
0.0
0.0

0.667911
0.488409
0.012409
0.283182
-0.186634
1.0
0.90337
0.544982
0.0
0.001392
0.001392
0.973407
0.998315
0.998315
0.325788
1.0
1.0
0.075824
0.0
0.0

0.687385
0.336584
0.020903
0.271726
-0.152416
1.0
1.0
0.158169
0.0
0.0
0.0
0.942344
0.998315
0.998315
0.319341
1.0
1.0
0.055311
0.0
0.0

0.647762
-0.061294
-0.056952
0.294571
0.308291
1.0
0.793773
0.21619
0.069377
0.0
0.0
1.0
0.99978
1.0
1.0
1.0
1.0
0.047985
0.0
0.0

0.851338
0.336584
0.0
0.0
0.008305
1.0
1.0
0.559341
0.077875
0.0
0.0
0.683297
1.0
0.999194
0.557582
1.0
0.964322
0.0
0.0
0.0

1.0
0.251805
0.002185
0.131737
-0.036414
1.0
1.0
0.421026
0.065568
0.0
0.013993
0.697363
1.0
0.999194
0.818095
1.0
1.0
0.012527
0.0
0.0

0.851338
0.223641
0.084102
-0.036557
-0.044864
1.0
0.787619
0.730183
0.0
0.043004
0.0
1.0
0.998315
1.0
0.671282
1.0
0.999487
0.175018
0.0
0.0

0.933201
0.086337
0.104433
0.0
0.253081
1.0
1.0
0.991502
0.140879
0.0
0.022491
0.877143
0.759194
1.0
0.84652
1.0
1.0
0.014579
0.0
0.0

0.538248
0.245257
0.111219
0.144722
-0.036414
1.0
1.0
0.459707
0.035971
0.0
0.0
1.0
1.0
0.998608
0.869963
1.0
1.0
0.033919
0.0
0.0

0.937204
-0.058514
0.0
0.0
0.091633
1.0
1.0
0.190989
0.150256
0.0
0.002271
1.0
1.0
1.0
0.891648
1.0
1.0
0.074359
0.002271
0.034799

0.917634
0.06638
-0.051694
0.108048
0.209345
1.0
1.0
0.091648
0.076117
0.0
0.0
0.890183
1.0
0.678901
1.0
1.0
1.0
0.0
0.0
0.040952

0.95005
-0.167168
0.0
0.0
0.108566
1.0
1.0
0.401978
0.140879
0.0
0.0
0.919194
1.0
1.0
0.453553
1.0
1.0
0.188059
0.0
0.0

0.687385
-0.017506
-0.087722
0.0
-0.147908
1.0
0.456777
0.259854
0.15895
0.0
0.0
0.914212
1.0
1.0
0.637582
1.0
1.0
0.029524
0.0
0.0

0.992289
-0.058514
0.0
0.0
0.377712
1.0
0.607839
0.0
0.069377
0.0
0.0
1.0
1.0
1.0
1.0
1.0
1.0
0.012527
0.0
0.0

0.72932
-0.093827
-0.019945
-0.141449
-0.051936
1.0
0.847106
0.190989
0.025128
0.0
0.0
1.0
0.759194
1.0
0.838022
1.0
1.0
0.074359
0.021612
0.0

1.0
-0.033394
0.0
0.130487
0.167162
1.0
1.0
0.178974
0.202654
0.0
0.0
0.632308
1.0
1.0
1.0
1.0
1.0
0.038608
0.0
0.0

0.609475
0.264042
0.0
0.067004
-0.127844
1.0
1.0
0.730183
0.077875
0.000513
0.027766
1.0
1.0
1.0
0.369451
1.0
0.999487
0.059414
0.0
0.0

0.935538
0.258107
0.013961
0.044268
0.209227
1.0
1.0
0.544982
0.022491
0.0
0.0
0.78293
1.0
0.999194
1.0
0.671575
1.0
0.055311
0.00696
0.0

