m
Left

0.653461
0.0
0.0
0.0
0.0
1.0
1.0
0.115092
1.0
0.726667
0.726667
1.0
0.326081
0.326081
1.0
0.564908
0.564908
1.0
1.0
1.0

0.38933
0.0
0.0
0.312402
0.0
1.0
1.0
0.0
1.0
1.0
1.0
1.0
0.898388
0.898388
0.754799
1.0
1.0
1.0
1.0
1.0

0.291677
0.0
0.0
0.184106
0.0
1.0
1.0
0.0
1.0
1.0
1.0
1.0
0.969304
0.969304
0.88652
1.0
1.0
1.0
1.0
1.0

0.747917
0.0
0.0
0.518806
0.0
1.0
1.0
0.0
0.541465
1.0
1.0
0.828205
0.326081
0.9337
1.0
1.0
1.0
0.780293
1.0
0.289744

0.878669
-0.507196
0.0
0.0
0.008411
1.0
1.0
0.295311
1.0
1.0
1.0
0.91011
0.632015
0.760659
1.0
0.968425
1.0
1.0
1.0
0.997729

0.445636
-0.405137
0.0
0.280671
0.0
1.0
1.0
1.0
0.965495
0.886081
1.0
1.0
0.748352
0.836264
0.908938
1.0
1.0
0.538095
1.0
0.520073

0.610929
-0.185965
0.0
0.34461
0.655372
1.0
1.0
0.115092
1.0
0.99978
0.954066
0.828205
0.99978
0.976044
1.0
0.848864
1.0
0.943956
0.258095
1.0

0.525863
0.0
0.0
0.372331
0.0
1.0
1.0
0.118901
1.0
1.0
1.0
1.0
0.633773
0.765641
0.515971
1.0
1.0
0.859267
0.997729
1.0

0.884893
-0.318852
0.0
0.317954
0.121109
1.0
1.0
0.052088
1.0
1.0
1.0
1.0
0.845348
0.898388
0.977143
1.0
0.942051
0.824249
1.0
0.258095

1.0
0.0
0.0
0.0
0.281886
1.0
1.0
0.0
0.676557
1.0
1.0
0.91011
0.885201
0.9337
0.88652
1.0
0.264542
0.739854
1.0
0.28359

0.60913
0.0
0.0
0.312402
0.0
1.0
0.987253
1.0
0.675385
1.0
1.0
0.99978
0.969304
0.80022
0.287399
1.0
1.0
0.943956
0.28359
1.0

0.875032
0.0
0.0
0.518806
0.765861
1.0
1.0
0.170476
1.0
1.0
0.805201
1.0
0.836264
0.957582
1.0
1.0
1.0
0.733993
0.601538
0.362271

0.535926
0.0
0.305166
0.0
-0.24336
1.0
1.0
0.018974
0.760806
1.0
1.0
1.0
0.895751
0.944103
0.385861
1.0
1.0
0.663663
0.684469
1.0

0.747917
0.0
0.0
0.0
0.281886
1.0
1.0
0.0
1.0
0.941465
1.0
1.0
0.645495
0.957582
0.969011
1.0
1.0
0.954945
0.999194
0.289744

1.0
0.0
0.0
0.0
0.0
1.0
1.0
0.050037
0.675385
1.0
0.941465
1.0
0.770916
1.0
1.0
1.0
1.0
0.695897
0.251648
1.0

1.0
-0.198136
0.0
0.320839
0.0
1.0
1.0
0.0
1.0
1.0
1.0
1.0
0.472308
0.760659
0.634066
1.0
1.0
0.739854
0.480513
1.0

0.99618
-0.11742
-0.023225
-0.457256
0.231161
1.0
1.0
0.018974
1.0
0.99978
0.99978
0.77663
0.713333
0.621758
1.0
1.0
0.787033
0.824249
0.123004
1.0

1.0
0.0
0.0
0.139947
0.655372
1.0
1.0
0.0
0.928571
1.0
1.0
1.0
0.621758
0.80022
0.82718
0.195971
0.217949
0.780293
0.434212
0.142637

