open_b
Left

0.444831
0.1505
0.254601
0.423077
0.339491
0.216705
0.0
0.0
0.0
0.0
0.0
0.003443
0.0
0.0
0.0
0.0
0.0
0.019853
0.0
0.0

0.224615
0.146338
0.22845
0.280409
0.202959
0.194838
0.0
0.0
0.0
0.0
0.0
0.0
0.0
0.0
0.0
0.0
0.0
0.0
0.0
0.0

0.394161
0.220319
0.303645
0.433026
0.363902
0.23054
0.0
0.0
0.0
0.0
0.0
0.0
0.0
0.0
0.0
0.0
0.0
0.0
0.0
0.0

-0.207402
-1.095117
-0.287721
-0.113014
0.0
0.324986
0.108352
0.0
0.0
0.0
0.0
0.0
0.0
0.0
0.0
0.01663
0.0
0.0
0.0
0.0

0.217287
-0.137621
0.065096
0.155547
0.187332
0.0
0.0
0.0
0.0
0.0
0.0
0.000806
0.0
0.0
-0.117088
0.002564
0.0
0.00315
0.0
0.0

0.586944
-1.128718
0.254601
0.220892
0.095458
0.0
-0.14451
0.0
0.0
0.0
0.0
0.0
0.0
0.0
0.0
0.0
0.0
0.0
0.0
0.0

0.858394
-0.075441
0.303645
0.167158
0.511069
0.0
-0.124041
-0.056336
0.0
0.0
0.0
0.000806
0.0
0.0
0.0
0.0
0.0
0.0
0.0
0.001685

0.800998
-0.110248
0.055471
0.433026
-0.068594
0.167203
0.038022
0.0
0.0
0.0
0.0
0.0
0.0
0.0
0.008132
0.0
0.0
0.0
0.0
0.0

0.041815
0.005682
-0.287721
0.280409
0.363902
0.120211
-0.187424
0.0
-0.004606
0.0
0.0
0.010769
0.0
0.0
0.0
0.0
0.0
-0.09915
0.0
0.0

0.858394
0.29771
-0.02585
0.157121
-0.071122
0.1016
0.005495
-0.005214
0.0
0.0
0.0
0.0
0.0
0.0
0.036406
0.0
0.0
0.0
0.0
0.0

0.487448
0.220319
-0.071477
-0.245902
-0.115688
0.0
0.023077
0.0
0.013407
0.0
0.0
0.0
0.0
0.0
-0.011659
0.0
0.0
0.0
0.0
0.0

0.676703
-0.062276
-0.332328
0.103519
0.008623
0.324986
-0.146491
-0.055846
0.0
0.0
0.0
0.0
0.0
0.0
0.0
0.0
0.0
0.00696
0.0
0.0

-0.458133
-0.149154
0.066868
0.303892
-0.246616
0.0
0.0
0.0
0.0
0.0
0.0
0.013114
0.0
0.0
0.0
0.0
0.0
0.0
0.0
0.004322

-0.230135
-0.137621
-0.047909
0.187606
0.011952
0.2125
-0.007584
0.0
0.0
0.0
0.0
0.0
0.0
0.0
-0.037823
0.0
0.0
0.00315
0.0
0.0

0.224615
0.566987
-0.454957
0.042876
-0.088452
0.0
0.0
0.0
0.0
0.0
0.0
0.0
0.0
0.0
0.0
0.0
0.0
0.0
0.0
0.0

0.858394
-0.741528
-0.186817
0.157121
0.09944
0.0
-0.000619
-0.042413
-0.063084
0.0
0.0
0.010769
0.0
0.0
0.0
0.0
0.0
0.0
0.0
0.0

0.487448
-0.125616
0.066868
0.054231
-0.367787
0.0
0.0
-0.063463
-0.025952
0.0
0.0
0.082857
0.0
0.0
0.0
0.0
0.0
0.0
0.0
0.0

0.558168
0.573321
-0.232736
0.153191
0.199653
0.278536
0.0
0.082648
-0.254378
0.0
0.0
0.026007
0.0
0.0
0.008132
0.0
0.0
0.006667
0.0
0.0

