open_h
Left

-0.122323
-0.528436
-0.357768
0.0
0.0
0.542442
0.0
0.0
0.338974
0.0
0.0
0.031282
0.0
0.0
1.0
1.0
1.0
1.0
1.0
1.0

-0.281615
-0.240574
-0.112883
0.0
0.0
0.511028
0.0
0.0
0.467912
0.0
0.0
0.060293
0.0
0.0
1.0
1.0
1.0
1.0
1.0
1.0

-0.5251
-0.218088
-0.155229
0.0
0.0
0.348201
0.0
0.062051
0.675385
0.0
0.0
0.43055
0.0
0.0
1.0
1.0
1.0
1.0
1.0
1.0

-0.024583
-0.238236
-0.422631
0.244023
0.000439
0.0
0.0
-0.024598
0.475238
0.0
0.0
0.001685
0.0
0.0
1.0
0.835824
0.835824
1.0
1.0
0.998901

-0.626958
-0.724351
0.003432
0.006785
0.0
0.0
-0.08735
0.0
0.512161
0.0
0.0
0.581612
0.0
0.0
1.0
0.815751
1.0
1.0
1.0
1.0

0.380502
-0.261098
-0.356343
0.0
0.0
0.250647
-0.038878
0.0
0.231429
0.0
0.0
0.454139
0.0
0.0
1.0
1.0
1.0
1.0
1.0
1.0

0.441457
-0.68235
0.318326
0.0
0.0
0.0
-0.046883
0.02924
0.675385
0.0
0.0
0.0
0.0
0.0
1.0
1.0
0.999487
1.0
0.9737
1.0

-0.284885
-0.218088
-0.326885
0.225182
0.0
0.176358
0.027766
0.008132
0.512161
0.0
0.0
0.147619
0.0
0.0
0.99956
0.835824
1.0
1.0
1.0
0.814432

-0.465446
-0.73022
-0.115332
0.178483
0.0
0.511028
0.0
-0.050545
0.64022
0.0
0.0
0.01956
0.0
0.0
1.0
1.0
1.0
1.0
1.0
0.741319

0.019448
-0.63089
-0.072314
0.006785
0.0
0.008704
-0.084143
0.0
0.321978
0.0
0.0
0.299121
0.0
0.0
1.0
0.501612
0.806374
0.924762
1.0
1.0

-0.438053
-0.261098
0.129016
0.0
0.0
0.0
0.005495
0.0
-0.14893
0.0
0.0
0.454139
0.0
0.0
0.865275
1.0
1.0
0.998022
1.0
0.810037

-0.122323
-0.614303
-0.507252
0.0
0.004871
0.111838
0.0
-0.147757
0.340733
0.0
0.0
0.0
0.0
0.0
1.0
1.0
0.964615
1.0
1.0
0.99978

0.450529
-0.550634
0.068987
0.0
0.115927
0.057279
0.030989
-0.021224
-0.013388
0.0
0.0
0.244908
0.0
0.0
1.0
0.999194
1.0
1.0
0.99978
1.0

-0.315454
-0.279294
-0.039466
0.0
0.064453
0.013715
-0.14138
-0.009463
0.444762
0.0
0.0
0.434506
0.0
0.0
1.0
1.0
1.0
0.997143
1.0
0.999194

0.156757
-0.195234
-0.001713
0.0
0.0
0.0
-0.149437
0.0
0.692088
0.0
0.0
0.532088
0.0
0.0
1.0
1.0
1.0
0.998022
0.999707
0.999487

-0.258048
-0.38858
-0.072314
0.0
0.0
0.541388
0.047985
-0.00497
0.147473
0.0
0.0
0.187473
0.0
0.0
0.874066
0.68989
1.0
1.0
0.810037
0.932381

-0.127296
-0.373316
0.318326
0.260793
0.115927
0.0
-0.022311
0.136822
0.692088
0.0
0.0
0.458388
0.0
0.0
1.0
1.0
0.815751
1.0
0.998901
0.999194

0.156757
-0.414464
-0.112883
0.0
0.0
0.348201
0.01663
0.0
0.697509
0.0
0.0
0.060293
0.0
0.0
1.0
0.815751
0.999194
1.0
0.72315
0.998901

