open_8
Left

-0.043314
0.24442
0.0
0.36129
-0.306005
0.461339
0.0
0.0
0.209744
0.0
0.0
1.0
0.043883
0.043883
0.221758
0.0
0.0
-0.126973
0.0
0.0

0.042744
0.073424
0.0
0.408588
-0.159958
0.530177
0.0
0.0
0.308498
0.0
0.0
1.0
0.053553
0.053553
0.195385
0.0
0.0
0.0
0.0
0.0

-0.027422
-0.05936
0.0
0.474219
-0.084409
0.591352
0.0
0.0
0.369451
0.0
0.0
1.0
0.044176
0.044176
0.156557
0.0
0.0
0.0
0.0
0.0

0.106319
0.24442
-0.192091
0.089913
-0.217901
0.963681
0.205055
0.035971
0.316996
0.0
0.0
0.750403
0.46381
0.80989
0.557582
0.0
0.0
-0.180163
0.0
0.0

0.274823
0.073424
-0.002265
0.094962
-0.233622
0.797009
0.234066
0.004029
0.174872
0.0
0.0
1.0
0.534725
0.027179
0.364615
0.0
0.008718
0.0
0.015751
0.0

0.0032
-0.135627
-0.13421
0.100574
-0.104852
0.416056
0.169011
0.0
0.421612
0.0
0.0
1.0
0.225128
0.571355
0.187766
0.0
0.004322
0.0
0.0
0.0

0.604732
0.78984
0.026399
-0.001233
0.184895
0.4228
0.0
0.025128
0.367985
0.0
0.0
1.0
1.0
0.245201
0.566081
0.0
0.0
0.009597
0.0
0.0

0.202404
0.053413
0.0
0.12508
0.317901
0.631946
0.0
0.0
0.325202
0.0
0.12359
0.982491
1.0
0.053553
0.96989
0.0
0.0
0.0
0.0
0.0

0.060034
-0.118342
0.0
0.273706
-0.104852
0.726378
0.233187
0.0
0.002857
0.013993
0.002564
1.0
0.461172
0.027179
0.614432
0.0
0.0
0.071429
0.0
0.0

0.125787
-0.173143
-0.516284
0.087406
0.184895
0.437848
0.05326
0.010183
0.325788
0.0
0.0
0.700733
1.0
0.571355
0.822491
0.0
0.005495
0.031282
0.0
0.0

0.604732
0.323018
-0.275957
0.482611
0.08622
0.277917
0.195531
0.0
0.208278
0.013993
0.0
0.183663
0.027179
0.508352
0.302344
0.05619
0.0
0.047985
0.0
0.0

0.152255
0.749189
-0.420727
-0.084305
-0.048275
0.266003
0.0
0.057949
0.325202
0.0
0.0
0.833333
0.998608
0.289158
0.411941
0.0
0.002857
0.184835
0.0
0.0

-0.027422
-0.266195
0.0
0.36129
-0.232074
0.409276
0.167253
0.0
0.266593
0.0
0.007253
0.705861
0.043883
0.534725
0.80022
0.0
0.0
0.028352
0.0
0.0

-0.119835
0.723511
0.0
0.177582
-0.392619
0.41595
0.308791
0.011062
0.2263
0.0
0.0
0.393187
0.225128
0.46293
0.472308
0.0
0.0
0.0
0.0
0.0

0.395995
-0.077631
-0.00628
-0.084305
0.184895
0.255699
0.0
0.0
0.316996
0.0
0.0
0.750403
1.0
1.0
0.88315
0.0
0.008718
0.031282
0.0
0.0

0.395995
0.071301
0.113025
0.250986
-0.048275
0.958256
0.121538
0.0
0.308498
0.0
0.0
0.705861
0.699121
0.763297
0.245201
0.0
0.0
0.0
0.0
0.0

0.031002
0.623838
-0.089245
0.069785
0.142454
0.062949
0.251941
0.057949
0.209744
0.0
0.0
1.0
0.043883
0.313773
0.498535
0.0
0.0
0.002564
0.0
0.0

0.095551
0.553747
0.0
0.163507
0.114013
0.461339
0.038022
0.0
0.277436
0.0
0.002564
0.982491
0.650476
0.80989
0.287106
0.002271
0.0
0.060586
0.0
0.0

