open_e
Left

-0.048995
-0.043078
0.01838
0.239669
0.500058
0.946064
0.0
0.0
0.206428
1.0
1.0
0.128571
0.998315
0.998315
0.245201
1.0
1.0
0.178974
1.0
1.0

0.013174
0.105177
-0.021089
0.055197
-0.05224
0.843312
0.0
0.0
0.083736
1.0
1.0
0.021319
0.998315
0.998315
0.159634
1.0
1.0
0.192015
1.0
1.0

0.262475
0.042291
-0.052888
0.02431
0.158002
0.968605
0.0
0.0
0.028352
1.0
1.0
0.0
0.998315
0.998315
0.132967
0.955385
0.955385
0.208571
1.0
1.0

0.423101
-0.043078
-0.179299
0.014286
-0.185317
0.578844
0.0
0.0
-0.112837
0.99978
1.0
0.0
0.998608
1.0
-0.144389
1.0
1.0
0.02337
1.0
1.0

0.110856
-0.122855
-0.265925
-0.138954
-0.154296
0.889667
0.029524
0.0
-0.080287
1.0
1.0
0.018388
1.0
1.0
0.08532
1.0
1.0
0.106007
0.998901
1.0

0.262475
0.363456
-0.188274
-0.31053
0.143084
0.687678
0.001685
0.0
-0.1284
1.0
1.0
-0.019406
1.0
1.0
-0.075285
0.942051
0.934066
0.010769
0.497802
1.0

0.047647
-0.418464
0.130429
0.270123
-0.095802
0.845317
0.259121
0.007253
0.0137
1.0
1.0
0.192643
1.0
0.998022
0.698095
1.0
1.0
0.01956
1.0
1.0

0.096294
-0.179747
-0.28764
-0.172624
-0.268652
0.847083
0.232601
0.0
0.010476
1.0
1.0
0.045348
0.99978
0.99978
-0.116464
0.326667
1.0
0.192015
1.0
0.767106

-0.006535
0.393195
-0.101234
-0.156071
0.064579
0.578844
0.091062
0.0
0.102492
1.0
0.759194
-0.031331
0.801832
0.998022
0.071929
0.721099
1.0
0.0
0.869084
0.869084

0.126129
0.1307
-0.28764
0.0
-0.077039
0.987714
0.0
0.0
0.345421
1.0
1.0
0.026886
1.0
1.0
0.498974
0.727253
1.0
0.0
1.0
0.506593

-0.03941
0.393195
-0.221578
-0.189542
-0.101123
0.958328
0.198608
0.0
-0.153666
1.0
1.0
0.046813
1.0
1.0
-0.116464
1.0
1.0
0.085201
0.295897
1.0

0.042791
0.172065
-0.158733
0.158263
-0.591577
0.781465
0.259121
0.004908
1.0
1.0
1.0
0.0
1.0
0.801832
0.0
0.411648
1.0
0.015458
1.0
1.0

0.051374
0.341462
-0.221578
0.030339
-0.100876
0.571309
0.232601
0.0
-0.159334
1.0
1.0
-0.023818
1.0
0.632308
0.035289
1.0
1.0
0.0
0.986007
0.791429

-0.022536
-0.099245
-0.228101
-0.143288
-0.51321
0.63468
0.181026
0.0
0.352161
1.0
0.764176
0.021319
1.0
1.0
-0.029743
1.0
0.456777
0.01956
1.0
0.295897

0.423101
0.0
-0.052888
-0.266327
-0.124987
1.0
0.292234
0.0
-0.088611
1.0
1.0
0.038902
1.0
0.999194
0.037143
1.0
1.0
-0.023782
0.767106
0.769597

0.034061
0.292228
0.130429
0.014286
-0.098943
0.340729
0.259121
0.0
-0.155904
1.0
1.0
0.001099
0.632308
0.970769
-0.025198
1.0
0.721099
0.0
0.348352
1.0

0.036837
0.240129
-0.022512
-0.303935
-0.3683
0.781465
0.029524
0.14967
0.031868
1.0
1.0
0.045348
1.0
1.0
0.188835
1.0
0.908059
-0.230385
1.0
0.783223

-0.020577
-0.23568
-0.031169
-0.27969
-0.17212
0.610748
0.0
0.0
0.013978
1.0
1.0
-0.105808
1.0
1.0
0.0
0.999194
1.0
0.085201
0.629963
0.685348

