q
Left

1.0
-0.047591
0.004241
0.0
0.014124
1.0
0.0
0.0
0.556703
0.067033
0.067033
0.995348
0.998315
0.998315
1.0
1.0
1.0
0.992528
1.0
1.0

1.0
-0.107317
0.0
0.0
0.064507
1.0
0.0
0.0
0.509964
0.028938
0.028938
1.0
0.998315
0.998315
1.0
1.0
1.0
0.963004
1.0
1.0

1.0
-0.041378
0.195394
0.612258
0.75517
1.0
0.0
0.0
0.41326
0.05619
0.05619
0.812234
0.998315
0.998315
0.531502
1.0
1.0
0.590549
1.0
1.0

0.941848
-0.690255
0.0
0.0
0.00114
1.0
0.017802
0.0
0.155238
0.05707
0.040073
1.0
1.0
0.868938
1.0
1.0
1.0
0.855311
1.0
0.99978

1.0
-0.107317
0.131238
0.0
0.125641
0.750335
0.0
0.0
0.556703
0.037729
0.059707
1.0
1.0
0.999194
1.0
1.0
1.0
0.244322
1.0
0.998901

1.0
-0.317939
0.105217
0.0
0.085824
1.0
0.297363
0.0
0.375604
0.035092
0.010183
0.841832
0.999194
1.0
1.0
1.0
0.999487
0.925348
1.0
1.0

0.951412
-0.690255
-0.300734
0.332174
0.700215
1.0
0.230843
0.0
0.217656
0.058535
0.0
0.92066
0.99978
1.0
0.731355
0.999487
1.0
0.253993
1.0
1.0

1.0
-0.476276
0.0
0.0
0.207492
1.0
0.399341
0.0
1.0
0.059414
0.177509
0.931795
1.0
0.998608
0.305275
1.0
1.0
1.0
1.0
1.0

1.0
0.0
0.0
0.096417
0.519176
1.0
0.175751
0.0
0.14674
0.057363
0.023956
0.973113
1.0
0.999194
1.0
1.0
1.0
0.681539
1.0
0.99978

1.0
-0.107317
0.086416
0.251494
0.793596
1.0
0.089597
0.0
0.41326
0.037729
0.023956
0.71348
0.942344
0.998608
0.906593
1.0
1.0
0.855311
1.0
0.997729

1.0
-0.131447
0.0
0.323882
0.0
1.0
0.399341
0.0
0.523297
0.016923
0.016923
0.724322
1.0
0.942344
0.971355
1.0
1.0
0.70293
1.0
1.0

0.942419
0.085846
0.047921
0.0
0.031949
1.0
0.042418
0.0
0.875385
0.001978
0.067033
0.787766
0.814432
0.998608
1.0
0.999194
0.999194
0.959194
1.0
1.0

1.0
-0.89702
0.047921
0.154287
0.04547
1.0
0.165055
0.0
1.0
0.023956
0.06674
0.841832
1.0
1.0
0.931941
1.0
1.0
0.512747
1.0
0.865275

1.0
0.137091
-0.017373
0.096417
0.145913
0.733885
0.181612
0.0
0.381758
0.08315
0.041538
1.0
1.0
1.0
1.0
1.0
1.0
1.0
1.0
1.0

1.0
0.0
0.003286
0.070179
0.369062
1.0
0.425421
0.0
0.173407
0.039194
0.035678
0.608278
1.0
0.99978
0.904982
1.0
1.0
1.0
1.0
1.0

1.0
-0.131447
0.131238
0.0
0.085824
1.0
0.706154
0.0
0.232894
0.0
0.035092
0.240952
0.998022
0.998022
1.0
1.0
0.999487
0.715238
1.0
1.0

1.0
-0.079657
0.202068
0.0
0.438135
1.0
0.089597
0.0
0.0
0.061465
0.016923
0.149084
0.99978
1.0
0.19011
1.0
1.0
0.738535
1.0
1.0

0.942419
-0.047591
0.0
0.308788
0.0
1.0
0.011941
0.0
1.0
0.037729
0.058828
0.71348
0.999194
0.99978
0.974579
1.0
1.0
0.802125
1.0
1.0

