r
Left

0.452212
-0.524241
0.122004
0.262456
0.144385
1.0
1.0
0.079341
0.205348
0.0
0.0
0.0
0.061172
0.061172
0.482271
1.0
1.0
0.881392
1.0
1.0

0.575093
-0.745299
0.144839
0.230644
0.118794
1.0
1.0
0.034799
0.216923
0.0
0.0
0.0
0.102784
0.102784
0.607106
1.0
1.0
0.906886
1.0
1.0

0.433496
-0.72776
0.193079
0.282597
0.111149
1.0
1.0
0.0
0.190696
0.0
0.0
0.0
0.068791
0.068791
0.50044
1.0
1.0
0.913626
1.0
1.0

0.72152
-0.341793
-0.110991
0.262456
0.294221
1.0
1.0
0.146593
0.183663
0.0
0.0
0.0
0.0
0.244615
0.674213
0.999194
1.0
0.315824
0.997582
1.0

0.628909
-0.334907
0.238895
0.147181
0.347893
1.0
1.0
0.149377
0.171062
0.0
0.0
0.012821
0.0
0.041832
0.768425
1.0
1.0
0.901758
1.0
0.999487

0.431055
-0.915823
0.635934
0.168984
0.630121
1.0
1.0
0.292381
0.681832
0.0
0.0
0.006667
0.037729
0.0
0.778681
1.0
1.0
0.190696
1.0
1.0

0.433582
-0.334907
0.734952
0.0
0.270111
1.0
1.0
0.141319
0.113773
0.005788
0.0
0.0
0.0
0.102784
0.651502
1.0
1.0
0.913626
1.0
1.0

0.72152
-0.385341
0.193079
0.047061
0.62995
1.0
0.305275
0.292381
0.681832
0.011648
0.001978
0.055311
0.120806
0.122711
1.0
1.0
1.0
0.900293
1.0
1.0

0.172292
-0.475006
0.466268
-0.039201
0.630121
1.0
1.0
0.394359
0.318169
0.0
0.0
0.268059
0.068791
0.0
1.0
1.0
1.0
0.545861
1.0
1.0

0.373384
-0.147283
0.255156
0.0
0.649582
1.0
1.0
0.308791
0.095751
0.0
0.0
0.093407
0.046227
0.120806
0.782344
1.0
1.0
0.434652
0.999194
0.99978

0.5914
-0.473553
0.181929
0.354443
0.087913
1.0
1.0
0.141026
0.21619
0.0
0.001978
0.0
0.0
0.0
0.957289
1.0
1.0
0.615604
0.998901
1.0

0.644945
-0.304579
-0.018971
0.0
0.122907
1.0
0.365348
0.097802
0.139414
0.0
0.0
0.0
0.03011
0.122711
0.751282
0.719341
1.0
0.371502
0.999194
1.0

0.343828
-0.333979
-0.053596
-0.03494
0.680746
1.0
1.0
0.320513
0.19304
0.0
0.0
0.0
0.0
0.029817
0.674213
1.0
1.0
0.199048
0.999487
1.0

0.462462
-0.44613
0.206867
0.154813
0.347893
1.0
0.515678
0.020147
0.947766
0.0
0.0
0.026886
0.040659
0.03011
0.782344
1.0
1.0
0.606227
1.0
1.0

0.401619
-0.858105
0.03554
0.0
0.62995
1.0
1.0
0.097802
0.668059
0.0
0.011648
0.159927
0.0
0.0
0.838169
1.0
1.0
0.343956
1.0
1.0

0.522644
-0.44613
0.193079
0.0
0.0
1.0
1.0
0.199194
0.157582
0.0
0.0
0.0
0.0
0.013993
1.0
1.0
1.0
0.45619
1.0
0.999487

0.646188
-0.21606
0.426527
0.205603
0.427455
1.0
0.305275
0.0
0.183663
0.0
0.0
0.071722
0.0
0.0
0.865861
1.0
0.999194
0.429524
0.997582
0.99978

0.158168
-0.144428
0.412325
0.0
0.247868
1.0
0.515678
0.444762
0.833919
0.00022
0.0
0.124762
0.0
0.071136
0.528718
1.0
1.0
0.82337
1.0
0.538242

