s
Left

0.586677
0.0
0.0
0.248599
0.200861
1.0
1.0
0.836557
1.0
1.0
1.0
1.0
0.998315
0.998315
0.34718
1.0
1.0
0.585128
1.0
1.0

0.662409
0.0
0.0
0.213253
0.199691
1.0
0.789963
0.467912
1.0
1.0
1.0
1.0
0.998315
0.998315
0.348352
1.0
1.0
0.237289
1.0
1.0

0.581994
0.0
0.0
0.231091
0.18774
1.0
0.841538
0.739267
1.0
1.0
1.0
1.0
0.998315
0.998315
0.353919
1.0
1.0
0.342198
1.0
1.0

0.704966
0.0
0.0
0.0
0.064647
1.0
0.887839
1.0
1.0
1.0
1.0
1.0
1.0
1.0
1.0
1.0
1.0
0.743077
0.998901
0.999487

0.990102
0.0
0.0
-0.001665
0.223353
1.0
0.937363
0.0
1.0
1.0
1.0
1.0
1.0
1.0
0.903517
1.0
1.0
0.95685
1.0
1.0

0.681716
-0.067524
0.022889
0.0
0.116567
1.0
1.0
0.061465
0.733993
1.0
1.0
0.885494
0.99978
0.998608
1.0
1.0
1.0
0.572674
1.0
0.994213

0.756985
-0.186198
0.0
0.0
0.620121
1.0
1.0
1.0
0.83304
1.0
1.0
0.742784
1.0
0.998608
0.448278
1.0
1.0
0.675971
0.994213
0.997729

0.913694
0.0
-0.028428
0.0
0.061669
1.0
1.0
1.0
0.810183
1.0
1.0
1.0
0.998022
1.0
0.348352
1.0
1.0
0.449744
1.0
1.0

0.791138
0.0
0.0
0.0
0.402297
1.0
0.800806
0.061465
0.938975
1.0
1.0
1.0
1.0
1.0
0.832015
0.998315
1.0
0.463517
1.0
0.997729

0.679158
0.0
0.0
0.00353
0.0
1.0
1.0
0.030989
1.0
1.0
1.0
1.0
0.998608
1.0
0.703517
1.0
1.0
0.316264
1.0
0.994213

0.744455
0.0
0.0
-0.048977
0.066404
1.0
0.75348
0.836557
1.0
1.0
1.0
1.0
0.998608
1.0
0.45033
1.0
0.999194
0.425421
0.999194
1.0

0.487521
-0.103614
0.039273
0.009663
0.254654
1.0
1.0
0.739267
1.0
1.0
1.0
1.0
1.0
0.998022
0.912161
0.998315
1.0
0.974579
1.0
0.915092

0.769125
-0.145734
0.0
0.0
-0.327052
1.0
0.553919
0.805641
1.0
1.0
1.0
0.985788
1.0
1.0
1.0
1.0
1.0
0.609451
1.0
1.0

0.636537
-0.103614
-0.028428
0.184224
0.274501
1.0
1.0
0.742051
0.733993
1.0
1.0
0.875824
1.0
0.99978
0.822491
0.999194
1.0
0.200366
1.0
1.0

1.0
0.0
-0.10553
0.269243
0.18774
1.0
1.0
0.230843
1.0
1.0
1.0
1.0
1.0
0.998022
0.639487
1.0
1.0
0.944982
1.0
1.0

1.0
0.0
0.0
0.149587
0.200861
1.0
0.413993
0.544689
1.0
1.0
1.0
1.0
1.0
1.0
1.0
1.0
1.0
0.691648
1.0
1.0

0.7822
0.0
-0.11375
0.0
0.351752
1.0
1.0
0.451648
1.0
1.0
1.0
1.0
0.998608
0.99978
0.612674
0.998315
1.0
0.709377
1.0
0.99978

-0.1856
0.0
0.0
-0.048977
0.223353
1.0
1.0
0.060293
1.0
1.0
1.0
1.0
0.998315
1.0
0.903517
1.0
1.0
1.0
0.980293
1.0

