spread_open_e
Left

-0.067807
0.397066
-0.194864
-0.390616
0.114812
0.288179
0.185128
0.097509
0.038667
1.0
1.0
-0.090647
0.962564
0.962564
0.079414
1.0
1.0
0.336337
0.852967
0.852967

0.026737
0.209131
-0.323324
-0.343931
0.255276
0.397969
0.0
0.0
0.047399
1.0
1.0
-0.002605
0.997143
0.997143
0.114212
1.0
1.0
0.360366
1.0
1.0

-0.356743
0.380233
-0.121143
-0.137447
0.495798
0.032529
0.0
0.036264
0.165228
1.0
1.0
-0.037405
0.998315
0.998315
0.02044
1.0
1.0
0.380293
0.775018
0.775018

0.437091
0.621149
0.65545
-0.18086
-0.23599
0.757423
0.178974
0.0
-0.14617
1.0
0.859707
-0.182972
0.867766
0.501612
-0.045199
0.528132
1.0
0.0
0.729158
1.0

0.048855
0.804243
0.212546
-0.177418
-0.312719
0.333638
0.0
0.0
0.038667
0.920073
1.0
0.028645
0.724908
0.844176
-0.049322
1.0
1.0
0.025421
0.585128
0.445201

0.551407
0.566153
-0.160597
0.590823
0.114812
0.397969
0.215604
0.036264
-0.022863
1.0
1.0
-0.218264
0.998242
1.0
-0.097713
1.0
1.0
0.159141
0.520806
0.652821

0.026737
0.227158
0.145655
-0.390706
-0.44384
0.092163
0.08696
0.022491
-0.089867
1.0
1.0
-0.247488
0.83304
0.995678
-0.154797
1.0
1.0
0.006374
0.324322
0.615897

0.313907
0.470594
-0.008276
0.067553
-0.630488
0.168462
0.025128
0.0
-0.02167
1.0
1.0
-0.099355
0.976044
0.877875
-0.141748
1.0
1.0
0.380293
1.0
0.322271

0.292342
0.659755
-0.140844
-0.137447
-0.450762
0.273145
0.112454
0.0
0.042922
1.0
1.0
-0.090647
0.998608
1.0
0.101027
1.0
1.0
-0.076077
0.371502
0.639341

-0.067807
0.813223
-0.091239
-0.152486
-0.605425
0.333638
0.0
0.022198
-0.130572
0.803736
1.0
-0.099355
1.0
0.765934
-0.132557
1.0
1.0
0.125055
0.56315
0.501319

0.501839
0.659755
0.421019
-0.180524
-0.358295
0.692005
0.0
0.0
-0.14617
1.0
0.803736
-0.146663
1.0
1.0
0.114212
1.0
1.0
0.025421
0.275971
0.275238

-0.273382
0.538693
-0.462713
-0.221104
-0.506195
0.691952
0.091062
0.0
0.017294
1.0
0.99978
-0.218264
0.998901
1.0
-0.124617
0.999194
1.0
0.023077
0.504835
0.371502

0.551407
0.675192
-0.194864
-0.124309
-0.004194
0.487199
0.215604
0.0
-0.000495
1.0
1.0
-0.194989
1.0
0.890183
0.295165
1.0
0.528132
0.159141
0.445201
0.56315

0.033702
0.545997
0.232812
-0.36837
-0.321515
0.89332
0.0
0.022198
-0.072696
0.99978
1.0
0.0
1.0
1.0
-0.049322
1.0
0.641392
0.0
0.371502
0.652821

0.267978
0.695769
0.023698
-0.805293
-0.631326
0.534622
0.16696
0.0
-0.346124
1.0
0.99978
-0.138541
0.682418
1.0
0.02044
1.0
1.0
0.082857
0.358022
1.0

0.47606
0.632858
0.344722
-0.124309
-0.268747
0.174423
0.050916
0.0
-0.130572
0.803736
1.0
-0.045861
1.0
1.0
0.114212
1.0
0.712601
0.050104
1.0
0.901612

0.288278
0.718532
0.049614
0.291057
0.255276
0.356105
0.0
0.06967
-0.000495
1.0
1.0
-0.002605
0.851209
0.665714
0.079414
1.0
1.0
-0.101052
0.350403
1.0

0.292342
0.61644
0.274932
0.009643
-0.051558
1.0
0.11011
0.000806
-0.007978
1.0
1.0
-0.146663
0.998022
0.735458
-0.167735
0.927692
1.0
0.030403
0.275238
0.585128

