stacked_5
Left

0.817363
0.280939
0.397682
0.0
0.0
1.0
0.528865
0.0
0.577216
0.0
0.0
0.42718
0.0
0.0
1.0
0.052674
0.052674
1.0
0.24022
0.24022

0.530416
0.561276
0.450321
0.0
0.0
1.0
0.0
0.0
0.165495
0.0
0.0
0.168132
0.0
0.0
1.0
0.001099
0.001099
1.0
0.231722
0.231722

0.400351
0.658581
0.367082
0.306989
0.0
1.0
0.0
0.0
0.006374
0.0
0.0
0.061172
0.0
0.0
0.752015
0.0
0.0
1.0
0.129157
0.129157

0.421303
0.59394
0.204782
0.330377
0.0
0.952292
0.119927
0.0
0.057652
0.0
0.0
0.00315
0.0
0.0
0.133846
0.043297
0.034505
0.918901
0.292674
0.136777

0.422196
0.222114
0.0
0.122383
0.364498
0.966783
0.357729
0.24022
0.107619
0.0
0.0
0.058242
0.0
0.0
1.0
0.052674
0.014286
1.0
0.176044
0.459414

0.048535
0.082726
0.50804
0.182109
-0.466706
1.0
0.234945
0.0
0.0
0.0
0.0
0.409597
0.051795
0.0
0.629084
0.036557
0.0
0.877143
0.297656
0.747766

0.048535
1.004044
0.242031
0.183622
0.0
0.959328
0.610623
0.0
0.154799
0.0
0.0
0.358022
0.0
0.0
1.0
0.013114
0.001099
0.534725
0.437729
0.385861

0.193147
0.222114
-0.131447
0.089577
-0.466706
0.780857
0.161978
0.001392
0.08022
0.0
0.0
0.112894
0.0
0.0
1.0
0.064982
0.0
0.80696
0.03978
0.016923

-0.358281
0.285136
0.089332
0.122383
0.0
0.859116
0.434506
0.0
-0.033297
0.0
0.0
0.338974
0.0
0.364176
0.88315
0.227766
0.04359
0.717289
0.231722
0.069963

0.461355
0.268194
0.195627
0.048528
-0.012172
1.0
0.528865
0.08989
0.090669
0.0
0.0
0.106365
0.0
0.0
1.0
0.0
0.036557
0.733993
0.0
0.050037

-0.340793
0.358918
-0.020137
0.01658
0.182309
0.921612
0.235531
0.0
-0.004871
0.0
0.0
0.409597
0.0
0.0
0.515824
0.035092
0.0
0.904103
0.437729
0.38293

0.004374
0.007821
-0.040796
0.197751
0.0
1.0
0.236996
0.0
-0.07379
0.0
0.0
0.291795
0.0
0.0
0.752015
0.013407
0.0
0.725201
0.071429
0.437729

-0.011113
0.280939
-0.168836
0.380541
-0.385945
1.0
0.0
0.0
0.053855
0.0
0.0
0.750696
0.0
0.0
0.042711
0.03011
0.070256
0.835971
0.0
0.313773

0.817363
0.292388
-0.080673
0.089013
0.181537
0.679235
0.067033
0.077875
0.175685
0.024835
0.0
0.340733
0.0
0.0
0.48989
0.0
0.052674
0.644322
0.092527
0.129157

0.306097
0.359079
0.078228
0.0
0.0
0.595735
0.234945
0.08022
-0.07379
0.0
0.0
0.636264
0.0
0.0
0.253407
0.044469
0.0
0.630843
0.375898
0.003443

0.411046
0.409792
0.041903
0.089577
0.183346
0.117051
0.0263
0.0
-0.013187
0.0
0.0
0.17175
0.0
0.0
0.173114
0.034505
0.008718
0.943956
0.446813
0.136777

0.125738
0.853256
0.264094
-0.305802
0.045011
0.959328
0.0
0.0
-0.044691
0.0
0.0
0.370916
0.0
0.0
1.0
0.036557
0.052674
0.799634
0.199634
0.545861

0.028707
0.210312
0.18008
0.0
-0.392843
1.0
0.236996
0.0
-0.111515
0.0
0.0
0.338974
0.0
0.0
0.253407
0.052967
0.0
0.964029
0.000513
0.095751

