t
Left

0.393323
0.0
0.0
0.0
0.0
1.0
0.447692
0.0
1.0
1.0
1.0
1.0
0.998315
0.998315
1.0
1.0
1.0
1.0
1.0
1.0

0.155271
0.0
0.0
0.0
0.0
1.0
1.0
0.0
1.0
1.0
1.0
1.0
0.998315
0.998315
1.0
1.0
1.0
1.0
1.0
1.0

0.180707
0.0
0.0
0.0
0.0
1.0
1.0
0.0
1.0
1.0
1.0
1.0
0.932234
0.932234
1.0
1.0
1.0
1.0
1.0
1.0

0.180707
-0.018671
0.0
0.0
0.0
1.0
1.0
0.197729
0.801685
1.0
1.0
0.752747
1.0
1.0
1.0
1.0
1.0
0.939121
0.999487
0.99978

0.477664
-0.032027
0.0
0.0
0.115936
1.0
0.465714
0.0
0.851795
1.0
1.0
0.746886
1.0
1.0
1.0
1.0
1.0
1.0
1.0
1.0

0.802252
0.259599
0.0
0.0
0.499516
1.0
0.448865
0.0
0.933993
1.0
1.0
0.755385
0.47011
1.0
1.0
1.0
1.0
1.0
1.0
1.0

0.802252
0.0
0.0
0.0
0.0
1.0
1.0
0.0
0.99978
0.665421
1.0
0.770037
0.924981
0.866593
1.0
1.0
1.0
1.0
1.0
1.0

0.436593
0.0
0.0
0.0
0.0
1.0
1.0
0.0
0.999487
0.281539
0.894872
0.882857
0.998608
1.0
0.885348
1.0
1.0
0.948498
1.0
0.99978

0.424409
0.000196
0.0
0.0
0.108532
1.0
1.0
0.0
1.0
0.99978
1.0
0.691795
0.998315
1.0
1.0
1.0
1.0
0.954945
1.0
1.0

0.401011
0.0
-0.05993
0.0
0.0
1.0
0.662491
0.067033
1.0
1.0
1.0
1.0
1.0
1.0
1.0
0.857363
1.0
0.794359
1.0
1.0

0.482839
0.0
0.0
0.0
0.0
1.0
0.974872
0.0
0.793919
0.706886
1.0
0.96696
0.998608
0.648425
1.0
1.0
1.0
1.0
1.0
1.0

0.802252
0.0
0.0
0.0
0.108532
1.0
0.361538
0.0
0.651941
1.0
1.0
1.0
0.648425
1.0
0.951136
1.0
1.0
0.8137
1.0
1.0

0.087355
4.4e-05
-0.397797
0.0
0.0
1.0
1.0
0.0
0.858681
0.170476
1.0
0.910696
0.932234
0.998608
1.0
1.0
1.0
1.0
1.0
0.997729

0.343318
0.0
0.0
0.0
0.008792
1.0
1.0
0.0
0.951575
0.665421
1.0
0.751136
1.0
0.99978
1.0
1.0
1.0
1.0
0.998901
1.0

0.368613
0.380377
0.0
0.0
0.0
1.0
1.0
0.0
1.0
1.0
1.0
1.0
1.0
1.0
1.0
0.999487
1.0
0.816777
1.0
0.612088

0.652956
-0.014198
0.0
0.0
0.0
1.0
1.0
0.010769
0.764762
1.0
1.0
1.0
1.0
1.0
1.0
0.999487
1.0
0.82381
1.0
1.0

0.382081
0.0
0.012118
0.0
0.0
1.0
1.0
0.00022
0.933993
1.0
0.281539
1.0
1.0
1.0
1.0
0.712894
1.0
1.0
1.0
1.0

0.336426
0.259599
0.0
0.0
0.0
1.0
0.441538
0.0
0.940879
1.0
1.0
1.0
0.955605
1.0
1.0
1.0
1.0
0.836557
0.998901
1.0

