y
Left

-0.192203
0.0
0.0
0.0
-0.548088
0.027235
0.0
0.0
1.0
1.0
1.0
1.0
0.998315
0.998315
1.0
1.0
1.0
0.227326
0.0
0.0

-0.081998
0.0
0.0
0.0
-0.150795
0.077863
0.0
0.0
1.0
1.0
1.0
1.0
0.998315
0.998315
1.0
1.0
1.0
0.258535
0.0
0.0

-0.011034
0.0
0.0
0.0
-0.284295
0.093221
0.0
0.0
1.0
1.0
1.0
1.0
0.998315
0.998315
1.0
1.0
1.0
0.284908
0.0
0.0

0.060129
0.0
-0.089613
0.0
-0.411914
0.077863
0.010769
0.04652
1.0
1.0
1.0
1.0
0.812528
0.998608
1.0
0.964908
1.0
0.071722
0.0
0.0

0.335648
0.0
0.0
0.0
-0.016833
0.0
0.091102
-0.027256
1.0
1.0
1.0
1.0
1.0
1.0
1.0
0.927692
1.0
0.384982
0.027766
0.0

0.354865
0.0
0.0
0.0
-0.284295
0.0
-0.04259
-0.113991
0.932967
1.0
1.0
1.0
0.99978
1.0
0.940879
1.0
1.0
0.249597
0.00989
0.093114

0.310655
0.0
-0.124898
0.0
-0.206897
0.0
0.017195
-0.022965
1.0
0.797875
1.0
1.0
1.0
1.0
1.0
0.747179
1.0
0.41956
0.0
0.0

0.118673
-0.000423
0.0
0.0
0.0
0.0
0.357143
0.04652
1.0
0.945421
1.0
1.0
0.799634
0.998608
0.961318
1.0
1.0
0.384982
0.0
0.0

0.48828
0.0
0.0
-0.055828
-0.524506
0.0
0.00022
0.0
0.792015
0.92652
0.92652
0.911282
0.826154
0.880513
1.0
1.0
0.70674
0.28696
0.038901
0.0

0.405509
0.0
0.0
0.0
-0.059771
0.027235
0.0
0.0
1.0
1.0
1.0
1.0
0.797875
0.523004
1.0
1.0
1.0
0.407839
0.0
0.0

0.997225
0.0
0.0
0.0
-0.229975
0.0
-0.207314
-0.088993
1.0
1.0
1.0
1.0
1.0
0.998022
0.998608
1.0
0.747179
0.492674
0.0
0.0

0.055418
0.0
0.0
0.0
-0.264403
0.0
-0.035018
-0.030089
1.0
1.0
0.747766
0.99978
1.0
0.998608
1.0
0.69033
0.989084
0.257949
0.0
0.026886

0.392176
0.0
0.0
0.0
-0.485651
0.012651
-0.207314
-0.088642
0.932967
1.0
0.99978
1.0
1.0
0.998608
1.0
0.971355
1.0
0.098095
0.038901
0.0

0.807532
0.0
-0.000359
0.0
-0.160894
0.0
0.010769
0.015348
1.0
1.0
0.726081
1.0
0.99978
0.956923
1.0
1.0
1.0
0.768278
0.0
0.0

0.48828
0.0
0.0
0.0
0.031809
0.093221
0.046112
-0.032166
1.0
1.0
1.0
1.0
0.998022
0.657216
0.673919
1.0
1.0
1.0
0.038608
0.0

0.475561
0.0
0.0
-0.06076
-0.18311
0.0
0.091102
0.0
0.99978
1.0
1.0
0.998242
0.99978
0.657216
1.0
1.0
1.0
0.324322
0.0
0.0

0.118673
0.0
0.0
0.0
-0.218781
0.789474
-0.195628
-0.088642
1.0
0.747766
0.99978
1.0
1.0
0.998022
1.0
0.989084
1.0
0.292088
0.0
0.00989

0.129692
0.0
0.0
0.0
-0.219938
0.0
0.002186
-0.076575
1.0
1.0
1.0
1.0
1.0
0.797875
1.0
0.964908
0.508645
0.249597
0.0
0.0

